8.217940000000000245e-01 -4.621530000000000082e-02
1.039290000000000047e+00 6.083500000000000019e-02
1.120460000000000012e+00 7.455680000000000640e-02
1.022329999999999961e+00 5.147390000000000299e-02
9.042229999999999990e-01 1.169270000000000032e-01
8.788930000000000353e-01 3.780370000000000258e-02
8.435000000000000275e-01 1.685830000000000106e-01
1.008909999999999973e+00 1.497850000000000015e-01
9.672659999999999592e-01 2.435970000000000080e-01
1.149480000000000057e+00 1.962760000000000060e-01
9.886009999999999520e-01 2.473650000000000015e-01
1.032340000000000035e+00 2.176730000000000054e-01
1.000999999999999890e+00 -1.091819999999999943e-02
9.382629999999999582e-01 1.688870000000000093e-01
1.039069999999999938e+00 -1.156539999999999999e-02
1.009870000000000045e+00 2.256559999999999955e-01
9.825469999999999482e-01 2.668209999999999749e-01
9.227619999999999711e-01 4.965379999999999794e-01
9.864199999999999635e-01 3.297450000000000103e-01
1.003249999999999975e+00 2.160539999999999961e-01
1.010899999999999910e+00 1.883229999999999904e-01
1.074980000000000047e+00 1.888390000000000069e-01
9.151749999999999607e-01 2.817000000000000060e-01
8.022869999999999724e-01 2.798769999999999869e-01
9.513019999999999810e-01 3.571059999999999790e-01
9.640389999999999793e-01 3.349090000000000122e-01
9.612439999999999873e-01 2.415380000000000027e-01
8.975670000000000037e-01 3.875939999999999941e-01
9.827690000000000037e-01 2.715009999999999923e-01
9.212240000000000428e-01 4.404230000000000089e-01
8.746530000000000138e-01 3.961529999999999774e-01
9.318659999999999721e-01 5.918550000000000200e-01
7.686119999999999619e-01 3.565189999999999748e-01
8.559729999999999839e-01 4.514659999999999784e-01
9.656350000000000211e-01 1.006510000000000044e-01
8.611990000000000478e-01 2.388260000000000105e-01
8.555089999999999639e-01 3.932689999999999797e-01
9.815559999999999841e-01 4.287659999999999805e-01
8.415660000000000363e-01 3.932359999999999745e-01
9.176260000000000527e-01 4.792810000000000126e-01
8.252500000000000391e-01 4.348190000000000111e-01
8.638679999999999692e-01 5.698370000000000379e-01
8.181779999999999609e-01 5.275210000000000177e-01
8.830149999999999944e-01 6.811340000000000172e-01
7.765119999999999800e-01 4.906420000000000226e-01
8.632689999999999531e-01 5.602700000000000458e-01
9.696970000000000312e-01 5.541610000000000147e-01
1.004410000000000025e+00 7.379409999999999581e-01
7.220029999999999504e-01 6.035490000000000022e-01
7.793710000000000360e-01 3.791169999999999818e-01
8.558970000000000189e-01 5.409310000000000507e-01
7.464129999999999932e-01 7.380870000000000486e-01
9.332639999999999825e-01 5.708670000000000133e-01
7.732970000000000121e-01 6.183739999999999792e-01
8.277870000000000505e-01 5.111890000000000045e-01
8.634279999999999733e-01 8.021040000000000392e-01
9.017330000000000068e-01 6.884820000000000384e-01
7.667199999999999571e-01 8.027769999999999628e-01
7.030499999999999527e-01 7.227230000000000043e-01
7.815710000000000157e-01 5.908980000000000343e-01
5.903620000000000534e-01 8.252190000000000358e-01
7.080410000000000315e-01 7.887440000000000007e-01
6.516309999999999603e-01 7.357289999999999663e-01
5.000740000000000185e-01 7.160180000000000433e-01
6.229200000000000292e-01 6.077360000000000539e-01
5.520749999999999824e-01 7.745290000000000230e-01
7.102619999999999489e-01 5.088030000000000053e-01
5.399620000000000530e-01 8.085740000000000149e-01
6.703040000000000109e-01 7.922289999999999610e-01
7.231440000000000090e-01 6.703240000000000309e-01
7.186669999999999447e-01 7.174559999999999826e-01
6.350409999999999666e-01 7.356000000000000316e-01
5.830710000000000059e-01 7.676530000000000298e-01
6.243450000000000388e-01 9.013870000000000493e-01
5.807799999999999629e-01 7.920310000000000406e-01
7.113920000000000243e-01 8.637320000000000553e-01
5.902330000000000076e-01 8.891980000000000439e-01
5.385760000000000547e-01 6.249019999999999575e-01
6.633480000000000487e-01 9.162029999999999896e-01
7.273420000000000440e-01 7.248040000000000038e-01
5.222329999999999472e-01 7.083180000000000032e-01
3.866769999999999929e-01 8.913830000000000364e-01
6.124380000000000379e-01 8.417470000000000230e-01
4.382409999999999917e-01 1.026189999999999936e+00
4.609599999999999809e-01 8.563460000000000516e-01
4.539960000000000107e-01 9.137170000000000014e-01
5.164990000000000414e-01 9.795490000000000030e-01
4.232819999999999916e-01 8.999139999999999917e-01
4.121879999999999988e-01 7.258400000000000407e-01
4.800829999999999820e-01 8.949960000000000138e-01
3.666340000000000154e-01 1.065339999999999954e+00
4.526569999999999760e-01 9.631859999999999866e-01
6.108409999999999673e-01 9.269610000000000349e-01
4.290619999999999989e-01 7.801979999999999471e-01
4.204140000000000099e-01 8.502199999999999758e-01
3.715860000000000274e-01 9.531110000000000415e-01
3.908539999999999792e-01 9.615850000000000231e-01
1.715270000000000128e-01 8.765190000000000481e-01
3.554849999999999954e-01 1.066489999999999938e+00
4.104949999999999988e-01 1.015889999999999960e+00
5.139399999999999524e-01 9.190749999999999753e-01
2.023729999999999973e-01 1.010189999999999921e+00
2.395140000000000047e-01 8.429619999999999891e-01
5.080599999999999561e-01 8.477459999999999996e-01
3.692320000000000046e-01 9.854119999999999546e-01
1.704140000000000099e-01 8.705760000000000165e-01
3.174609999999999932e-01 9.604949999999999877e-01
1.699229999999999907e-01 8.008650000000000491e-01
3.071920000000000206e-01 9.012879999999999781e-01
1.325089999999999948e-02 1.024499999999999966e+00
2.507619999999999849e-01 1.275779999999999914e+00
8.117779999999999441e-02 9.919649999999999856e-01
6.276099999999999735e-02 1.076610000000000067e+00
2.638329999999999842e-01 1.068810000000000038e+00
2.476859999999999895e-01 1.017600000000000060e+00
1.159160000000000051e-01 1.118759999999999977e+00
1.039209999999999995e-01 1.046550000000000091e+00
1.840440000000000131e-01 9.992100000000000426e-01
6.174930000000000002e-02 9.521880000000000344e-01
7.887349999999999917e-02 9.850060000000000482e-01
-1.315199999999999980e-01 9.770699999999999941e-01
2.146719999999999878e-02 9.089850000000000430e-01
7.637940000000000181e-03 9.685240000000000515e-01
-1.297699999999999965e-01 9.749510000000000121e-01
3.229339999999999988e-02 1.003139999999999921e+00
-3.407790000000000125e-02 9.208089999999999886e-01
-7.752519999999999724e-03 9.693370000000000042e-01
3.904080000000000050e-02 9.677919999999999856e-01
8.129580000000000140e-02 1.155729999999999924e+00
-1.588759999999999895e-01 1.022669999999999968e+00
-9.515510000000000634e-02 9.097809999999999508e-01
-5.551060000000000022e-02 1.228299999999999947e+00
-6.122040000000000121e-02 9.653190000000000381e-01
-1.167720000000000008e-01 1.002559999999999896e+00
-8.182780000000000609e-02 9.571349999999999580e-01
-1.001490000000000019e-01 8.893309999999999826e-01
-1.383630000000000138e-01 9.931109999999999660e-01
-3.154379999999999684e-02 9.838109999999999911e-01
-7.145200000000000162e-02 1.048210000000000086e+00
-2.110120000000000051e-01 9.500979999999999981e-01
-4.694620000000000043e-02 9.589259999999999451e-01
-2.268129999999999868e-01 9.264200000000000212e-01
-1.873329999999999995e-01 8.014170000000000460e-01
-3.051300000000000123e-01 1.055439999999999934e+00
-3.226820000000000244e-01 8.736930000000000529e-01
-2.228489999999999915e-01 9.966089999999999671e-01
-3.266180000000000194e-01 8.765159999999999618e-01
-2.166379999999999972e-01 8.446090000000000542e-01
-3.623660000000000075e-02 9.079209999999999781e-01
-3.365670000000000051e-01 1.060210000000000097e+00
-2.373820000000000097e-01 9.487050000000000205e-01
-2.310020000000000129e-01 8.828359999999999541e-01
-3.316049999999999831e-01 6.802329999999999766e-01
-4.437050000000000161e-01 8.743389999999999773e-01
-2.963759999999999728e-01 1.037220000000000031e+00
-2.688340000000000174e-01 1.016189999999999927e+00
-4.116790000000000171e-01 9.881910000000000416e-01
-3.810180000000000233e-01 9.953670000000000018e-01
-2.480710000000000137e-01 7.252669999999999950e-01
-5.069529999999999870e-01 8.694429999999999659e-01
-2.955579999999999874e-01 7.118259999999999588e-01
-5.023840000000000527e-01 8.322089999999999765e-01
-3.809429999999999761e-01 9.759200000000000097e-01
-5.629699999999999704e-01 8.618289999999999562e-01
-4.476049999999999751e-01 7.854240000000000110e-01
-4.621540000000000092e-01 9.753239999999999688e-01
-4.376169999999999782e-01 8.654159999999999631e-01
-6.538650000000000295e-01 8.714499999999999469e-01
-5.686569999999999681e-01 9.874309999999999476e-01
-4.771929999999999783e-01 9.007659999999999556e-01
-4.375359999999999805e-01 7.305890000000000439e-01
-5.685679999999999623e-01 8.201680000000000081e-01
-4.986590000000000189e-01 7.699690000000000145e-01
-6.503259999999999597e-01 8.441729999999999512e-01
-6.339660000000000295e-01 7.064249999999999696e-01
-4.682870000000000088e-01 7.431699999999999973e-01
-6.672660000000000258e-01 8.573730000000000517e-01
-5.409699999999999509e-01 7.906950000000000367e-01
-5.423189999999999955e-01 8.142829999999999790e-01
-6.589429999999999454e-01 7.839099999999999957e-01
-5.487999999999999545e-01 8.705720000000000125e-01
-7.398759999999999781e-01 6.873460000000000125e-01
-7.645319999999999894e-01 8.434970000000000523e-01
-6.522069999999999812e-01 7.581400000000000361e-01
-7.831270000000000175e-01 5.717480000000000340e-01
-7.205789999999999695e-01 8.078199999999999825e-01
-6.025909999999999878e-01 7.172979999999999912e-01
-6.781740000000000546e-01 7.006550000000000278e-01
-6.244199999999999751e-01 5.057679999999999954e-01
-6.528399999999999759e-01 7.345239999999999547e-01
-8.611529999999999463e-01 8.700409999999999533e-01
-7.475570000000000270e-01 7.852259999999999796e-01
-6.997929999999999984e-01 6.739720000000000155e-01
-7.490109999999999824e-01 8.469219999999999526e-01
-7.654379999999999518e-01 5.758079999999999865e-01
-8.706779999999999520e-01 5.819469999999999921e-01
-6.140069999999999695e-01 6.383910000000000418e-01
-9.607379999999999809e-01 5.407309999999999617e-01
-6.178519999999999568e-01 7.818979999999999819e-01
-8.679550000000000320e-01 4.801619999999999777e-01
-6.885379999999999834e-01 4.304959999999999898e-01
-6.359150000000000080e-01 5.227770000000000472e-01
-8.581830000000000291e-01 6.591869999999999674e-01
-6.593409999999999549e-01 7.039609999999999479e-01
-8.475810000000000288e-01 4.713069999999999760e-01
-8.969179999999999930e-01 3.190049999999999830e-01
-9.403160000000000407e-01 4.474679999999999769e-01
-1.010340000000000016e+00 5.018820000000000503e-01
-7.417380000000000084e-01 5.238789999999999836e-01
-8.127999999999999670e-01 3.474360000000000226e-01
-9.534200000000000452e-01 5.326089999999999991e-01
-1.007689999999999975e+00 5.051139999999999519e-01
-1.004799999999999915e+00 5.145229999999999526e-01
-1.020550000000000068e+00 4.032589999999999786e-01
-7.172479999999999967e-01 4.567880000000000273e-01
-8.719639999999999613e-01 4.529190000000000160e-01
-8.103920000000000012e-01 4.477729999999999766e-01
-7.959789999999999921e-01 4.912489999999999912e-01
-9.289530000000000287e-01 3.018480000000000052e-01
-1.046470000000000011e+00 3.405529999999999946e-01
-9.107340000000000435e-01 3.480940000000000145e-01
-9.753150000000000430e-01 4.144840000000000191e-01
-8.335150000000000059e-01 3.704680000000000195e-01
-9.607010000000000272e-01 3.033899999999999930e-01
-8.243709999999999649e-01 2.830860000000000043e-01
-1.044920000000000071e+00 1.561420000000000030e-01
-9.563500000000000334e-01 2.861460000000000115e-01
-9.408029999999999449e-01 3.092349999999999821e-01
-7.347540000000000182e-01 4.098950000000000093e-01
-1.019980000000000109e+00 1.388439999999999952e-01
-1.173890000000000100e+00 1.476600000000000135e-01
-9.693850000000000522e-01 3.537190000000000056e-01
-9.798639999999999572e-01 2.761270000000000113e-01
-9.036180000000000323e-01 1.602020000000000111e-01
-1.145639999999999992e+00 2.954049999999999732e-01
-1.042040000000000077e+00 1.438639999999999919e-01
-1.055690000000000017e+00 1.323630000000000084e-01
-8.248710000000000209e-01 1.228390000000000037e-01
-1.034329999999999972e+00 1.581549999999999900e-01
-9.148100000000000120e-01 1.337430000000000008e-01
-1.105069999999999997e+00 2.303700000000000105e-03
-8.332319999999999727e-01 1.700240000000000085e-01
-1.008029999999999982e+00 1.529149999999999954e-01
-1.221889999999999921e+00 1.024030000000000079e-02
-1.000399999999999956e+00 1.260270000000000001e-01
-8.742060000000000386e-01 1.051809999999999967e-01
-1.105679999999999996e+00 1.554709999999999981e-01
-1.100190000000000001e+00 1.352430000000000021e-01
-9.885979999999999768e-01 6.830849999999999422e-02
-8.061409999999999965e-01 2.680449999999999847e-02
-1.010180000000000078e+00 1.007369999999999932e-01
-1.081779999999999964e+00 -1.891179999999999944e-02
-9.888270000000000115e-01 6.336569999999999703e-02
-1.046950000000000047e+00 -1.556539999999999868e-01
-1.118570000000000064e+00 -5.612790000000000140e-02
-1.081159999999999899e+00 -1.248619999999999938e-02
-9.855270000000000419e-01 -3.599170000000000147e-02
-9.300040000000000529e-01 -3.159150000000000014e-01
-1.190720000000000001e+00 -1.787980000000000125e-01
-1.108039999999999914e+00 -1.400480000000000058e-01
-1.078419999999999934e+00 -7.047910000000000286e-02
-1.001079999999999970e+00 -7.778880000000000516e-02
-1.201959999999999917e+00 -1.341169999999999862e-01
-9.962739999999999929e-01 -1.719440000000000135e-01
-9.016690000000000538e-01 -1.324690000000000034e-01
-8.278109999999999635e-01 -3.235279999999999823e-01
-9.595620000000000260e-01 -9.891389999999999905e-02
-8.968270000000000408e-01 -7.849949999999999983e-02
-1.083020000000000094e+00 -1.308930000000000093e-01
-9.031230000000000091e-01 -3.136450000000000071e-01
-8.979789999999999717e-01 -4.365480000000000055e-02
-9.711779999999999857e-01 -2.396290000000000087e-01
-8.594910000000000050e-01 -4.464589999999999947e-01
-1.029930000000000012e+00 -2.566060000000000008e-01
-9.665310000000000290e-01 -2.128889999999999949e-01
-7.376439999999999664e-01 -3.426560000000000161e-01
-9.976019999999999888e-01 -2.305349999999999899e-01
-1.340680000000000094e+00 -3.564200000000000146e-01
-8.927890000000000548e-01 -3.857360000000000233e-01
-7.775619999999999754e-01 -4.643129999999999757e-01
-7.666859999999999786e-01 -2.361389999999999878e-01
-8.548649999999999860e-01 -2.646109999999999851e-01
-7.480759999999999632e-01 -3.966459999999999986e-01
-9.896690000000000209e-01 -3.262329999999999952e-01
-8.829129999999999479e-01 -5.608640000000000292e-01
-7.113120000000000553e-01 -4.646029999999999882e-01
-7.714229999999999698e-01 -4.842770000000000130e-01
-9.392350000000000421e-01 -4.047310000000000074e-01
-9.121320000000000539e-01 -5.413909999999999556e-01
-7.538759999999999906e-01 -5.232280000000000264e-01
-9.574749999999999650e-01 -7.390320000000000222e-01
-8.366850000000000120e-01 -5.530610000000000248e-01
-7.462670000000000137e-01 -5.501179999999999959e-01
-8.170629999999999837e-01 -5.874759999999999982e-01
-7.694229999999999681e-01 -6.004119999999999457e-01
-8.869780000000000442e-01 -5.965359999999999552e-01
-8.203430000000000444e-01 -5.722519999999999829e-01
-8.644479999999999942e-01 -7.119539999999999758e-01
-1.053649999999999975e+00 -5.937679999999999625e-01
-9.168500000000000538e-01 -6.125260000000000149e-01
-9.376440000000000330e-01 -6.676229999999999665e-01
-9.142109999999999959e-01 -6.021279999999999966e-01
-5.244640000000000413e-01 -7.119839999999999502e-01
-8.602009999999999934e-01 -6.634740000000000082e-01
-6.558009999999999673e-01 -6.642759999999999776e-01
-8.366069999999999895e-01 -7.304429999999999534e-01
-8.507540000000000102e-01 -6.423119999999999941e-01
-7.290069999999999606e-01 -5.979470000000000063e-01
-7.842559999999999532e-01 -6.712719999999999798e-01
-8.623480000000000034e-01 -9.189910000000000023e-01
-7.684410000000000407e-01 -7.320900000000000185e-01
-7.393769999999999509e-01 -7.861719999999999819e-01
-8.600210000000000354e-01 -7.027269999999999905e-01
-7.850859999999999506e-01 -6.955130000000000479e-01
-7.875389999999999890e-01 -6.428399999999999670e-01
-7.523020000000000262e-01 -6.364290000000000225e-01
-6.494339999999999558e-01 -7.726809999999999512e-01
-5.859910000000000396e-01 -7.714779999999999971e-01
-7.060490000000000377e-01 -7.555840000000000334e-01
-6.239719999999999711e-01 -9.055020000000000291e-01
-4.889499999999999957e-01 -8.590410000000000545e-01
-6.366880000000000317e-01 -8.383119999999999461e-01
-6.101429999999999909e-01 -9.850250000000000394e-01
-7.216139999999999777e-01 -9.915500000000000425e-01
-6.704339999999999744e-01 -9.409140000000000281e-01
-5.176619999999999555e-01 -8.285259999999999847e-01
-5.758609999999999562e-01 -7.049739999999999895e-01
-5.383040000000000047e-01 -7.449670000000000458e-01
-4.796150000000000135e-01 -9.001440000000000552e-01
-6.636879999999999447e-01 -8.221690000000000387e-01
-6.265640000000000098e-01 -9.429750000000000076e-01
-4.456160000000000121e-01 -8.544100000000000028e-01
-5.382689999999999975e-01 -1.109709999999999974e+00
-5.564860000000000362e-01 -7.700639999999999707e-01
-4.175900000000000167e-01 -7.842909999999999604e-01
-4.851190000000000224e-01 -1.010410000000000030e+00
-6.166169999999999707e-01 -9.406820000000000181e-01
-3.900609999999999911e-01 -9.726759999999999851e-01
-5.194710000000000161e-01 -1.105019999999999891e+00
-3.800180000000000224e-01 -9.647809999999999997e-01
-5.433179999999999676e-01 -9.374419999999999975e-01
-4.214910000000000045e-01 -9.240000000000000435e-01
-4.293959999999999999e-01 -9.824549999999999672e-01
-4.129079999999999973e-01 -8.455629999999999535e-01
-4.802040000000000197e-01 -8.457050000000000400e-01
-4.360820000000000252e-01 -7.829390000000000516e-01
-2.972020000000000217e-01 -8.949679999999999858e-01
-5.758790000000000298e-01 -9.178899999999999837e-01
-2.391659999999999897e-01 -9.205520000000000369e-01
-2.283300000000000052e-01 -8.161009999999999653e-01
-1.346259999999999957e-01 -9.553909999999999902e-01
-2.319479999999999875e-01 -9.633199999999999541e-01
-1.458689999999999987e-01 -8.855760000000000298e-01
-2.003010000000000068e-01 -8.765180000000000193e-01
-1.252550000000000052e-01 -9.577639999999999487e-01
-3.416710000000000025e-01 -8.313800000000000079e-01
-4.837090000000000001e-01 -1.085390000000000077e+00
-3.604049999999999754e-01 -9.010040000000000271e-01
-1.046789999999999943e-01 -1.060040000000000093e+00
-1.092359999999999998e-01 -9.094980000000000286e-01
-1.600550000000000028e-01 -1.006019999999999914e+00
-2.161820000000000130e-01 -1.040769999999999973e+00
-1.820340000000000014e-01 -1.185480000000000089e+00
-2.306819999999999982e-01 -9.746529999999999916e-01
-2.535359999999999836e-01 -9.075720000000000454e-01
-7.338949999999999640e-02 -1.119080000000000075e+00
-1.731479999999999964e-01 -1.049139999999999961e+00
-9.135719999999999952e-02 -8.252950000000000008e-01
-6.909350000000000214e-02 -1.067770000000000108e+00
1.945030000000000092e-01 -1.116980000000000084e+00
-1.505850000000000070e-02 -1.165689999999999893e+00
-5.186459999999999682e-02 -1.016000000000000014e+00
-9.699629999999999364e-02 -1.030000000000000027e+00
-1.281499999999999861e-01 -9.163989999999999636e-01
-5.915600000000000025e-02 -1.054459999999999953e+00
4.856150000000000050e-02 -1.149880000000000013e+00
-1.019449999999999940e-01 -1.059099999999999930e+00
2.255679999999999838e-02 -1.003360000000000030e+00
9.507329999999999601e-03 -8.035710000000000353e-01
1.407180000000000097e-01 -1.010010000000000074e+00
1.495819999999999927e-01 -9.728759999999999630e-01
1.702230000000000132e-01 -1.050769999999999982e+00
-1.637730000000000088e-02 -1.078600000000000003e+00
1.469789999999999985e-01 -9.696630000000000527e-01
9.164519999999999611e-02 -1.021819999999999951e+00
2.036139999999999894e-01 -1.105280000000000040e+00
1.309829999999999883e-01 -8.641870000000000385e-01
1.143860000000000016e-01 -1.049600000000000088e+00
6.107379999999999753e-02 -1.068340000000000067e+00
2.341679999999999873e-01 -9.461260000000000225e-01
1.850829999999999975e-01 -9.665350000000000330e-01
4.004119999999999902e-01 -9.602730000000000432e-01
6.487990000000000423e-02 -7.807589999999999808e-01
7.770230000000000192e-02 -8.597569999999999935e-01
3.353149999999999742e-01 -1.155680000000000041e+00
2.757669999999999844e-01 -7.678000000000000380e-01
1.299780000000000102e-01 -9.166509999999999936e-01
9.699040000000000439e-02 -1.005789999999999962e+00
4.173100000000000143e-01 -9.690119999999999845e-01
3.594289999999999985e-01 -1.028299999999999992e+00
2.017309999999999937e-01 -9.469009999999999927e-01
4.704320000000000168e-01 -1.072589999999999932e+00
3.858420000000000183e-01 -1.059709999999999930e+00
2.884999999999999787e-01 -9.934359999999999857e-01
4.685969999999999858e-01 -8.080490000000000173e-01
5.035760000000000236e-01 -9.937810000000000255e-01
2.667709999999999804e-01 -8.467850000000000099e-01
5.053140000000000409e-01 -9.506200000000000205e-01
3.484030000000000182e-01 -9.187300000000000466e-01
4.562910000000000021e-01 -8.945210000000000106e-01
4.131259999999999932e-01 -9.670689999999999564e-01
2.003179999999999961e-01 -8.183350000000000346e-01
4.198319999999999830e-01 -8.255099999999999660e-01
5.004669999999999952e-01 -7.450649999999999773e-01
4.891010000000000080e-01 -8.990510000000000446e-01
5.162400000000000322e-01 -9.118650000000000366e-01
5.067920000000000202e-01 -7.150429999999999842e-01
5.079380000000000006e-01 -8.692050000000000054e-01
3.645419999999999772e-01 -1.082249999999999934e+00
5.816879999999999828e-01 -9.221570000000000045e-01
6.756320000000000103e-01 -7.726680000000000215e-01
4.200119999999999965e-01 -9.689290000000000402e-01
7.361280000000000046e-01 -7.461780000000000079e-01
7.139450000000000518e-01 -6.756180000000000518e-01
5.293809999999999905e-01 -7.609120000000000328e-01
3.398869999999999947e-01 -6.399230000000000196e-01
6.189799999999999747e-01 -6.434600000000000319e-01
5.631969999999999477e-01 -8.812539999999999818e-01
7.150469999999999882e-01 -7.771339999999999915e-01
6.055899999999999617e-01 -7.644079999999999764e-01
6.129829999999999446e-01 -9.642330000000000068e-01
5.814219999999999944e-01 -7.574149999999999494e-01
5.641840000000000188e-01 -6.653080000000000105e-01
5.025570000000000315e-01 -5.885829999999999673e-01
5.496400000000000174e-01 -7.323539999999999495e-01
6.304920000000000524e-01 -8.300030000000000463e-01
7.936100000000000376e-01 -9.129399999999999737e-01
6.657309999999999617e-01 -6.086129999999999596e-01
8.683819999999999872e-01 -6.755579999999999918e-01
6.814010000000000344e-01 -5.714609999999999967e-01
6.773569999999999869e-01 -8.578529999999999767e-01
8.399060000000000414e-01 -5.845609999999999973e-01
8.952909999999999480e-01 -6.135659999999999448e-01
8.246189999999999909e-01 -7.126550000000000384e-01
9.219380000000000353e-01 -5.936209999999999543e-01
7.439719999999999667e-01 -6.677920000000000522e-01
8.157720000000000526e-01 -6.991330000000000044e-01
8.356280000000000374e-01 -6.852289999999999770e-01
5.903519999999999879e-01 -5.313930000000000042e-01
7.375270000000000437e-01 -5.393879999999999786e-01
7.414089999999999847e-01 -6.093929999999999625e-01
7.861080000000000290e-01 -4.964569999999999816e-01
6.917640000000000455e-01 -7.291309999999999736e-01
8.879029999999999978e-01 -5.259979999999999656e-01
9.187480000000000091e-01 -5.676930000000000032e-01
6.937370000000000481e-01 -4.583450000000000024e-01
9.001369999999999649e-01 -5.491179999999999950e-01
9.132099999999999662e-01 -4.764229999999999854e-01
9.644519999999999760e-01 -4.435629999999999851e-01
9.787190000000000056e-01 -8.231979999999999853e-01
8.148159999999999847e-01 -5.933730000000000393e-01
8.865159999999999707e-01 -3.678759999999999808e-01
8.296820000000000306e-01 -7.008199999999999985e-01
8.508499999999999952e-01 -4.180229999999999779e-01
8.329360000000000097e-01 -4.127719999999999723e-01
1.048389999999999933e+00 -4.351630000000000220e-01
9.987559999999999771e-01 -3.204890000000000239e-01
8.954130000000000145e-01 -4.784269999999999912e-01
8.743659999999999766e-01 -3.560969999999999969e-01
9.285539999999999905e-01 -3.118090000000000028e-01
9.417839999999999545e-01 -4.431459999999999844e-01
8.148570000000000535e-01 -3.224009999999999931e-01
8.952569999999999695e-01 -3.054200000000000248e-01
9.309979999999999922e-01 -4.513759999999999994e-01
1.005630000000000024e+00 -6.366140000000000687e-02
1.035130000000000106e+00 -3.810959999999999903e-01
8.544479999999999853e-01 -4.242440000000000100e-01
9.635289999999999688e-01 -2.454939999999999900e-01
8.867429999999999479e-01 -2.744630000000000125e-01
1.004860000000000086e+00 -4.122669999999999946e-01
9.575979999999999492e-01 -1.765239999999999865e-01
9.330209999999999892e-01 -2.424129999999999896e-01
8.471670000000000034e-01 -2.885469999999999979e-01
1.003220000000000001e+00 -1.015120000000000050e-01
9.918099999999999694e-01 -1.373290000000000066e-01
9.243069999999999897e-01 -1.610169999999999935e-01
8.954640000000000377e-01 -1.090870000000000034e-01
8.466529999999999889e-01 -1.987510000000000110e-01
8.976539999999999520e-01 -5.656959999999999766e-02
7.447059999999999791e-01 -3.774779999999999802e-02
1.115169999999999995e+00 -2.219669999999999976e-01
1.072500000000000009e+00 7.788689999999999503e-02
9.452899999999999636e-01 -2.022990000000000066e-01
1.137429999999999941e+00 -1.868589999999999973e-01
9.702699999999999658e-01 -1.293469999999999898e-01
1.193089999999999984e+00 -1.319940000000000002e-01
1.207500000000000018e+00 1.553910000000000013e-01
8.622149999999999537e-01 -1.096039999999999931e-01
8.610229999999999828e-01 -1.111430000000000057e-01
1.002720000000000056e+00 1.344819999999999904e-01
4.969890000000000363e+00 2.048629999999999896e-01
5.065050000000000274e+00 1.505239999999999911e-01
5.039920000000000400e+00 1.810460000000000125e-01
4.895190000000000374e+00 2.962589999999999946e-01
5.012710000000000221e+00 3.028580000000000161e-01
4.908070000000000377e+00 3.204589999999999939e-01
4.963499999999999801e+00 3.731769999999999810e-01
4.957919999999999661e+00 4.317739999999999911e-01
4.931930000000000369e+00 6.026629999999999487e-01
5.006079999999999863e+00 5.002710000000000212e-01
5.105000000000000426e+00 6.136939999999999618e-01
4.899110000000000298e+00 6.485459999999999559e-01
4.930310000000000414e+00 8.507419999999999982e-01
4.795460000000000278e+00 7.721259999999999790e-01
4.898939999999999628e+00 8.054580000000000073e-01
4.841580000000000439e+00 1.082689999999999930e+00
4.935290000000000177e+00 1.009859999999999980e+00
4.780960000000000321e+00 1.111040000000000028e+00
4.751299999999999635e+00 1.091220000000000079e+00
4.830359999999999765e+00 1.280909999999999993e+00
4.918420000000000236e+00 1.158020000000000049e+00
4.776049999999999685e+00 1.213810000000000056e+00
4.838759999999999728e+00 1.375930000000000097e+00
4.670309999999999739e+00 1.379899999999999904e+00
4.745350000000000179e+00 1.554380000000000095e+00
4.906229999999999869e+00 1.686160000000000103e+00
4.756140000000000256e+00 1.557940000000000103e+00
4.685220000000000162e+00 1.670619999999999994e+00
4.779609999999999914e+00 1.780909999999999993e+00
4.513709999999999667e+00 1.883610000000000007e+00
4.718860000000000277e+00 1.811790000000000012e+00
4.622589999999999755e+00 1.712890000000000024e+00
4.669819999999999638e+00 1.992669999999999941e+00
4.634479999999999933e+00 2.077560000000000073e+00
4.479230000000000267e+00 1.969600000000000017e+00
4.547950000000000159e+00 1.901759999999999895e+00
4.419780000000000264e+00 2.380290000000000017e+00
4.588750000000000107e+00 2.118959999999999955e+00
4.605150000000000077e+00 2.516290000000000138e+00
4.534440000000000026e+00 2.193649999999999878e+00
4.365240000000000009e+00 2.599390000000000089e+00
4.389409999999999812e+00 2.368689999999999962e+00
4.338020000000000209e+00 2.713859999999999939e+00
4.390640000000000320e+00 2.662840000000000096e+00
4.195210000000000328e+00 2.534130000000000216e+00
4.242790000000000283e+00 2.804600000000000204e+00
4.219800000000000217e+00 2.688229999999999897e+00
4.146609999999999907e+00 2.915579999999999838e+00
4.061910000000000132e+00 2.782259999999999955e+00
4.071629999999999860e+00 2.923439999999999817e+00
4.117449999999999832e+00 2.923439999999999817e+00
4.008689999999999642e+00 2.998930000000000096e+00
3.919319999999999915e+00 3.008999999999999897e+00
3.851490000000000080e+00 3.078520000000000145e+00
4.024869999999999948e+00 3.071400000000000130e+00
3.664499999999999869e+00 3.342859999999999943e+00
3.534089999999999954e+00 3.316629999999999967e+00
3.710630000000000095e+00 3.188190000000000079e+00
3.500919999999999810e+00 3.314960000000000129e+00
3.597560000000000091e+00 3.282900000000000151e+00
3.468960000000000043e+00 3.465230000000000032e+00
3.575039999999999996e+00 3.524239999999999817e+00
3.809400000000000119e+00 3.618339999999999890e+00
3.637799999999999923e+00 3.437380000000000102e+00
3.663089999999999957e+00 3.716750000000000220e+00
3.344939999999999802e+00 3.570059999999999789e+00
3.349829999999999863e+00 3.765509999999999913e+00
3.359939999999999927e+00 3.678850000000000176e+00
3.329359999999999875e+00 3.663120000000000154e+00
3.123569999999999958e+00 3.677340000000000053e+00
3.022539999999999782e+00 3.841559999999999864e+00
3.299850000000000172e+00 3.959839999999999804e+00
3.148740000000000094e+00 3.885260000000000158e+00
3.105519999999999836e+00 3.866659999999999986e+00
2.956129999999999924e+00 4.155210000000000292e+00
2.845089999999999897e+00 4.086850000000000094e+00
2.698040000000000216e+00 4.023170000000000357e+00
2.922520000000000007e+00 4.166159999999999641e+00
2.871150000000000091e+00 4.150330000000000297e+00
2.620200000000000085e+00 4.246520000000000294e+00
2.529700000000000060e+00 4.231519999999999726e+00
2.638749999999999929e+00 4.038949999999999818e+00
2.448989999999999778e+00 4.345209999999999795e+00
2.455010000000000137e+00 4.366469999999999629e+00
2.465469999999999828e+00 4.296299999999999564e+00
2.388729999999999798e+00 4.432129999999999903e+00
2.312780000000000058e+00 4.462909999999999933e+00
2.344500000000000028e+00 4.387340000000000018e+00
2.160559999999999814e+00 4.575129999999999697e+00
2.100849999999999884e+00 4.428230000000000111e+00
2.093560000000000088e+00 4.522700000000000387e+00
2.089020000000000099e+00 4.596409999999999663e+00
1.828230000000000022e+00 4.651939999999999742e+00
2.086479999999999890e+00 4.543890000000000207e+00
1.810599999999999987e+00 4.558510000000000062e+00
1.797739999999999894e+00 4.630020000000000024e+00
1.900309999999999944e+00 4.741209999999999702e+00
1.630689999999999973e+00 4.697630000000000194e+00
1.757900000000000018e+00 4.935870000000000424e+00
1.603299999999999947e+00 4.801949999999999719e+00
1.622470000000000079e+00 4.744659999999999656e+00
1.467079999999999940e+00 4.785989999999999966e+00
1.404339999999999922e+00 4.887019999999999698e+00
1.471330000000000027e+00 4.596250000000000391e+00
1.186220000000000052e+00 4.891860000000000319e+00
1.291849999999999943e+00 4.710060000000000358e+00
9.707930000000000170e-01 4.865070000000000228e+00
9.644110000000000182e-01 5.064890000000000114e+00
1.001360000000000028e+00 4.969129999999999825e+00
9.279020000000000046e-01 4.984329999999999927e+00
7.589230000000000143e-01 4.750849999999999795e+00
7.411320000000000130e-01 5.032379999999999853e+00
8.734250000000000069e-01 4.944410000000000416e+00
7.735180000000000389e-01 5.038549999999999862e+00
5.920220000000000482e-01 4.939160000000000217e+00
5.675780000000000269e-01 4.785529999999999617e+00
5.676860000000000239e-01 4.946740000000000137e+00
4.840900000000000203e-01 5.019000000000000128e+00
3.440139999999999865e-01 4.856980000000000075e+00
5.038080000000000336e-01 4.909589999999999677e+00
3.396440000000000015e-01 4.806779999999999831e+00
2.584640000000000271e-01 4.983880000000000088e+00
2.190960000000000130e-01 4.977009999999999934e+00
3.651940000000000186e-01 4.935419999999999696e+00
6.673740000000000228e-02 5.210079999999999600e+00
-2.802229999999999999e-02 5.061460000000000292e+00
-1.295149999999999912e-01 5.206889999999999574e+00
-3.944759999999999933e-02 4.965950000000000308e+00
-2.357090000000000019e-01 4.956920000000000215e+00
-3.895020000000000149e-01 5.049870000000000303e+00
-4.697160000000000224e-01 5.090040000000000120e+00
-4.610859999999999959e-01 4.994480000000000253e+00
-4.373670000000000058e-01 5.086929999999999730e+00
-3.305319999999999925e-01 5.048140000000000072e+00
-5.256239999999999801e-01 5.013620000000000410e+00
-6.411769999999999969e-01 5.186280000000000001e+00
-7.183110000000000328e-01 4.983439999999999870e+00
-7.274410000000000043e-01 4.989980000000000082e+00
-9.066159999999999775e-01 5.008300000000000196e+00
-8.246839999999999726e-01 4.892549999999999955e+00
-1.099250000000000060e+00 4.894840000000000302e+00
-9.329520000000000035e-01 4.889730000000000132e+00
-1.054659999999999931e+00 5.005110000000000170e+00
-1.157040000000000068e+00 4.870000000000000107e+00
-1.061369999999999925e+00 4.683460000000000178e+00
-1.330249999999999932e+00 5.047019999999999840e+00
-1.289279999999999982e+00 4.847680000000000433e+00
-1.339320000000000066e+00 4.818559999999999732e+00
-1.421850000000000058e+00 4.900409999999999933e+00
-1.491120000000000001e+00 4.764980000000000437e+00
-1.456369999999999942e+00 4.724149999999999849e+00
-1.686290000000000067e+00 4.894389999999999574e+00
-1.701230000000000020e+00 4.762030000000000207e+00
-1.707510000000000083e+00 4.607739999999999725e+00
-1.671240000000000059e+00 4.641949999999999577e+00
-1.814740000000000020e+00 4.597349999999999604e+00
-1.963799999999999990e+00 4.418709999999999916e+00
-1.964739999999999931e+00 4.823450000000000237e+00
-1.954020000000000090e+00 4.652840000000000309e+00
-2.180419999999999803e+00 4.489720000000000155e+00
-2.267549999999999955e+00 4.514560000000000350e+00
-2.293060000000000098e+00 4.508239999999999803e+00
-2.198230000000000128e+00 4.343420000000000059e+00
-2.213579999999999881e+00 4.476569999999999716e+00
-2.159720000000000084e+00 4.362739999999999618e+00
-2.468129999999999935e+00 4.171520000000000117e+00
-2.684969999999999857e+00 4.374719999999999942e+00
-2.576309999999999878e+00 4.355629999999999669e+00
-2.376560000000000006e+00 4.218329999999999913e+00
-2.578310000000000102e+00 4.349370000000000402e+00
-2.605539999999999967e+00 4.239460000000000228e+00
-2.667120000000000157e+00 4.291319999999999801e+00
-2.692349999999999799e+00 4.155979999999999563e+00
-2.902789999999999981e+00 4.154580000000000162e+00
-2.724009999999999820e+00 4.083840000000000359e+00
-2.951430000000000220e+00 4.114959999999999951e+00
-2.990380000000000038e+00 3.965199999999999836e+00
-2.878400000000000070e+00 4.082449999999999690e+00
-3.216260000000000119e+00 3.747959999999999958e+00
-3.177550000000000097e+00 3.907659999999999911e+00
-3.255279999999999951e+00 3.956620000000000026e+00
-3.157639999999999780e+00 3.827700000000000102e+00
-3.338099999999999845e+00 3.990439999999999987e+00
-3.253200000000000092e+00 3.697929999999999939e+00
-3.253330000000000055e+00 3.649540000000000006e+00
-3.426790000000000003e+00 3.736520000000000064e+00
-3.450099999999999945e+00 3.646090000000000053e+00
-3.576099999999999834e+00 3.525500000000000078e+00
-3.486969999999999903e+00 3.397839999999999971e+00
-3.684299999999999908e+00 3.377650000000000041e+00
-3.630380000000000162e+00 3.479629999999999779e+00
-3.572330000000000005e+00 3.349489999999999856e+00
-3.813050000000000050e+00 3.263939999999999841e+00
-3.849569999999999936e+00 3.094650000000000123e+00
-3.787329999999999863e+00 3.201540000000000052e+00
-3.876370000000000093e+00 3.070580000000000087e+00
-3.803360000000000074e+00 3.077150000000000052e+00
-3.634659999999999780e+00 3.006679999999999797e+00
-3.895890000000000075e+00 2.941889999999999894e+00
-3.948929999999999829e+00 2.980729999999999880e+00
-3.919109999999999872e+00 3.078780000000000072e+00
-4.020360000000000156e+00 2.921170000000000044e+00
-3.977970000000000006e+00 2.850249999999999950e+00
-4.183639999999999581e+00 2.900529999999999831e+00
-4.189869999999999983e+00 2.761699999999999822e+00
-4.092299999999999827e+00 2.788819999999999855e+00
-4.287490000000000023e+00 2.772339999999999804e+00
-4.336100000000000065e+00 2.423579999999999846e+00
-4.165130000000000443e+00 2.551569999999999894e+00
-4.315080000000000027e+00 2.429889999999999883e+00
-4.556969999999999743e+00 2.509949999999999903e+00
-4.456979999999999720e+00 2.289149999999999796e+00
-4.531200000000000117e+00 2.392949999999999910e+00
-4.493680000000000341e+00 2.168340000000000156e+00
-4.502559999999999896e+00 2.349460000000000104e+00
-4.585289999999999644e+00 2.189259999999999984e+00
-4.324760000000000382e+00 2.155170000000000030e+00
-4.604070000000000107e+00 1.987209999999999921e+00
-4.683919999999999639e+00 2.177290000000000170e+00
-4.588639999999999830e+00 1.994720000000000049e+00
-4.707239999999999647e+00 1.734979999999999967e+00
-4.542620000000000324e+00 1.959570000000000034e+00
-4.661749999999999616e+00 1.942150000000000043e+00
-4.675720000000000098e+00 1.781579999999999941e+00
-4.687579999999999636e+00 1.574449999999999905e+00
-4.583719999999999573e+00 1.468069999999999986e+00
-4.909469999999999779e+00 1.508809999999999985e+00
-4.751909999999999634e+00 1.410420000000000007e+00
-5.144940000000000069e+00 1.455300000000000038e+00
-4.827890000000000015e+00 1.134260000000000046e+00
-4.918210000000000193e+00 1.092289999999999983e+00
-4.761510000000000353e+00 1.155860000000000110e+00
-4.856950000000000323e+00 1.306140000000000079e+00
-4.838809999999999611e+00 1.039639999999999898e+00
-5.054359999999999964e+00 7.234669999999999712e-01
-4.885720000000000063e+00 7.946210000000000218e-01
-5.150879999999999903e+00 7.697859999999999703e-01
-4.907720000000000304e+00 8.493709999999999871e-01
-4.835890000000000022e+00 8.295700000000000296e-01
-4.865230000000000388e+00 7.619740000000000402e-01
-4.823760000000000048e+00 5.885350000000000303e-01
-5.083960000000000257e+00 6.139259999999999717e-01
-4.888620000000000410e+00 3.702159999999999895e-01
-5.090150000000000396e+00 3.439610000000000167e-01
-5.113400000000000389e+00 4.277270000000000238e-01
-4.965160000000000018e+00 3.085049999999999737e-01
-5.094210000000000349e+00 3.134959999999999969e-01
-4.903019999999999712e+00 3.891180000000000194e-01
-5.078999999999999737e+00 1.382720000000000060e-01
-4.871950000000000003e+00 4.841779999999999695e-02
-5.033579999999999721e+00 1.585459999999999925e-01
-4.758320000000000327e+00 -4.570769999999999694e-02
-4.790339999999999598e+00 -6.438130000000000241e-02
-5.079250000000000043e+00 -1.175950000000000051e-01
-5.013230000000000075e+00 -2.542599999999999860e-01
-5.200239999999999974e+00 -3.244830000000000214e-01
-5.017820000000000391e+00 -3.669399999999999884e-01
-4.990079999999999849e+00 -4.181099999999999817e-01
-5.179710000000000036e+00 -6.630260000000000042e-01
-4.932120000000000282e+00 -6.821139999999999981e-01
-4.899750000000000050e+00 -5.917459999999999942e-01
-4.951710000000000278e+00 -3.604069999999999774e-01
-4.996610000000000440e+00 -9.037659999999999583e-01
-4.776909999999999989e+00 -8.864579999999999682e-01
-4.827280000000000015e+00 -1.110740000000000061e+00
-4.802439999999999820e+00 -1.047309999999999963e+00
-4.953000000000000291e+00 -9.471279999999999699e-01
-4.894669999999999632e+00 -1.154809999999999892e+00
-5.046289999999999942e+00 -1.145289999999999919e+00
-4.891169999999999796e+00 -1.315720000000000001e+00
-4.887220000000000120e+00 -1.015479999999999938e+00
-4.821229999999999905e+00 -1.436539999999999928e+00
-4.926949999999999719e+00 -1.432439999999999936e+00
-4.912130000000000329e+00 -1.452169999999999961e+00
-4.779149999999999565e+00 -1.692299999999999915e+00
-4.589809999999999945e+00 -1.668020000000000058e+00
-4.747020000000000017e+00 -1.743689999999999962e+00
-4.699399999999999800e+00 -1.656269999999999909e+00
-4.730839999999999712e+00 -1.844309999999999894e+00
-4.654889999999999972e+00 -1.595469999999999944e+00
-4.727190000000000225e+00 -1.809889999999999999e+00
-4.650339999999999918e+00 -1.668320000000000025e+00
-4.639479999999999826e+00 -2.111689999999999845e+00
-4.536609999999999587e+00 -1.992860000000000076e+00
-4.480400000000000382e+00 -1.968320000000000070e+00
-4.588219999999999743e+00 -2.193890000000000118e+00
-4.491760000000000197e+00 -2.051419999999999799e+00
-4.452770000000000117e+00 -2.138419999999999987e+00
-4.525990000000000180e+00 -2.358410000000000117e+00
-4.355129999999999946e+00 -2.464929999999999843e+00
-4.430889999999999773e+00 -2.427010000000000112e+00
-4.281649999999999956e+00 -2.423420000000000130e+00
-4.430819999999999759e+00 -2.513049999999999784e+00
-4.285330000000000084e+00 -2.462909999999999933e+00
-4.250259999999999927e+00 -2.739230000000000054e+00
-4.375210000000000043e+00 -2.685070000000000068e+00
-4.355529999999999902e+00 -2.728509999999999991e+00
-4.318450000000000344e+00 -2.661890000000000089e+00
-4.069799999999999862e+00 -2.712380000000000013e+00
-4.117370000000000196e+00 -2.912290000000000045e+00
-4.145179999999999865e+00 -2.979600000000000026e+00
-3.930250000000000021e+00 -2.994590000000000085e+00
-3.972449999999999815e+00 -3.118510000000000115e+00
-3.889479999999999826e+00 -3.099849999999999994e+00
-3.879070000000000018e+00 -3.125579999999999803e+00
-3.772549999999999848e+00 -3.192299999999999915e+00
-3.924609999999999932e+00 -3.138529999999999820e+00
-3.966990000000000016e+00 -3.311259999999999870e+00
-3.581550000000000011e+00 -3.376090000000000035e+00
-3.699500000000000011e+00 -3.430169999999999941e+00
-3.648159999999999847e+00 -3.472100000000000186e+00
-3.416389999999999816e+00 -3.415669999999999984e+00
-3.556729999999999947e+00 -3.358379999999999921e+00
-3.319990000000000219e+00 -3.481739999999999835e+00
-3.604109999999999925e+00 -3.692750000000000199e+00
-3.313779999999999948e+00 -3.507709999999999884e+00
-3.352970000000000006e+00 -3.648099999999999898e+00
-3.297839999999999883e+00 -3.883420000000000094e+00
-3.298989999999999867e+00 -3.480630000000000113e+00
-3.307259999999999867e+00 -3.980820000000000025e+00
-3.209000000000000075e+00 -3.891799999999999926e+00
-3.121960000000000068e+00 -3.849120000000000097e+00
-3.086939999999999795e+00 -3.830140000000000100e+00
-2.997360000000000024e+00 -3.934169999999999945e+00
-3.058689999999999909e+00 -4.010810000000000208e+00
-2.814160000000000217e+00 -3.878350000000000186e+00
-3.003659999999999997e+00 -4.075899999999999856e+00
-2.778859999999999886e+00 -4.105669999999999931e+00
-2.732559999999999878e+00 -4.206089999999999662e+00
-2.667129999999999779e+00 -3.988579999999999792e+00
-2.667850000000000055e+00 -4.133890000000000065e+00
-2.687330000000000219e+00 -4.362930000000000419e+00
-2.577500000000000124e+00 -4.249369999999999870e+00
-2.483699999999999797e+00 -4.337620000000000253e+00
-2.456539999999999946e+00 -4.363789999999999836e+00
-2.273489999999999789e+00 -4.429680000000000284e+00
-2.547320000000000029e+00 -4.448870000000000324e+00
-2.441699999999999982e+00 -4.365770000000000373e+00
-2.126100000000000101e+00 -4.420659999999999812e+00
-2.064830000000000165e+00 -4.690579999999999750e+00
-2.090590000000000170e+00 -4.347520000000000273e+00
-2.122370000000000090e+00 -4.484359999999999680e+00
-2.023200000000000109e+00 -4.476499999999999702e+00
-1.923999999999999932e+00 -4.522059999999999746e+00
-1.866090000000000027e+00 -4.683639999999999581e+00
-1.763859999999999983e+00 -4.650360000000000049e+00
-1.748089999999999922e+00 -4.739489999999999981e+00
-1.483989999999999920e+00 -4.486559999999999881e+00
-1.663019999999999943e+00 -4.693190000000000417e+00
-1.591879999999999962e+00 -4.661769999999999747e+00
-1.629469999999999974e+00 -4.697589999999999932e+00
-1.386500000000000066e+00 -4.785149999999999793e+00
-1.384519999999999973e+00 -4.764230000000000409e+00
-1.348610000000000086e+00 -4.868949999999999889e+00
-1.427789999999999893e+00 -4.854790000000000383e+00
-1.275609999999999911e+00 -4.986799999999999677e+00
-1.201480000000000103e+00 -4.873969999999999914e+00
-1.043590000000000018e+00 -4.825899999999999856e+00
-1.029160000000000075e+00 -4.811009999999999565e+00
-9.019009999999999527e-01 -5.053460000000000285e+00
-7.488420000000000076e-01 -4.770889999999999631e+00
-8.107240000000000002e-01 -4.938839999999999897e+00
-6.246000000000000441e-01 -4.972610000000000419e+00
-7.633590000000000098e-01 -4.843040000000000234e+00
-8.321979999999999933e-01 -4.899869999999999948e+00
-5.935789999999999678e-01 -5.035280000000000200e+00
-5.219970000000000443e-01 -4.991109999999999935e+00
-4.928130000000000011e-01 -5.075470000000000148e+00
-4.029400000000000204e-01 -5.046100000000000030e+00
-3.415529999999999955e-01 -4.956050000000000288e+00
-3.840419999999999945e-01 -5.102280000000000371e+00
-2.567019999999999857e-01 -4.988030000000000186e+00
-4.540179999999999771e-01 -4.876960000000000406e+00
-2.434270000000000045e-01 -4.870820000000000149e+00
1.977480000000000071e-01 -5.019449999999999967e+00
-1.695069999999999910e-01 -4.933080000000000354e+00
5.552870000000000028e-02 -5.011519999999999975e+00
2.951059999999999794e-01 -4.978850000000000442e+00
2.334050000000000014e-01 -4.903570000000000206e+00
2.074110000000000120e-01 -4.914679999999999715e+00
4.267029999999999990e-01 -5.207559999999999967e+00
3.385480000000000156e-01 -5.053040000000000198e+00
4.927329999999999766e-01 -5.014490000000000336e+00
3.616949999999999887e-01 -5.089290000000000092e+00
6.860500000000000487e-01 -4.988859999999999850e+00
6.595879999999999521e-01 -5.099660000000000082e+00
5.969839999999999591e-01 -5.075389999999999624e+00
5.998390000000000111e-01 -5.030610000000000248e+00
8.886870000000000047e-01 -4.969129999999999825e+00
9.427740000000000009e-01 -5.110000000000000320e+00
1.005980000000000096e+00 -4.993360000000000021e+00
1.079609999999999959e+00 -5.002600000000000158e+00
1.220739999999999936e+00 -4.749390000000000001e+00
1.180220000000000047e+00 -4.912510000000000154e+00
1.141369999999999996e+00 -5.004489999999999661e+00
1.269959999999999978e+00 -4.628759999999999764e+00
1.351439999999999975e+00 -4.899060000000000414e+00
1.314289999999999958e+00 -4.923619999999999663e+00
1.404020000000000046e+00 -4.771569999999999645e+00
1.561059999999999892e+00 -4.889759999999999884e+00
1.818240000000000078e+00 -4.668309999999999960e+00
1.783800000000000052e+00 -4.655079999999999885e+00
1.828389999999999960e+00 -4.761980000000000324e+00
1.836729999999999974e+00 -4.685529999999999973e+00
1.758650000000000047e+00 -4.612020000000000231e+00
1.608600000000000030e+00 -4.584279999999999688e+00
1.939640000000000031e+00 -4.720690000000000275e+00
1.892060000000000075e+00 -4.750210000000000043e+00
2.143079999999999874e+00 -4.562540000000000262e+00
1.996680000000000010e+00 -4.329019999999999868e+00
2.019899999999999807e+00 -4.803889999999999993e+00
2.264920000000000044e+00 -4.529060000000000308e+00
2.355789999999999829e+00 -4.381099999999999994e+00
2.219339999999999868e+00 -4.237829999999999764e+00
2.422369999999999912e+00 -4.538389999999999702e+00
2.222809999999999953e+00 -4.436759999999999593e+00
2.519989999999999952e+00 -4.338980000000000281e+00
2.656149999999999789e+00 -4.272359999999999935e+00
2.545100000000000140e+00 -4.141060000000000407e+00
2.701810000000000045e+00 -4.085589999999999833e+00
2.747440000000000104e+00 -4.207150000000000389e+00
2.920139999999999958e+00 -4.281559999999999810e+00
2.762090000000000156e+00 -4.202309999999999768e+00
2.891900000000000137e+00 -4.136650000000000382e+00
2.952189999999999870e+00 -4.042650000000000077e+00
2.848090000000000011e+00 -3.912290000000000045e+00
2.907449999999999868e+00 -4.195780000000000065e+00
3.013869999999999827e+00 -3.782230000000000203e+00
2.971080000000000165e+00 -3.888389999999999791e+00
2.978040000000000020e+00 -3.949819999999999887e+00
3.243900000000000006e+00 -3.755999999999999783e+00
3.195069999999999855e+00 -3.856689999999999952e+00
3.520739999999999981e+00 -3.621970000000000134e+00
3.500779999999999781e+00 -3.716070000000000206e+00
3.507940000000000058e+00 -3.731110000000000149e+00
3.334740000000000038e+00 -3.691959999999999908e+00
3.620509999999999895e+00 -3.767259999999999831e+00
3.445939999999999781e+00 -3.596290000000000209e+00
3.624369999999999870e+00 -3.447839999999999794e+00
3.466310000000000002e+00 -3.645280000000000076e+00
3.460809999999999942e+00 -3.474439999999999973e+00
3.460399999999999920e+00 -3.170850000000000168e+00
3.675279999999999880e+00 -3.233509999999999884e+00
3.805899999999999839e+00 -3.248880000000000212e+00
3.684569999999999901e+00 -3.193020000000000191e+00
3.719599999999999795e+00 -3.150150000000000006e+00
3.757969999999999811e+00 -3.297750000000000181e+00
3.915989999999999860e+00 -3.084210000000000118e+00
3.832269999999999843e+00 -3.023530000000000051e+00
4.071500000000000341e+00 -2.893180000000000085e+00
4.180329999999999657e+00 -2.908240000000000158e+00
4.084279999999999688e+00 -2.916399999999999881e+00
4.024119999999999919e+00 -2.844609999999999861e+00
4.282049999999999912e+00 -2.634110000000000174e+00
4.085820000000000007e+00 -2.777800000000000047e+00
4.429210000000000313e+00 -2.709360000000000213e+00
4.329629999999999868e+00 -2.531080000000000219e+00
4.239480000000000359e+00 -2.672239999999999949e+00
4.384610000000000340e+00 -2.521469999999999878e+00
4.432190000000000296e+00 -2.379449999999999843e+00
4.478150000000000297e+00 -2.386709999999999887e+00
4.300180000000000113e+00 -2.423700000000000188e+00
4.272240000000000038e+00 -2.443569999999999798e+00
4.539559999999999818e+00 -2.223419999999999952e+00
4.466389999999999638e+00 -2.080630000000000202e+00
4.464649999999999785e+00 -2.185649999999999871e+00
4.545609999999999928e+00 -2.254799999999999915e+00
4.415140000000000065e+00 -1.948420000000000041e+00
4.567999999999999616e+00 -1.919149999999999912e+00
4.628280000000000172e+00 -2.072169999999999845e+00
4.586579999999999657e+00 -1.653559999999999919e+00
4.493409999999999904e+00 -1.779090000000000060e+00
4.645690000000000097e+00 -1.763540000000000108e+00
4.679590000000000138e+00 -1.694960000000000022e+00
4.811689999999999579e+00 -1.696790000000000020e+00
4.870960000000000178e+00 -1.552049999999999930e+00
4.862459999999999560e+00 -1.512559999999999905e+00
4.708050000000000068e+00 -1.411259999999999959e+00
4.842929999999999957e+00 -1.377590000000000092e+00
4.991929999999999978e+00 -1.309169999999999945e+00
4.730000000000000426e+00 -1.405810000000000004e+00
4.808099999999999596e+00 -1.218190000000000106e+00
4.844509999999999650e+00 -1.258070000000000022e+00
4.848189999999999777e+00 -1.193850000000000078e+00
5.101689999999999614e+00 -8.723509999999999875e-01
4.883589999999999876e+00 -1.073299999999999921e+00
4.849269999999999747e+00 -8.905880000000000463e-01
4.985289999999999999e+00 -6.844930000000000181e-01
5.062969999999999970e+00 -7.751179999999999737e-01
5.111170000000000435e+00 -6.687650000000000539e-01
4.972520000000000273e+00 -6.667140000000000288e-01
4.786400000000000432e+00 -6.468000000000000416e-01
5.020990000000000286e+00 -5.543550000000000422e-01
4.989729999999999777e+00 -3.839090000000000003e-01
4.937999999999999723e+00 -3.361729999999999996e-01
5.051520000000000010e+00 -2.589150000000000063e-01
5.034580000000000055e+00 -3.322939999999999783e-01
5.250750000000000028e+00 -2.481269999999999865e-01
5.033310000000000173e+00 -1.142969999999999958e-01
5.070009999999999906e+00 -1.272850000000000092e-01
6.971619999999999706e+00 4.952790000000000248e+00
7.281600000000000072e+00 5.026950000000000252e+00
6.926339999999999719e+00 4.901720000000000077e+00
7.034729999999999706e+00 5.086669999999999803e+00
7.046700000000000408e+00 4.902689999999999770e+00
6.972839999999999705e+00 4.944239999999999746e+00
6.967270000000000074e+00 5.078430000000000000e+00
7.083700000000000330e+00 4.965700000000000003e+00
7.001129999999999853e+00 4.993019999999999570e+00
7.003339999999999677e+00 4.924590000000000245e+00
7.037899999999999601e+00 1.844950000000000090e+00
7.003079999999999750e+00 1.706320000000000059e+00
6.920219999999999594e+00 1.903990000000000071e+00
6.976060000000000372e+00 1.942460000000000075e+00
7.113710000000000200e+00 1.861660000000000093e+00
7.056149999999999700e+00 1.819569999999999910e+00
7.109790000000000276e+00 2.174910000000000121e+00
6.987219999999999764e+00 2.004859999999999864e+00
7.006450000000000067e+00 1.974650000000000016e+00
7.070750000000000313e+00 2.156280000000000197e+00
7.105540000000000411e+00 -2.913229999999999986e+00
7.165420000000000122e+00 -3.219079999999999941e+00
6.958050000000000068e+00 -3.009370000000000100e+00
7.065610000000000390e+00 -2.931200000000000028e+00
7.052130000000000010e+00 -3.021250000000000213e+00
7.060200000000000031e+00 -3.145709999999999784e+00
6.977170000000000094e+00 -3.009250000000000203e+00
7.000239999999999796e+00 -3.001910000000000078e+00
7.054009999999999891e+00 -3.043629999999999836e+00
6.938119999999999621e+00 -2.915810000000000013e+00
