391 600 528 349 442 665 257 457
627 413 432 491 649 436 456 457
721 719 600 539 574 649 406 618
375 436 591 357 486 414 474 220
323 430 593 483 500 569 412 528
419 327 461 557 534 499 739 541
598 724 371 396 674 420 503 607
589 675 650 607 423 579 531 367
642 581 505 477 380 520 547 417
616 390 288 604 460 487 416 339
626 431 666 581 469 391 427 379
709 516 615 373 518 618 466 603
392 364 538 462 564 302 571 760
498 503 518 314 543 339 457 624
426 550 601 528 363 467 696 297
472 445 512 575 661 473 581 550
547 444 400 390 424 532 576 532
445 681 652 465 418 513 627 533
556 479 546 654 476 514 525 528
359 312 398 517 555 447 638 486
502 481 513 570 567 410 652 390
508 473 395 492 426 507 540 647
531 439 461 514 509 646 640 464
445 244 445 402 465 539 518 497
520 487 520 177 473 489 466 478
570 440 720 569 499 479 491 408
490 528 558 558 473 358 433 661
590 537 424 500 374 445 475 464
596 358 413 363 376 512 340 575
475 507 532 457 603 481 559 480
529 528 525 403 544 468 563 285
353 536 686 584 432 331 574 492
559 512 503 796 499 484 488 442
599 465 564 528 622 542 379 367
641 439 368 433 626 358 413 433
375 382 348 454 465 432 335 625
367 528 393 567 596 412 308 570
688 542 516 582 577 417 434 561
486 632 430 575 534 487 618 568
400 564 637 487 475 433 499 569
418 365 462 362 552 457 324 465
481 545 485 687 448 494 490 472
514 554 634 343 449 455 594 464
310 509 497 518 396 672 468 481
410 407 378 461 404 706 311 387
460 567 459 568 401 506 674 403
542 521 275 441 613 514 379 569
452 536 538 388 579 399 369 412
465 511 423 574 525 431 589 616
490 479 323 459 471 525 483 524
653 447 451 369 499 598 325 433
504 585 538 533 478 548 601 329
573 490 447 256 362 670 431 392
454 425 512 652 441 515 385 652
519 392 590 620 516 336 679 531
617 445 460 511 611 514 374 526
663 507 513 374 360 436 467 510
517 660 506 606 496 645 313 440
598 483 593 539 595 561 567 649
599 599 502 442 434 575 256 369
404 475 237 626 560 698 606 603
725 443 350 477 418 474 395 557
551 497 531 486 575 507 473 593
626 634 401 447 330 476 542 487
693 459 391 557 515 555 530 524
288 427 441 465 455 541 560 387
569 559 547 358 544 508 596 678
659 511 500 563 388 355 453 622
467 650 221 341 488 589 493 490
488 324 616 432 609 493 607 534
489 523 353 501 672 631 401 551
525 582 509 477 633 522 626 597
468 483 693 519 424 380 597 516
421 567 516 334 559 633 756 503
523 661 517 528 437 361 591 373
614 421 527 463 617 530 696 392
541 505 528 660 559 385 553 458
453 605 440 462 503 595 558 477
473 384 424 435 485 699 432 470
295 560 342 409 604 290 510 580
653 408 438 680 497 426 428 403
456 609 589 383 521 460 578 484
537 484 281 505 373 575 432 439
499 558 483 664 665 672 477 352
622 458 504 563 340 663 587 535
589 556 512 469 426 529 536 608
520 415 342 487 497 490 347 607
607 418 581 595 504 405 661 538
475 577 662 450 569 694 388 445
440 484 479 530 418 438 530 515
587 541 577 386 462 685 539 575
527 543 477 857 460 496 258 611
445 494 447 486 472 496 495 485
483 631 588 589 427 626 613 445
652 432 316 610 488 598 425 374
623 359 344 307 221 396 283 496
276 391 733 535 505 338 475 505
339 513 619 465 480 296 360 606
434 407 431 494 384 513 364 577
394 632 499 415 591 363 445 500
488 299 408 517 368 627 550 449
478 686 594 538 358 663 605 485
445 481 380 453 576 319 469 511
510 382 382 609 378 601 452 608
458 383 586 498 645 589 477 455
502 519 412 584 460 458 446 523
431 513 777 495 457 333 505 389
462 515 327 516 530 370 461 317
658 533 482 484 613 491 533 652
465 391 418 643 509 450 597 600
452 403 343 321 474 411 686 506
306 642 516 570 568 530 552 524
389 537 602 479 555 542 682 475
471 488 490 273 436 530 499 420
434 464 420 449 446 590 602 593
543 429 596 469 502 634 508 525
359 549 402 601 482 276 464 477
549 567 467 601 183 429 389 375
596 583 422 618 510 458 431 422
547 565 524 295 530 557 433 504
314 377 468 469 535 381 466 451
553 642 672 343 495 389 494 542
508 495 648 572 473 502 587 561
457 322 382 515 321 485 455 600
368 307 458 563 607 409 547 389
425 557 572 400 547 313 480 387
419 372 555 555 431 538 526 487
716 416 501 462 463 516 471 414
512 618 594 520 426 519 608 619
536 464 480 577 569 324 566 571
411 424 424 432 358 531 421 493
450 526 399 525 539 583 697 291
532 429 307 584 633 461 521 494
543 588 534 535 626 484 592 418
661 574 460 289 500 382 530 645
516 482 534 529 264 524 562 474
598 487 577 727 490 306 466 327
561 631 570 532 436 658 575 528
520 511 545 439 653 515 560 457
537 272 388 497 368 744 333 535
666 548 469 445 567 420 488 569
469 509 470 403 619 639 468 473
482 554 409 491 526 564 222 540
535 601 447 448 620 344 663 756
548 581 351 431 606 536 482 523
551 471 497 496 395 532 680 673
352 557 568 459 404 368 456 535
484 439 375 535 607 407 545 312
434 573 388 440 642 427 415 558
695 476 577 635 533 473 412 357
611 518 633 599 438 381 541 437
538 427 414 486 593 531 618 377
394 491 717 567 393 492 522 443
561 484 470 626 329 404 418 415
427 549 610 592 398 489 545 524
631 432 516 461 525 392 407 427
444 655 618 479 517 341 482 516
615 533 543 530 527 360 458 643
582 549 507 566 406 342 462 554
511 601 535 504 633 613 490 390
409 484 463 666 332 494 393 512
538 460 553 480 482 458 565 514
657 627 555 284 352 599 452 523
437 552 596 379 419 334 523 333
463 552 706 537 625 526 531 479
462 617 537 534 439 465 707 493
633 448 580 529 460 565 346 557
579 527 631 493 485 536 587 557
477 400 566 421 418 435 506 420
386 434 482 545 507 392 523 532
455 420 420 447 721 411 527 429
449 429 580 538 487 550 574 415
555 428 584 574 540 479 447 474
577 432 505 325 526 396 368 552
521 456 470 727 481 480 565 509
599 528 576 544 565 496 522 473
560 365 573 600 574 490 551 422
584 390 559 553 541 455 576 316
578 519 605 520 684 406 561 411
487 574 563 708 465 629 475 430
338 516 448 585 447 452 535 672
391 602 587 478 568 472 737 489
508 467 331 474 523 650 549 481
506 533 462 568 663 464 621 588
554 511 534 478 684 428 613 655
468 617 514 506 493 339 555 644
430 585 491 391 600 669 421 522
356 496 549 675 656 664 447 475
334 428 355 537 430 390 464 382
531 528 468 427 366 556 523 546
469 478 644 440 469 574 530 295
331 434 591 567 552 563 403 560
408 595 449 528 313 365 609 569
378 629 391 502 452 408 617 668
518 653 472 511 513 384 550 571
483 331 537 348 419 513 423 525
477 337 517 559 601 463 494 350
696 651 497 488 207 604 556 581
459 453 376 578 625 612 519 467
395 430 547 472 664 615 440 378
445 607 448 555 443 534 553 599
643 631 447 485 383 476 502 460
450 603 591 540 372 520 462 632
320 444 441 453 596 265 479 585
598 445 432 535 515 507 120 387
414 564 356 395 485 371 564 461
683 437 442 580 434 651 548 470
484 785 549 515 487 604 348 482
217 447 585 638 561 564 328 432
647 448 486 419 407 453 434 596
522 602 361 623 502 684 495 351
628 486 285 515 523 608 141 615
453 693 328 555 541 458 423 463
465 375 599 391 602 321 482 484
498 596 480 454 480 598 379 398
304 703 384 311 419 439 647 454
529 321 521 335 469 424 506 563
366 386 519 569 642 453 351 519
421 408 641 562 427 498 491 517
459 310 402 447 503 392 519 462
424 373 545 542 580 555 562 538
324 472 357 637 499 627 397 491
526 467 519 648 397 236 660 421
612 565 478 538 386 509 559 423
462 531 632 500 457 485 616 436
470 437 480 521 603 288 556 411
559 624 600 516 583 406 493 652
421 520 463 480 541 473 500 450
317 519 544 638 487 361 425 554
492 528 465 687 673 407 591 530
501 414 662 617 354 638 496 440
402 594 540 413 419 461 449 553
538 436 334 367 587 401 511 324
540 692 367 555 527 592 487 527
518 557 416 519 581 617 550 387
345 541 399 584 471 601 713 494
488 601 606 670 520 437 501 438
524 413 590 570 514 503 480 631
619 515 414 382 529 436 548 461
577 521 600 277 477 722 250 584
542 629 483 619 622 520 384 591
403 486 595 609 465 563 346 453
647 634 567 486 585 498 517 509
422 573 393 578 404 428 216 484
519 583 631 351 598 454 493 489
455 411 528 581 374 498 437 610
549 651 345 603 516 427 549 657
660 582 401 531 534 624 484 502
435 567 478 519 453 505 392 516
440 570 685 585 388 464 339 501
323 380 610 586 348 455 546 539
337 526 439 620 480 536 489 567
423 567 621 684 658 446 558 581
559 575 542 445 521 585 546 390
412 459 480 516 402 579 314 553
551 564 193 365 465 517 492 419
628 532 461 401 507 626 504 497
507 512 477 403 653 564 712 550
477 405 467 385 710 498 579 596
608 755 490 482 516 575 518 473
428 423 527 400 319 512 616 566
498 540 335 431 668 618 429 675
428 418 654 631 441 495 466 550
657 553 489 365 578 378 481 596
581 584 570 515 530 509 548 554
513 551 432 469 523 692 553 487
478 574 490 564 551 375 547 547
580 416 609 483 699 675 439 363
570 418 615 553 355 578 514 541
652 487 576 440 443 478 438 557
368 583 424 538 381 548 608 501
655 486 541 407 544 443 428 658
373 489 571 523 315 560 362 456
476 208 489 567 483 518 726 613
506 759 436 552 342 540 489 506
537 528 393 462 501 357 580 688
530 447 270 348 534 626 478 351
413 443 307 469 589 332 444 298
418 485 602 546 382 509 467 499
480 531 518 587 512 669 552 648
572 433 624 618 213 445 644 605
354 586 673 561 352 422 540 478
628 573 696 602 555 469 640 501
397 505 491 401 583 486 540 422
484 577 475 463 718 532 573 575
510 553 403 645 625 519 501 376
603 474 561 356 563 482 501 358
568 439 495 580 491 699 410 524
541 398 509 481 523 545 640 529
555 650 342 474 504 344 508 264
571 352 375 552 333 705 512 490
620 492 524 484 450 537 553 373
412 434 497 535 716 528 483 429
599 499 534 500 555 548 537 500
509 538 308 497 598 452 291 361
508 428 513 498 453 409 520 507
488 587 520 440 464 494 512 634
669 453 398 446 542 583 459 409
538 562 603 436 533 337 489 572
648 530 476 359 523 563 601 524
404 555 669 474 420 467 499 448
571 543 467 498 346 532 361 472
454 547 456 495 650 343 511 586
437 502 364 339 572 467 369 453
560 555 605 450 437 533 600 463
596 467 704 328 653 350 622 509
455 409 407 568 546 481 497 413
487 589 409 552 454 347 606 363
454 607 421 594 455 491 688 614
509 435 503 665 717 438 644 342
559 537 604 417 515 314 437 498
519 779 449 502 385 311 590 591
362 331 436 667 351 568 513 470
440 524 469 460 479 611 521 507
638 473 643 432 553 468 493 436
470 430 540 418 554 735 344 263
401 574 429 558 595 475 588 273
583 580 490 600 644 693 694 506
486 492 233 570 735 557 358 401
406 666 550 564 535 389 406 568
509 314 579 642 501 468 637 480
439 346 451 687 616 512 499 599
510 374 514 518 501 526 431 516
340 408 476 560 470 544 602 742
471 436 504 520 555 581 472 573
508 623 472 514 527 613 500 396
330 603 564 666 509 509 518 446
430 544 618 560 452 542 518 444
378 417 620 525 439 508 561 446
423 322 609 559 567 556 297 511
545 507 265 488 474 604 490 448
448 572 567 479 460 270 296 416
486 421 349 496 498 631 464 477
428 760 564 417 303 371 408 364
488 398 339 564 346 245 594 679
504 569 567 736 401 455 456 505
479 492 514 698 527 583 567 536
473 580 325 654 567 510 499 522
581 546 637 671 609 351 448 598
713 441 560 623 511 378 696 413
426 527 506 408 668 552 591 496
499 632 448 464 547 590 591 406
392 415 588 588 532 530 335 532
343 583 468 524 479 492 389 483
494 521 554 548 527 435 370 400
418 585 608 420 384 338 438 542
391 619 537 607 420 571 389 569
644 643 447 412 483 657 364 349
295 509 330 619 664 486 739 523
450 448 643 579 297 312 353 441
370 424 418 388 712 642 678 668
493 511 407 515 400 340 423 587
510 560 502 408 552 509 632 635
470 512 410 414 442 549 448 655
547 473 602 427 436 635 369 485
462 427 599 586 568 502 564 300
460 504 441 519 738 511 541 520
380 351 338 528 296 564 480 545
367 655 494 311 623 373 378 380
469 559 556 752 434 454 364 390
612 450 545 503 395 418 312 480
508 470 599 368 505 400 538 410
581 564 533 526 529 533 553 465
388 496 551 551 673 450 359 446
458 420 396 486 493 396 386 537
547 418 483 550 513 656 366 344
572 535 445 609 436 551 482 422
458 617 461 651 516 475 400 568
521 492 510 488 380 565 686 670
511 475 508 438 528 537 380 467
587 590 374 610 471 497 484 289
542 339 583 370 606 523 561 428
319 402 532 546 414 633 498 336
527 423 582 522 515 471 612 409
534 504 397 492 405 704 602 337
455 561 617 587 690 513 628 384
587 479 485 638 597 483 755 626
456 258 528 461 437 450 515 631
402 493 480 418 528 677 562 507
456 505 328 494 481 548 595 575
487 448 437 422 438 488 378 544
489 417 436 584 590 739 557 432
428 539 581 641 413 510 384 538
399 646 422 561 515 505 320 491
402 441 549 772 690 552 539 465
400 544 456 676 715 714 436 449
379 565 415 440 411 444 665 253
553 419 734 583 398 439 443 615
669 515 486 604 503 547 522 421
636 441 694 618 519 376 668 532
589 648 388 536 462 532 546 334
477 509 375 426 512 569 485 430
400 464 420 560 525 435 523 733
575 525 572 626 348 457 438 435
711 551 612 530 775 299 452 456
465 591 509 565 604 523 573 456
436 411 508 405 393 565 407 557
468 442 591 599 521 641 332 608
420 477 536 431 496 457 477 710
314 479 539 387 483 530 536 582
610 467 509 358 495 355 501 582
541 509 581 607 417 619 424 455
573 518 498 517 631 507 575 572
709 638 570 572 517 484 499 502
455 459 494 468 481 483 591 579
602 625 428 503 530 544 551 642
445 523 378 542 341 536 624 562
394 423 562 489 282 642 519 357
523 721 485 484 436 565 525 581
427 573 382 550 421 504 344 510
498 347 673 562 391 399 475 443
491 283 669 428 621 483 745 586
606 620 508 515 487 536 508 536
421 458 555 502 548 567 589 549
477 413 616 431 500 662 421 473
512 321 393 625 545 583 526 305
398 277 564 771 343 607 609 519
363 413 298 487 522 582 480 415
431 487 530 639 705 499 392 623
756 425 450 488 502 432 361 561
486 613 554 602 506 570 427 550
601 633 471 560 631 344 464 559
472 435 544 454 508 346 454 529
491 497 533 611 477 499 509 453
423 586 385 561 480 467 534 549
397 498 457 427 292 586 590 384
490 378 465 437 636 364 322 465
471 697 424 648 551 666 528 339
408 555 412 739 317 437 547 502
453 645 508 608 458 604 523 338
379 613 500 615 573 388 381 490
517 430 551 479 424 526 436 355
657 303 334 583 526 443 694 461
489 502 561 569 636 453 495 470
367 467 533 511 643 520 401 448
418 440 491 576 586 409 542 493
465 433 426 447 604 594 583 273
624 530 587 483 518 633 601 407
421 545 520 411 494 432 558 727
409 544 542 480 462 465 354 302
414 440 575 390 448 607 580 548
610 765 490 561 487 482 410 669
519 653 538 413 502 565 522 318
502 461 459 363 689 598 417 478
629 337 658 536 548 484 544 696
511 431 448 604 528 524 445 641
513 419 325 378 541 412 297 416
485 559 247 495 590 413 442 520
401 409 488 518 557 502 500 525
413 290 410 451 418 386 606 417
463 558 544 427 411 493 431 487
414 542 359 479 529 529 742 477
514 491 691 601 693 442 517 505
385 534 401 605 479 348 444 505
675 587 509 588 517 411 541 586
805 530 452 593 569 658 575 329
494 629 671 417 478 566 459 474
591 601 614 550 399 486 401 449
558 517 721 526 541 497 577 667
517 652 490 608 492 490 298 320
488 575 496 416 404 575 398 584
570 650 746 475 489 645 495 344
423 539 379 702 630 407 415 514
458 490 568 480 643 587 602 385
357 498 679 622 574 625 389 356
630 439 420 561 475 488 534 517
337 453 572 431 468 471 245 510
439 559 526 421 547 451 431 354
544 485 448 343 610 472 534 531
363 569 475 480 306 623 510 478
431 494 564 492 547 391 317 422
464 396 493 473 311 574 477 385
348 728 451 287 354 508 426 475
496 497 496 482 661 464 611 521
595 556 614 754 492 544 690 524
236 455 464 513 436 732 718 337
408 606 419 459 421 641 493 626
442 580 474 519 457 474 491 525
578 405 368 626 704 596 631 463
562 543 517 415 338 624 578 434
535 454 593 553 655 513 492 504
780 569 511 591 477 536 602 242
368 376 466 465 546 567 647 468
461 453 411 520 378 615 527 582
662 273 487 440 546 584 543 514
483 593 503 670 449 683 382 527
508 430 365 593 500 596 679 568
596 462 643 653 557 478 505 516
547 499 471 483 501 623 407 307
348 523 528 617 749 484 606 442
611 529 381 533 553 539 473 648
615 569 431 461 583 671 604 482
517 624 371 360 606 514 407 482
466 551 488 544 659 520 490 450
453 490 603 580 353 688 446 446
483 706 564 523 442 518 728 587
456 466 561 596 385 539 572 626
380 731 459 456 450 559 407 674
454 513 388 448 299 497 490 324
481 550 635 409 318 488 679 468
453 608 462 464 432 512 498 516
510 344 565 361 470 625 560 653
452 444 618 515 708 408 573 564
619 562 571 518 599 454 593 689
431 572 544 407 511 591 577 414
528 548 592 506 444 612 393 437
577 533 515 420 592 558 695 570
362 511 491 484 480 516 426 341
541 609 546 530 423 586 303 704
445 571 454 511 466 300 563 393
385 451 471 535 449 768 346 467
549 609 563 585 431 560 630 549
739 494 467 328 456 551 590 640
522 443 368 482 397 480 361 465
437 602 383 331 578 651 577 486
414 479 461 380 501 629 585 535
494 402 609 356 286 494 458 465
573 554 566 609 373 675 415 531
687 663 641 498 354 393 468 432
428 476 436 448 509 401 572 595
454 501 652 580 662 577 603 443
497 424 508 554 524 350 421 382
531 461 527 293 510 398 571 577
556 594 581 448 355 571 532 272
329 371 492 360 566 449 655 543
487 542 407 645 605 525 693 353
581 620 550 484 294 609 457 493
599 599 384 401 429 569 608 550
456 486 639 388 578 489 549 503
603 553 507 726 625 527 578 512
431 328 706 456 559 626 456 472
552 553 503 394 629 576 518 580
176 506 458 304 554 402 642 486
567 442 582 642 343 562 335 489
526 391 467 650 590 603 663 468
600 440 625 387 417 675 561 533
482 462 493 491 568 670 416 518
581 472 582 362 730 534 496 429
473 574 739 370 490 388 379 509
450 533 569 375 447 472 283 474
372 478 495 312 389 539 589 690
535 434 408 373 603 364 422 487
628 561 486 563 692 466 614 562
625 515 431 396 481 399 357 734
407 452 513 680 567 639 517 503
521 623 411 441 593 640 355 452
550 560 619 645 459 611 413 606
482 545 579 589 538 533 374 545
435 451 541 659 599 493 481 429
506 268 488 436 483 349 459 650
519 388 454 513 271 736 526 526
578 556 644 670 418 306 330 720
392 651 393 630 629 523 436 615
445 656 441 639 431 426 570 502
564 779 408 465 514 395 335 408
574 429 430 549 399 592 693 529
545 429 528 548 373 404 419 521
447 519 451 610 482 399 663 707
577 546 497 544 393 385 558 381
682 421 555 376 498 542 457 437
473 631 601 611 604 652 581 272
564 545 478 353 432 467 587 572
384 561 308 457 498 575 474 556
530 549 566 472 588 655 484 274
566 502 548 420 454 506 483 495
451 487 568 554 374 521 427 537
619 582 434 509 538 546 414 553
532 404 536 455 410 460 405 428
648 370 578 547 652 700 485 532
506 390 456 777 542 344 563 605
571 354 526 337 475 221 316 533
610 488 568 688 399 563 625 518
540 550 456 626 372 460 513 594
389 593 488 601 717 595 533 535
564 561 415 525 556 405 489 361
236 480 468 653 357 560 519 607
457 561 401 545 514 451 614 514
570 656 632 608 480 535 555 585
558 445 476 480 462 577 322 439
469 626 402 552 512 434 708 571
450 618 504 382 204 565 541 412
351 425 448 546 528 459 326 377
660 456 624 591 334 577 396 406
580 446 345 384 460 567 351 503
664 367 447 452 404 581 489 491
647 527 493 493 422 621 455 502
295 564 642 625 396 560 505 438
552 567 545 549 491 665 415 540
366 490 525 517 568 420 419 373
417 431 415 362 532 472 515 460
716 302 440 348 570 437 527 376
503 485 445 804 528 312 718 483
387 428 594 608 548 426 569 527
518 508 475 515 447 566 524 694
381 625 410 442 490 656 412 604
599 622 438 583 503 548 458 306
520 579 593 537 465 425 582 591
496 526 519 451 589 646 333 553
542 484 402 675 482 674 588 506
483 519 553 518 459 610 666 498
516 575 466 290 515 608 370 284
560 400 360 382 533 631 363 521
530 521 563 498 357 524 604 474
417 581 447 474 583 557 737 461
614 413 712 646 577 366 554 431
574 517 483 696 417 449 574 443
446 594 593 696 563 609 505 478
519 447 617 421 581 708 494 629
539 510 586 569 553 504 433 669
531 586 715 602 398 391 704 335
429 570 532 355 513 703 413 345
436 513 460 603 617 638 596 477
447 506 604 414 533 604 615 564
392 477 492 312 411 643 456 352
549 619 324 482 412 419 402 524
491 639 395 651 503 511 418 543
639 412 613 431 454 526 496 490
499 703 516 391 378 471 690 757
595 378 407 381 409 261 557 438
686 541 573 320 450 378 336 558
506 345 631 562 436 556 516 439
427 571 532 350 576 374 446 584
484 589 691 428 562 587 625 513
410 347 574 602 599 566 396 595
309 578 394 388 358 314 591 365
532 651 386 564 387 445 403 427
563 510 361 370 636 341 648 421
505 522 452 557 476 412 421 467
659 502 439 377 496 446 280 552
578 553 683 541 470 556 583 492
527 489 638 629 478 423 491 335
578 590 398 586 479 689 736 479
349 629 678 579 504 613 387 610
430 481 630 627 485 436 514 411
621 433 399 588 536 440 446 478
410 518 480 336 458 643 407 441
460 489 362 422 481 562 550 524
525 403 308 359 535 547 402 667
664 414 509 608 649 523 452 558
551 672 577 550 496 554 284 527
565 340 395 312 553 582 358 470
400 555 403 411 542 733 419 432
470 559 519 436 454 445 390 600
463 551 438 511 607 648 597 410
354 497 550 671 492 580 528 378
565 487 587 363 582 488 449 658
582 580 486 384 372 467 361 453
496 465 520 271 579 488 557 463
486 389 524 429 525 586 516 696
542 495 520 517 564 441 535 407
515 566 588 463 621 479 380 512
573 430 364 500 490 421 633 582
601 371 472 452 462 602 443 436
603 680 630 410 296 423 487 532
449 615 558 501 359 616 496 323
623 690 478 398 611 643 571 293
436 409 557 647 501 485 352 367
500 643 451 442 391 373 596 475
582 316 464 650 384 398 487 499
529 488 506 501 408 455 366 519
411 554 552 290 583 568 511 281
312 579 449 529 217 548 426 423
598 464 535 414 695 419 579 447
515 480 474 469 409 539 522 494
632 583 430 512 605 487 502 460
452 587 522 563 516 454 394 466
556 544 340 680 436 491 521 667
416 419 401 522 556 517 685 466
521 322 263 552 552 384 494 560
469 418 493 699 581 456 590 527
508 534 534 369 526 465 495 407
539 520 497 527 536 592 356 668
507 462 589 494 666 521 598 504
467 570 650 622 566 585 603 603
613 304 432 579 573 300 475 341
372 505 436 451 457 524 582 405
483 529 470 574 504 620 393 749
440 640 614 669 580 430 204 426
608 524 397 378 383 452 485 653
529 441 538 420 650 349 559 365
458 564 544 479 510 345 349 555
678 583 525 600 514 590 540 512
342 537 536 577 487 533 449 657
449 443 505 333 412 339 665 541
446 402 708 338 502 632 437 401
368 583 429 404 325 434 579 562
495 442 428 351 536 511 491 530
578 559 301 466 530 494 439 477
678 633 508 461 552 594 535 394
505 516 390 515 562 556 634 366
525 450 586 602 366 464 403 490
495 631 549 605 596 395 505 595
639 575 329 545 494 571 430 509
468 628 562 475 438 458 668 480
703 518 385 613 295 511 733 669
643 596 621 417 581 538 637 666
455 355 504 651 357 478 305 433
537 496 416 649 458 309 695 607
531 404 394 513 515 356 400 548
374 610 461 614 443 568 524 669
435 708 645 433 442 536 576 403
378 326 653 498 323 472 582 540
689 520 470 529 653 566 487 395
485 369 542 541 401 420 583 496
554 441 420 470 382 442 595 436
657 595 589 534 429 391 386 520
740 548 650 485 442 580 451 471
510 393 526 486 370 504 571 419
731 373 413 559 506 404 571 384
576 623 565 519 434 406 575 577
442 520 705 460 543 538 567 675
625 416 522 281 464 309 364 532
720 548 677 279 382 420 427 598
394 406 430 275 455 540 474 502
518 448 457 476 511 447 378 533
338 428 452 404 417 556 673 342
457 508 510 334 510 500 550 383
495 412 528 668 581 453 526 518
368 714 558 598 421 376 448 510
483 396 575 441 642 481 464 483
490 529 384 686 577 633 379 541
594 648 325 411 465 536 387 623
399 304 515 455 506 486 640 567
490 365 455 453 347 578 361 361
425 385 460 357 463 472 537 526
478 534 473 637 426 443 500 424
629 563 569 553 572 429 550 392
406 538 495 525 443 426 464 506
466 583 468 340 543 616 546 585
416 533 558 495 375 511 637 451
714 482 537 399 283 591 561 212
477 459 589 570 404 597 496 510
546 586 324 409 363 555 725 389
417 572 616 552 531 355 467 492
674 488 489 478 393 703 417 407
533 410 541 642 380 464 450 528
578 398 504 444 532 402 487 572
495 571 482 584 390 406 667 507
663 638 528 393 566 435 440 407
473 482 434 352 488 364 552 426
317 374 501 538 529 379 592 606
586 580 513 563 642 516 477 430
369 675 533 672 583 570 672 505
457 390 419 381 477 348 337 306
433 476 304 442 650 633 515 451
398 485 491 589 551 511 495 411
261 565 433 591 468 482 423 626
511 382 448 348 498 361 348 703
711 496 619 446 439 556 573 489
629 646 598 498 671 632 455 524
523 260 455 520 563 611 543 394
485 683 647 468 490 570 406 510
603 399 636 493 446 334 537 533
373 267 458 350 305 497 468 412
396 531 515 620 483 301 429 402
482 363 361 373 467 563 455 461
639 630 486 415 568 500 634 530
432 434 587 458 416 680 387 370
544 452 533 467 514 495 442 575
471 510 547 432 496 601 492 547
482 544 447 502 592 634 483 493
491 576 310 625 377 454 596 499
504 517 529 476 486 616 610 729
650 568 585 558 518 376 533 433
548 593 346 587 480 592 583 407
458 545 357 484 641 594 658 445
428 548 443 381 632 599 481 551
663 424 642 393 387 518 452 491
476 596 458 375 489 740 386 516
373 345 438 584 637 510 485 552
440 488 572 341 442 482 546 338
318 293 419 573 545 589 483 484
486 452 754 539 414 479 591 307
473 611 561 455 587 489 402 480
632 545 498 349 465 579 590 333
394 474 463 563 344 429 583 592
355 561 358 561 569 517 402 301
643 353 433 473 503 553 543 521
479 409 599 538 571 478 573 256
608 480 454 447 436 502 522 661
504 384 726 496 484 446 360 622
381 601 471 558 469 532 499 503
625 501 391 340 443 564 560 580
541 539 425 557 650 487 566 443
605 567 513 406 535 666 513 729
373 426 431 502 593 447 502 558
514 508 494 644 422 655 442 567
557 500 506 546 480 438 613 470
506 480 529 574 430 271 719 383
525 406 495 318 703 480 487 582
430 329 635 295 523 352 539 560
484 444 422 498 458 405 471 456
777 466 449 569 690 417 484 431
622 573 565 417 511 611 659 472
557 603 529 613 306 563 507 582
718 578 340 400 573 578 674 592
407 727 468 529 433 574 655 646
506 500 578 477 604 637 539 448
496 639 800 582 443 432 506 595
372 516 566 581 510 358 652 645
519 460 484 472 522 542 373 347
476 516 365 531 609 452 598 416
547 391 480 377 493 556 635 422
458 323 558 410 413 487 622 408
615 574 504 590 496 387 501 485
385 603 422 341 410 539 612 527
516 728 411 445 473 386 439 678
486 535 399 483 619 445 684 540
645 598 578 550 540 627 433 547
365 663 582 553 447 500 547 276
551 461 637 578 567 619 589 730
555 645 664 498 603 566 479 602
572 770 584 600 638 552 523 513
356 467 674 575 485 634 655 525
747 528 480 533 532 557 508 607
389 521 487 550 302 547 513 342
540 501 642 522 557 614 566 459
584 516 459 530 367 446 367 496
368 534 603 583 370 361 439 491
349 433 433 457 286 354 446 418
482 453 510 345 478 342 555 597
413 488 545 465 510 418 656 490
470 575 559 336 608 477 318 474
400 543 582 500 439 403 542 486
367 575 422 558 447 429 517 705
544 423 581 472 647 350 667 569
409 383 596 452 383 518 553 551
384 438 512 385 478 499 501 304
453 427 431 643 547 448 635 646
483 423 554 355 516 460 326 635
395 266 473 347 665 435 712 310
720 476 456 481 580 407 580 430
431 470 568 404 689 442 718 406
734 604 665 363 411 402 495 571
601 550 562 643 500 457 564 551
361 517 754 506 605 481 665 562
441 599 688 563 510 571 530 589
468 404 610 724 546 505 792 613
604 533 450 464 481 360 478 515
472 531 492 516 438 468 500 426
491 438 609 476 551 444 479 491
375 335 365 569 551 472 328 574
441 525 532 622 502 131 562 414
347 405 272 573 386 579 487 482
561 216 566 519 602 456 537 420
562 577 234 533 402 479 475 521
546 473 440 435 355 312 625 357
659 390 567 618 459 492 520 517
425 342 526 540 432 620 444 577
574 335 582 261 526 422 511 619
556 557 598 452 554 514 452 532
424 559 365 637 464 545 456 424
491 655 503 416 323 506 512 416
558 520 507 532 379 524 497 611
442 565 499 596 748 531 443 518
550 448 475 464 648 506 547 395
372 374 522 420 413 559 598 434
143 363 328 657 469 389 670 366
516 417 352 399 616 480 583 439
427 458 604 439 406 362 444 356
711 527 350 555 433 503 382 478
530 470 590 603 652 362 524 656
447 618 517 411 447 523 444 612
570 461 365 509 687 609 601 578
677 526 693 522 470 654 509 536
530 569 510 386 574 530 468 419
569 408 441 305 470 594 501 395
667 553 426 532 474 315 552 439
671 625 401 354 459 580 566 666
515 356 466 374 603 552 441 490
636 636 480 457 599 435 411 524
487 454 671 488 476 467 513 473
503 333 384 652 606 616 488 379
596 588 418 777 559 583 382 708
515 557 490 546 358 588 545 344
612 499 652 427 326 527 546 695
437 546 606 524 522 365 596 498
731 624 451 440 372 498 604 550
627 440 614 494 627 349 431 431
579 341 489 615 573 503 651 543
528 473 681 661 537 538 521 506
486 553 427 422 416 589 305 675
440 379 495 394 437 453 491 292
542 439 306 510 684 326 480 510
633 393 601 426 581 608 459 376
531 513 382 536 493 495 509 498
444 560 395 695 226 581 587 469
381 507 404 468 411 598 493 616
495 323 517 639 487 377 466 387
594 386 400 493 626 404 478 454
463 282 362 418 529 443 344 465
531 656 533 401 500 471 356 504
641 630 228 483 456 473 509 367
472 474 679 371 508 318 633 460
520 467 361 523 530 405 511 485
658 591 581 523 508 445 405 599
387 490 375 470 452 561 381 241
537 598 441 507 474 463 559 551
569 499 517 503 534 484 364 513
529 520 614 565 585 387 565 484
406 604 357 338 472 772 517 596
513 417 584 384 552 287 387 664
663 407 573 597 556 494 306 666
432 595 608 466 530 517 410 495
539 645 653 386 603 293 474 381
594 548 339 420 516 490 466 472
343 644 610 578 500 533 640 445
486 301 515 504 451 556 533 634
396 444 580 485 496 730 376 491
424 598 441 534 574 574 525 496
421 498 518 551 485 681 484 617
755 681 573 472 633 395 417 539
531 522 597 455 642 570 449 623
606 534 387 356 504 367 656 716
425 675 529 493 633 585 457 555
583 738 558 541 590 438 574 401
738 527 496 690 424 437 482 455
667 395 543 410 356 282 608 400
439 536 575 409 556 664 526 434
374 515 499 590 550 444 355 360
512 495 503 441 564 550 654 524
505 544 463 591 529 538 599 667
520 468 549 442 456 669 485 397
466 434 463 334 481 438 623 602
447 351 433 592 485 374 501 603
465 446 434 469 519 631 524 581
526 407 635 412 439 568 543 396
368 593 602 511 402 501 631 532
436 579 695 713 553 495 351 426
628 578 518 417 576 561 551 424
432 370 280 447 522 453 612 371
632 584 375 758 477 399 404 452
464 442 529 624 433 527 608 449
430 517 180 493 703 456 666 541
477 523 545 437 354 473 430 561
568 456 552 542 276 597 363 477
660 584 367 507 504 527 363 719
544 513 595 481 562 426 434 555
501 495 537 383 239 473 363 536
611 481 358 487 415 614 501 620
418 498 424 549 470 428 359 584
562 444 425 549 626 142 613 532
550 456 400 531 335 631 549 398
559 350 562 578 505 558 402 248
572 601 626 484 398 257 831 568
541 434 520 520 459 534 501 660
334 458 508 506 226 480 553 223
631 569 725 408 411 381 466 464
296 398 578 421 659 351 563 416
526 505 554 295 566 510 496 637
657 656 362 601 460 378 485 368
477 573 453 533 635 535 685 540
373 439 497 525 598 399 474 534
534 684 326 562 530 529 660 439
362 348 446 528 504 666 375 506
410 420 551 597 496 424 387 471
481 581 372 687 784 518 522 524
558 414 516 485 458 599 420 596
541 603 489 458 494 598 646 586
290 612 504 504 258 430 568 391
245 491 395 552 593 513 474 440
509 423 515 605 481 519 548 446
505 429 413 566 386 497 471 418
535 348 389 408 376 440 503 496
513 464 500 629 312 527 475 460
414 298 498 375 569 416 434 458
553 571 563 439 567 356 558 536
552 420 478 626 344 521 457 484
529 391 554 392 475 334 498 366
536 696 459 403 465 524 379 481
692 561 402 515 467 441 406 687
258 589 448 641 372 553 605 510
529 415 436 462 526 361 307 412
551 429 439 535 500 521 543 460
380 346 334 567 335 571 446 541
549 485 538 529 607 362 517 448
439 447 627 360 483 433 585 399
472 593 595 483 500 562 490 421
355 518 387 524 393 521 439 426
704 470 632 321 425 620 445 563
328 491 447 548 399 405 550 496
611 378 549 472 338 501 413 466
311 364 597 559 420 543 380 380
449 468 367 465 581 602 410 454
367 477 284 546 524 504 553 368
596 546 455 611 528 511 490 531
573 287 364 499 493 393 543 312
586 573 434 484 441 463 567 553
499 311 672 538 466 650 401 406
661 532 506 538 555 450 358 626
525 583 408 534 306 419 483 490
631 356 488 526 602 322 553 551
277 605 666 447 670 519 292 469
565 532 617 488 323 624 467 718
510 561 385 257 517 514 481 504
551 506 641 526 628 606 658 525
641 499 463 395 409 314 698 558
677 448 372 508 469 612 478 468
733 318 471 569 448 450 629 715
602 434 676 576 558 339 461 614
468 550 514 540 473 598 674 344
472 574 628 425 517 266 453 703
499 305 590 491 555 539 523 419
338 509 591 418 423 548 690 674
394 563 518 544 491 450 617 407
531 667 499 560 624 415 395 411
705 462 508 440 422 458 617 532
552 458 573 539 366 547 396 595
499 410 551 406 538 346 526 546
402 401 410 383 509 447 412 517
362 526 628 732 412 412 366 668
681 667 436 673 476 323 321 552
353 586 603 681 454 409 422 489
434 484 614 481 412 503 380 497
631 430 415 482 712 497 376 559
560 646 530 378 367 465 627 415
540 442 541 646 524 438 544 721
459 537 597 600 576 538 648 619
455 545 535 461 302 589 452 469
533 410 545 639 522 620 434 554
494 293 615 496 544 480 475 472
456 470 441 435 383 772 434 527
376 491 406 430 430 524 431 658
513 311 537 687 529 550 471 562
629 554 466 832 453 525 498 764
692 528 504 625 631 593 486 590
681 623 460 672 388 724 624 491
672 604 570 580 681 492 649 555
620 384 652 619 605 591 675 370
668 712 685 722 628 575 805 534
569 486 665 684 758 598 520 639
479 676 665 551 631 547 606 612
636 556 600 643 473 685 700 638
562 606 393 686 589 646 638 503
606 589 805 402 718 663 715 667
714 546 691 606 792 825 741 555
613 609 765 616 439 713 353 505
508 664 813 643 519 633 670 567
686 612 549 573 646 554 572 604
694 459 506 762 728 510 735 658
443 787 562 630 567 614 526 716
480 616 523 553 582 653 515 586
765 429 675 643 577 559 544 655
608 728 622 596 704 712 571 478
684 663 617 490 653 500 531 665
536 603 667 744 539 597 752 522
685 609 649 615 445 654 484 600
621 771 653 593 506 543 560 808
473 611 758 570 511 459 537 538
778 538 511 766 642 460 528 638
542 407 705 637 493 677 468 513
583 600 537 737 800 630 687 619
655 482 609 755 630 541 750 662
653 535 637 602 536 724 513 543
716 620 644 773 707 721 722 484
424 499 534 578 582 626 410 606
464 614 702 594 595 659 746 616
566 558 801 641 733 664 692 575
610 595 564 888 731 729 431 533
684 436 639 633 500 554 471 714
469 724 424 728 694 461 639 688
578 494 455 609 481 629 751 783
504 617 502 625 587 694 516 612
679 606 599 618 626 622 562 469
633 685 556 599 658 606 756 456
545 584 550 595 553 540 652 734
535 580 612 701 407 556 618 532
601 680 591 434 558 636 645 504
701 657 622 522 729 376 540 604
641 844 486 566 726 562 607 493
487 641 558 513 507 516 636 651
615 533 324 545 404 659 641 542
511 332 713 630 605 510 714 614
527 376 587 594 562 547 761 590
505 697 585 598 732 617 651 593
750 699 785 591 377 543 595 586
523 457 616 707 638 446 454 596
646 548 544 440 663 599 569 611
452 437 530 653 605 569 665 412
826 652 571 480 671 502 489 645
528 520 641 450 639 559 451 607
658 634 532 759 561 667 621 687
598 617 633 656 481 520 827 548
496 695 386 540 646 295 684 635
488 480 589 466 513 738 590 559
320 664 535 532 562 485 649 741
623 695 676 683 632 674 616 594
494 751 581 495 504 609 580 623
529 597 645 645 558 727 722 627
470 474 450 557 619 664 439 502
600 416 522 403 872 612 618 532
540 614 717 722 752 593 636 465
836 800 656 404 584 390 812 733
729 542 624 492 649 469 509 547
764 606 735 720 637 634 571 627
676 443 697 606 746 722 500 528
619 568 613 647 568 583 503 360
649 518 560 585 677 481 677 666
605 480 574 486 631 760 668 462
567 820 433 622 638 567 668 624
545 512 718 471 582 550 475 614
623 602 673 547 611 595 568 741
414 709 658 731 726 653 602 532
550 565 610 456 664 564 567 412
587 520 321 756 535 672 446 752
564 382 541 803 677 660 535 483
525 576 537 656 705 748 476 378
614 558 712 869 552 582 777 635
754 463 562 678 515 393 536 692
540 595 706 648 533 755 707 483
311 551 681 678 678 419 746 625
637 712 770 483 598 637 707 713
503 740 460 725 635 655 638 581
438 650 669 715 615 591 511 606
625 486 585 708 368 742 656 698
673 737 725 714 649 562 602 641
604 335 672 655 553 532 484 614
479 801 429 543 547 636 728 612
564 565 651 619 698 581 680 629
552 433 516 453 693 600 595 638
627 534 569 788 661 429 677 710
686 533 733 638 656 445 713 510
574 457 664 641 434 767 565 541
626 415 549 598 742 702 709 473
750 662 758 614 799 592 713 713
570 560 520 701 720 573 556 653
384 574 541 745 663 563 494 395
673 765 661 655 385 586 695 698
633 588 497 750 701 701 656 690
645 467 727 620 499 635 529 736
607 553 587 595 654 741 593 575
568 487 626 561 547 683 557 589
483 460 595 529 628 489 556 474
661 641 576 524 356 651 546 721
627 501 494 744 613 521 685 533
729 735 499 623 488 593 685 632
572 715 653 566 569 645 559 553
469 624 575 578 674 529 618 745
587 421 543 442 510 664 683 715
571 674 599 646 648 589 632 645
554 701 648 437 470 746 485 610
658 547 665 695 771 742 569 434
648 542 474 635 632 525 560 796
591 414 361 584 603 813 836 737
626 608 710 624 557 844 704 649
614 445 540 527 568 610 514 715
641 587 539 600 623 593 581 550
579 649 659 540 720 470 711 398
478 734 414 632 543 434 697 676
453 639 575 281 628 688 787 780
475 625 566 427 660 640 667 508
690 674 733 485 527 685 529 655
499 421 693 495 845 683 661 600
532 478 734 554 621 586 609 509
656 733 661 536 562 704 661 716
654 742 545 725 472 676 639 778
872 554 463 670 738 752 478 447
713 652 664 567 739 475 434 591
651 662 541 580 384 690 509 788
685 583 610 510 582 677 635 584
743 637 393 606 627 430 457 557
463 738 654 652 514 586 493 816
588 657 714 365 513 684 655 553
588 527 642 468 693 602 618 557
548 644 472 700 572 632 543 669
615 630 745 549 466 422 642 474
593 546 438 470 684 683 668 588
527 566 458 473 599 776 862 681
490 677 708 774 522 476 633 534
699 654 629 764 655 594 659 696
583 622 728 616 506 594 717 629
644 580 662 717 692 464 723 554
556 622 379 562 665 606 380 683
454 577 441 672 609 503 732 558
537 569 687 541 616 647 582 547
675 641 442 551 506 675 423 610
643 623 715 540 677 625 542 580
611 563 455 467 710 597 616 633
478 739 754 451 491 614 722 495
791 616 660 457 552 554 431 597
574 716 767 577 660 823 688 675
692 698 645 649 644 550 558 649
803 532 674 383 548 769 688 523
430 595 611 641 644 690 691 669
572 556 493 618 661 636 537 472
421 460 757 420 543 712 430 477
590 686 563 640 592 580 646 487
675 814 394 675 581 507 647 506
589 523 420 475 630 739 772 600
514 636 596 750 554 593 671 731
471 449 752 824 679 525 659 815
649 585 667 615 632 661 832 720
556 478 587 605 481 568 583 507
794 582 650 544 581 545 624 611
545 650 585 757 420 540 614 493
704 619 581 547 506 771 635 639
508 647 729 713 759 654 484 660
825 550 647 471 578 608 660 795
589 762 793 668 735 502 650 772
566 459 420 530 662 543 526 662
483 562 513 652 754 600 578 687
758 674 629 694 794 806 507 545
693 531 581 684 521 431 617 587
595 616 653 904 838 588 572 628
654 439 515 459 566 678 630 613
474 494 558 575 633 477 493 552
781 727 641 447 653 737 485 705
680 664 531 590 751 626 490 501
459 486 615 616 762 548 622 601
602 706 650 581 610 693 549 597
762 387 530 795 518 610 825 572
671 471 652 633 767 502 785 507
463 707 677 713 608 571 684 413
825 677 697 460 662 637 655 649
619 679 478 595 666 803 584 530
684 622 620 657 752 678 657 523
524 477 555 575 728 748 598 649
457 557 616 700 486 678 489 434
622 590 407 600 728 480 573 523
593 542 645 634 530 737 604 425
634 703 642 616 658 532 589 815
595 632 582 582 406 640 580 588
550 539 753 708 548 705 742 668
544 758 484 655 488 679 575 733
705 771 530 592 532 589 719 540
757 526 609 545 500 542 436 706
525 566 428 690 547 443 735 593
680 667 643 625 537 536 681 698
707 698 537 637 446 669 462 613
539 625 649 868 475 623 637 637
424 434 578 614 586 648 459 588
647 665 423 591 518 345 508 618
586 447 526 593 467 657 590 769
515 529 621 676 531 714 640 652
564 539 564 659 618 604 610 494
454 556 576 622 645 558 564 770
757 900 644 499 617 688 776 551
486 673 409 652 744 653 707 622
734 438 585 603 662 446 693 514
576 397 527 541 688 554 688 509
558 594 680 598 610 676 473 731
648 624 654 782 600 618 449 592
625 524 776 779 518 582 527 614
650 696 568 532 686 549 491 641
575 629 659 590 508 548 678 480
506 712 745 772 554 579 673 596
553 636 636 618 393 727 420 678
639 508 559 419 560 683 472 424
577 717 653 746 719 369 643 616
542 491 628 659 687 618 562 634
568 497 565 555 535 594 382 579
488 600 554 411 635 476 462 715
744 690 521 559 567 782 597 644
615 480 635 626 527 587 558 731
532 430 616 732 580 659 386 514
607 557 635 877 523 595 521 521
670 769 568 496 479 563 647 567
709 754 605 530 579 541 659 686
820 617 695 596 616 633 706 438
699 463 694 490 682 638 449 516
695 504 612 710 681 687 677 501
557 534 483 522 562 659 552 690
585 589 360 480 678 677 509 739
680 665 694 757 488 710 616 588
617 521 705 516 741 644 746 771
606 708 596 620 559 547 656 540
676 760 643 700 660 673 591 580
670 519 711 588 755 645 471 643
793 548 728 605 572 567 534 631
652 604 496 613 719 722 573 705
472 700 604 656 728 740 695 700
453 697 500 548 650 394 715 498
604 573 752 543 602 473 579 536
563 559 461 533 551 384 701 681
570 524 591 619 712 653 553 622
511 480 647 587 777 632 337 525
656 572 581 472 557 494 566 542
553 781 589 508 690 687 610 719
535 672 754 537 621 522 457 681
312 543 704 447 537 502 542 529
703 782 559 580 524 613 736 431
503 465 677 574 583 544 707 552
581 581 532 691 415 676 499 513
435 651 550 581 680 616 654 481
533 413 759 720 467 632 648 570
551 547 554 565 627 643 429 564
848 586 679 515 578 660 620 716
633 608 798 642 605 505 675 643
491 503 656 607 294 760 707 538
554 673 472 694 637 728 644 618
758 567 679 667 577 673 512 745
481 546 451 648 670 666 537 667
531 680 631 696 601 718 594 609
489 754 482 587 787 333 463 678
731 629 576 740 499 503 691 660
569 492 497 636 521 667 432 679
396 588 471 750 551 502 620 744
744 760 751 589 776 501 648 610
548 668 586 492 605 550 578 479
604 555 619 592 565 742 573 450
665 417 512 756 554 586 410 589
699 605 464 630 815 469 465 545
565 746 532 566 543 789 678 593
671 508 536 701 590 470 523 630
692 602 691 727 528 635 457 644
362 513 596 608 699 612 704 712
582 551 597 847 616 502 755 608
523 630 833 336 552 561 465 565
696 588 615 710 621 545 655 537
670 529 536 502 560 452 652 715
530 736 517 652 750 699 607 537
590 786 575 553 673 632 689 488
469 709 690 582 511 535 458 636
818 485 661 715 696 741 601 656
709 611 533 624 677 691 561 553
598 854 536 695 711 434 745 466
622 468 527 552 674 547 590 813
516 789 674 686 447 450 492 475
787 686 590 612 544 598 639 430
500 597 634 505 769 607 488 657
515 734 721 590 541 676 629 641
700 505 553 639 622 636 593 706
705 608 495 483 608 492 723 617
580 598 568 625 615 570 563 474
690 760 527 723 529 644 462 570
525 644 744 707 675 680 546 616
525 683 449 539 648 707 699 574
456 620 515 547 658 635 799 623
787 613 629 459 770 357 568 492
751 611 502 553 658 571 655 622
516 616 506 556 548 444 710 631
487 565 573 493 669 637 389 467
466 639 746 526 582 650 602 713
522 624 473 529 673 664 774 733
779 606 619 719 524 648 672 461
593 570 638 449 602 603 709 689
642 799 713 711 590 392 577 603
598 654 609 667 618 602 601 547
503 559 831 511 770 477 501 877
667 664 525 466 493 403 704 760
609 746 565 744 761 644 713 632
579 515 664 585 841 667 463 479
400 639 583 535 812 660 568 604
674 699 515 591 523 445 590 655
709 457 404 738 509 674 535 568
470 439 520 576 557 678 547 579
653 566 579 662 694 545 636 622
606 642 739 691 500 575 764 760
528 644 644 469 590 608 445 719
547 510 534 502 486 687 701 501
674 510 587 557 527 706 694 612
642 762 753 512 580 578 591 482
693 600 552 636 638 625 686 456
622 643 600 643 636 527 591 556
491 604 790 647 601 772 706 632
724 576 556 510 653 615 635 784
507 651 592 669 734 661 370 465
538 714 781 486 658 578 614 614
758 551 465 619 619 561 537 882
535 551 661 558 732 616 587 445
509 653 572 773 702 578 908 734
617 687 752 583 739 435 663 557
652 545 682 597 593 628 533 533
771 645 782 756 345 639 631 700
785 460 635 538 699 666 578 487
642 666 565 609 679 507 441 747
475 370 588 459 593 586 728 752
588 650 660 542 480 537 665 789
591 796 628 670 478 656 532 585
490 470 673 648 615 605 483 599
549 688 627 551 607 562 676 537
688 770 547 480 616 634 622 586
444 564 539 593 727 517 634 780
592 686 587 583 581 643 780 622
567 615 352 523 633 629 618 619
556 727 734 525 610 561 609 765
602 513 608 618 662 567 483 546
623 515 647 516 625 708 634 477
737 705 621 509 545 586 548 479
572 620 630 543 683 543 511 629
736 624 714 729 609 552 536 571
717 542 741 529 546 653 444 503
588 600 494 550 554 706 500 584
480 478 748 661 520 657 617 601
699 516 738 499 479 614 513 626
631 584 721 654 632 610 778 657
652 438 729 729 706 691 532 595
516 770 689 655 459 575 551 661
590 720 536 557 624 652 445 614
574 738 669 583 664 619 628 718
664 579 555 608 606 544 637 768
695 580 516 725 559 634 719 500
698 601 370 682 486 417 693 612
574 479 631 580 711 459 518 564
597 641 549 650 687 568 619 446
383 619 586 678 633 763 443 620
634 740 480 552 524 624 617 623
493 429 752 301 698 788 600 710
529 570 755 604 577 608 524 746
654 706 672 610 713 682 432 444
476 515 553 581 608 665 619 694
677 642 615 597 605 557 517 563
421 632 477 567 677 615 632 655
405 553 669 717 480 571 528 715
736 632 541 653 457 741 564 585
626 636 529 646 509 703 488 638
631 472 690 591 610 759 687 535
575 655 554 522 670 645 549 564
593 723 666 480 610 569 503 738
687 517 471 639 673 596 662 547
739 529 609 481 485 722 563 803
585 535 740 488 597 430 567 622
477 650 463 549 645 642 581 563
575 839 497 584 672 485 465 633
556 429 577 623 558 649 444 650
736 801 691 770 527 473 618 523
603 472 637 658 658 717 607 532
418 560 365 490 717 609 716 487
586 788 429 458 620 605 602 654
674 603 583 681 460 768 710 741
649 427 680 481 561 582 562 633
456 470 627 519 361 611 672 543
671 598 567 637 472 578 671 413
539 588 668 676 447 720 831 712
564 684 611 531 639 615 695 624
403 764 575 582 668 416 663 489
639 537 702 676 436 507 514 503
511 446 392 748 660 535 599 581
479 579 488 510 579 621 751 637
555 588 490 631 451 550 356 462
514 658 557 766 722 452 694 688
521 434 596 471 800 558 530 600
643 588 794 509 571 582 500 741
770 527 748 568 464 693 536 566
715 624 614 630 488 607 760 681
738 617 727 511 604 602 681 508
559 533 643 627 587 669 612 621
339 560 455 640 519 717 559 416
752 685 658 548 560 644 568 582
374 758 654 479 397 579 334 697
490 579 673 589 903 540 665 619
603 390 507 735 604 533 659 448
707 517 618 807 623 531 572 660
466 587 498 704 758 618 672 676
590 633 613 520 590 655 565 590
600 806 524 439 700 517 529 534
692 562 471 697 594 700 501 664
503 473 481 632 689 598 846 494
486 601 533 604 596 562 635 465
681 518 596 527 545 528 614 660
552 547 760 739 478 462 553 508
672 674 550 594 579 651 617 527
576 565 803 573 603 607 548 588
578 570 630 563 616 555 454 628
556 513 634 706 466 493 583 641
747 674 588 573 569 689 599 670
554 294 650 442 718 484 702 685
539 610 774 675 470 631 693 586
403 455 550 477 625 489 566 595
611 848 687 491 673 593 397 665
581 673 719 641 595 744 678 682
547 640 805 468 576 559 581 690
572 445 647 579 659 555 587 753
639 710 555 708 529 386 490 709
693 524 639 627 699 454 501 419
729 694 547 688 599 703 646 574
650 679 654 740 706 682 513 666
727 562 581 713 623 748 565 609
486 547 697 556 585 594 620 372
478 588 696 611 641 515 635 511
648 485 485 715 528 566 392 672
654 789 438 703 662 557 464 775
513 558 573 476 611 494 597 565
724 750 670 766 815 439 557 686
491 429 753 570 625 575 484 677
600 674 438 465 776 722 703 512
648 411 620 644 830 498 612 528
332 583 462 438 578 653 504 521
638 574 547 703 643 544 509 567
563 576 642 668 638 719 676 681
506 503 709 713 511 640 567 501
639 669 435 467 714 534 577 508
588 612 521 696 566 636 559 581
456 807 369 674 621 511 675 523
497 457 566 605 490 836 514 329
726 626 640 609 574 602 643 594
602 364 642 633 615 612 744 560
627 590 572 669 531 525 764 459
603 656 574 617 462 427 546 591
507 664 597 522 763 567 484 728
712 664 629 535 537 603 564 654
622 527 677 656 562 645 628 718
635 566 484 758 652 445 746 543
418 491 679 593 498 413 625 510
590 573 561 471 665 538 609 721
705 850 692 688 818 805 492 642
570 619 571 698 561 638 659 573
792 672 712 510 841 612 588 679
502 620 553 525 448 677 570 553
712 578 390 697 602 535 719 591
623 750 627 622 692 603 654 816
651 691 613 650 586 667 689 737
458 792 463 539 482 570 731 612
638 563 588 424 624 589 474 603
472 698 688 532 513 666 651 587
536 641 498 649 467 524 692 619
648 675 418 597 739 653 534 760
609 463 519 647 562 635 548 480
547 699 607 658 613 550 601 823
721 607 683 563 737 659 660 630
671 631 468 691 658 595 606 740
601 654 809 627 656 341 483 545
631 780 540 693 499 436 461 603
465 694 708 786 460 714 497 565
560 420 656 574 664 518 551 606
540 672 703 600 665 546 540 753
632 492 552 491 645 423 523 607
690 713 447 657 545 382 525 789
545 491 459 657 658 497 689 554
672 688 501 543 635 757 843 516
778 743 724 457 660 559 554 595
571 605 450 601 612 493 519 613
584 592 656 630 494 492 457 741
564 530 531 503 675 557 503 621
445 608 712 605 652 720 719 427
706 670 530 476 613 582 467 486
400 737 738 714 648 494 622 633
577 456 550 708 653 606 548 685
589 578 497 568 606 605 733 520
481 483 778 645 681 594 777 741
652 581 570 677 515 521 522 577
748 655 486 798 689 762 620 271
837 617 808 698 759 447 407 568
567 753 647 535 543 703 572 549
455 605 448 584 559 672 753 627
482 543 450 663 634 539 565 574
584 715 688 536 708 383 545 580
500 741 546 642 631 661 669 603
574 454 554 666 716 572 641 682
512 458 411 539 736 675 656 617
616 490 588 747 582 547 494 578
794 587 681 696 629 586 588 511
405 709 521 781 687 611 715 496
642 616 675 551 429 481 821 546
392 619 410 574 571 578 547 559
601 665 668 569 664 710 818 559
746 515 645 521 533 413 570 581
428 461 440 488 406 643 589 515
581 708 611 747 601 741 435 564
573 713 544 669 601 758 920 690
533 585 425 607 528 613 584 523
608 770 628 713 625 609 508 481
510 671 735 721 748 354 480 586
604 683 495 448 529 529 636 666
422 516 527 605 451 431 595 589
564 627 548 542 709 574 536 589
585 646 563 409 604 509 411 558
591 649 548 635 695 695 741 619
490 725 507 650 452 588 699 576
765 635 616 341 568 541 432 544
491 565 546 749 503 760 715 530
624 416 701 563 701 624 728 568
545 619 636 784 713 729 619 669
626 728 565 667 775 494 363 677
553 459 579 487 748 639 386 537
444 647 856 563 718 700 590 599
601 646 542 654 576 706 489 710
565 624 786 465 656 760 716 504
499 556 668 766 685 665 465 736
546 541 535 661 522 465 659 563
609 507 532 572 786 548 746 675
527 729 538 635 466 709 722 819
700 749 657 532 663 678 672 580
697 556 622 475 789 735 614 705
665 601 592 641 715 630 655 723
579 612 608 553 617 596 550 561
530 663 686 495 522 402 666 450
724 691 488 545 568 754 542 528
580 574 616 574 673 530 670 677
590 474 595 687 590 490 553 674
619 792 502 528 688 393 803 552
570 761 481 600 481 609 657 508
665 409 724 493 570 795 544 597
749 569 588 572 508 486 292 582
673 730 516 583 679 626 609 813
669 648 713 648 624 574 600 688
460 614 526 836 543 691 846 694
456 515 572 820 454 508 466 607
628 651 625 758 586 596 537 661
540 510 399 615 564 665 554 669
513 639 618 616 582 624 552 488
657 546 600 508 533 466 754 538
618 550 703 655 675 662 598 496
783 759 673 554 678 710 651 372
358 699 755 547 621 673 540 680
587 572 686 617 865 632 711 621
447 556 541 598 685 685 531 555
581 665 612 417 656 676 541 707
390 695 574 592 632 550 632 604
509 789 540 485 587 542 580 412
671 524 335 580 604 514 616 573
370 455 569 432 548 602 625 618
655 451 678 650 397 657 868 666
528 519 760 468 520 319 567 661
489 561 533 577 616 634 537 683
616 475 527 662 694 580 580 690
439 551 386 588 681 475 650 553
604 519 554 556 654 534 589 614
721 604 510 581 607 522 618 581
627 728 468 573 614 635 485 449
503 697 512 635 539 773 526 599
654 629 611 440 601 682 627 580
669 575 705 503 586 677 616 779
548 758 671 771 679 440 588 721
617 598 531 364 711 623 508 654
540 573 513 473 657 679 498 490
671 580 315 620 504 663 702 680
666 482 470 590 471 710 760 733
675 682 698 690 470 795 633 626
734 586 551 503 561 628 431 741
636 565 791 602 523 595 565 785
510 622 527 628 436 618 641 586
762 729 454 638 551 662 647 530
741 577 497 486 607 710 536 464
610 420 641 413 615 556 606 521
398 500 507 512 700 419 671 604
508 550 561 667 518 669 612 603
612 645 696 794 774 508 673 603
591 595 482 664 565 529 530 619
612 661 448 535 639 687 746 609
656 699 638 546 476 602 614 503
643 613 803 681 499 564 636 686
501 520 450 803 694 555 720 487
524 661 580 611 462 670 654 634
821 570 557 561 479 598 485 718
739 469 640 542 641 713 432 632
499 589 702 429 670 594 643 684
601 479 547 641 715 515 671 690
410 492 739 579 543 532 570 710
608 704 708 563 551 529 521 683
580 497 575 807 610 676 734 653
762 800 564 685 599 536 696 518
606 594 524 644 580 780 602 609
536 433 467 480 618 730 629 535
647 621 660 576 423 628 561 514
584 436 634 567 621 694 608 646
647 659 561 564 593 789 565 502
893 648 538 556 552 634 535 590
466 523 597 715 540 490 544 528
467 519 457 565 542 666 614 389
553 675 627 487 665 483 476 610
484 510 632 509 756 697 598 615
475 315 711 606 722 583 661 548
579 510 669 569 567 667 593 605
511 717 646 576 449 406 659 594
440 532 630 643 564 652 445 837
520 685 632 547 708 704 713 364
604 543 674 474 583 587 622 644
552 681 628 515 734 481 600 508
553 493 720 526 632 661 711 450
591 718 716 591 622 535 751 722
725 689 687 429 438 488 456 767
477 384 560 521 549 532 672 826
551 624 549 779 661 583 630 512
767 669 635 665 699 601 562 586
606 532 676 551 561 548 622 813
580 800 648 758 510 510 656 818
484 633 582 504 603 533 556 679
607 521 598 641 496 609 522 575
585 544 718 693 570 561 636 561
468 790 690 573 716 405 694 581
587 508 627 517 412 662 719 393
560 664 516 570 565 555 531 633
565 658 726 680 619 505 602 655
546 444 580 422 526 533 458 594
770 444 629 627 607 588 611 727
588 574 823 586 841 551 476 466
586 542 614 553 627 742 754 629
574 584 567 755 498 603 797 584
416 684 492 467 606 452 582 497
341 558 609 596 789 617 439 680
654 627 544 604 606 577 638 540
676 635 486 701 563 763 772 609
525 719 436 683 592 719 730 609
656 690 692 665 620 686 548 575
408 613 698 639 574 657 624 674
670 720 834 525 648 610 550 744
479 585 610 581 792 603 540 624
543 655 606 442 688 579 599 642
482 595 529 380 600 608 597 298
584 509 532 460 577 588 547 534
683 559 585 617 497 550 534 649
536 561 439 516 565 572 739 530
482 631 485 725 586 664 701 796
399 603 608 642 516 747 586 672
750 660 714 527 523 506 607 665
712 592 683 355 590 571 656 541
637 732 484 571 555 525 644 631
555 860 651 699 720 551 568 493
617 674 464 721 561 731 653 510
619 479 543 601 596 478 595 629
642 759 483 787 574 572 559 574
414 462 500 589 391 584 547 451
629 584 504 535 551 634 903 707
660 538 460 612 422 585 554 584
763 559 630 685 712 594 686 559
666 629 601 520 572 544 623 590
435 586 624 598 460 761 458 550
567 546 808 760 629 561 660 640
581 492 507 527 611 656 521 583
697 580 565 666 672 654 627 639
466 566 506 617 675 666 496 561
586 461 580 758 576 647 637 548
521 520 509 572 584 820 701 430
511 674 724 712 427 814 360 362
541 688 784 631 465 516 702 576
674 643 468 421 591 548 616 694
412 488 546 509 782 578 491 543
516 661 663 584 783 500 711 775
470 569 593 698 597 722 517 593
389 817 551 702 608 719 425 730
644 555 643 697 671 566 339 561
604 569 595 504 676 825 479 715
584 543 619 440 596 703 663 704
658 511 408 622 578 510 486 803
583 502 798 592 550 617 657 398
652 611 758 650 582 809 744 553
694 605 645 610 609 511 679 598
496 583 496 574 536 668 664 704
625 399 766 713 632 461 634 512
518 544 549 434 719 397 471 543
583 449 510 646 459 640 553 526
626 631 425 452 500 347 542 572
499 505 643 603 583 489 468 643
734 542 444 493 533 444 611 519
665 473 586 503 495 575 746 623
640 695 664 783 714 544 520 769
841 713 587 526 640 588 452 573
546 624 579 560 726 716 773 650
678 610 513 607 424 564 686 449
557 748 732 634 555 591 515 704
624 612 519 567 503 539 797 557
571 672 503 465 432 742 528 544
442 720 718 586 581 509 602 571
669 466 533 668 545 637 721 548
598 498 665 560 667 705 569 755
409 682 414 471 609 657 540 529
556 575 618 492 666 464 657 606
648 665 502 579 730 646 655 587
535 650 614 756 658 727 416 485
787 467 540 622 591 545 602 727
698 480 813 671 564 614 695 478
739 684 616 538 554 518 662 763
620 589 425 335 530 541 573 721
682 509 509 614 517 618 574 771
563 600 581 668 672 590 525 593
518 676 516 806 601 576 565 605
707 500 602 401 634 545 787 496
544 452 521 600 661 521 335 582
572 736 733 688 538 585 643 407
617 611 432 514 683 662 603 600
483 490 615 700 685 666 559 518
402 667 606 431 590 475 519 729
745 429 460 753 770 591 690 704
556 382 685 631 457 655 588 557
565 604 568 719 777 461 688 696
630 612 535 545 715 619 581 624
643 507 533 623 652 645 611 639
700 470 624 624 634 559 634 582
656 753 596 659 639 732 605 500
577 551 604 667 503 422 562 472
562 718 617 644 531 685 502 548
544 366 461 773 649 553 546 580
560 675 625 625 551 638 501 489
746 727 714 546 551 795 702 571
572 602 586 493 821 638 600 694
646 657 603 520 531 663 620 406
549 473 362 665 449 560 620 662
609 653 633 697 592 629 442 512
647 648 704 686 735 317 599 502
664 662 628 551 560 747 752 445
707 678 643 738 680 497 621 577
679 422 604 780 673 662 636 621
635 710 650 565 832 482 706 543
576 644 589 700 504 543 603 404
556 580 564 607 656 615 705 555
706 381 484 541 638 666 534 653
663 599 575 725 673 523 620 686
605 672 599 503 665 477 609 605
713 649 421 653 542 708 635 662
655 407 417 698 592 588 534 760
510 614 629 744 533 447 757 620
705 771 692 316 537 440 542 766
538 550 516 752 591 597 525 705
548 631 649 576 465 739 493 649
508 707 607 475 675 679 614 617
567 765 593 554 496 557 611 617
576 667 518 630 551 679 670 792
503 471 552 717 539 692 588 630
569 638 637 552 573 550 550 662
557 815 676 662 648 527 645 586
653 686 750 576 776 682 719 599
669 637 563 666 542 365 538 579
754 672 578 718 522 619 608 718
585 631 652 579 567 559 525 538
566 509 474 622 650 608 579 510
584 621 664 447 498 438 568 710
698 536 659 722 494 543 422 693
450 414 764 755 522 676 579 624
628 570 509 551 484 428 504 569
627 473 372 503 546 348 644 589
576 565 522 537 521 631 580 525
401 588 512 643 643 612 623 605
471 720 470 408 624 862 655 416
571 513 739 680 563 651 632 776
536 537 552 530 608 656 678 689
486 646 499 570 616 553 713 572
513 599 539 647 613 665 511 692
726 467 462 708 673 743 777 742
702 560 477 582 508 650 383 434
641 604 635 693 571 548 709 662
716 667 583 548 620 668 746 248
695 533 648 574 678 546 560 460
574 745 729 623 426 618 772 624
722 516 581 708 579 539 644 880
442 677 720 662 661 714 495 595
739 524 673 496 526 494 687 515
628 687 611 598 643 707 432 592
542 428 643 618 717 651 622 566
577 614 491 761 419 574 653 567
593 451 547 739 768 548 585 484
548 658 495 531 399 659 590 639
685 548 697 655 571 610 872 548
624 585 578 632 711 455 734 622
360 649 654 601 561 703 614 574
690 698 640 744 553 739 583 487
572 516 590 709 633 420 563 533
646 733 652 770 546 614 762 602
478 805 598 625 557 570 509 647
515 496 570 718 532 474 660 587
572 553 491 673 608 622 566 609
703 743 570 323 697 530 578 577
748 683 641 518 620 665 540 802
699 618 699 569 588 743 659 538
557 567 560 821 594 694 614 557
671 381 629 331 534 545 624 673
563 621 677 577 525 566 543 718
629 559 530 475 822 643 520 519
625 581 587 753 387 630 496 574
661 611 755 773 534 694 575 598
732 514 596 559 649 626 772 449
749 578 574 660 416 430 616 514
607 456 535 512 605 561 609 703
623 392 483 693 498 542 646 668
723 560 627 719 683 501 679 623
584 597 620 630 662 490 552 447
621 499 679 550 541 673 490 708
539 636 634 462 500 609 472 569
491 531 559 705 594 567 370 760
555 613 702 586 625 567 516 496
588 631 790 621 707 577 363 405
526 585 616 674 532 667 607 438
687 729 634 592 541 358 580 432
556 595 581 649 662 721 488 593
592 506 793 731 687 435 579 662
597 584 482 657 756 458 481 627
498 374 565 391 525 667 520 622
625 512 522 535 710 576 516 676
690 542 585 689 645 592 668 660
592 729 555 545 605 541 862 589
558 532 541 553 596 548 625 645
628 486 778 518 418 885 762 404
553 594 486 681 588 522 325 640
606 560 609 765 748 527 683 528
691 497 704 649 661 611 653 687
519 562 549 538 683 507 764 423
708 658 455 662 652 486 543 647
549 483 527 475 463 741 565 546
727 505 531 486 613 674 774 839
649 622 373 555 517 600 508 670
632 489 407 563 508 619 376 594
485 536 340 492 725 624 573 555
517 591 714 526 573 613 628 491
701 661 693 634 510 538 767 567
635 759 586 480 593 477 605 556
743 632 473 515 674 599 643 506
550 562 583 687 385 629 663 461
690 595 695 604 556 488 825 629
505 800 667 684 556 701 627 544
715 526 628 452 511 631 615 406
681 491 512 610 623 661 689 515
736 576 489 834 723 515 669 607
462 489 527 480 707 406 868 527
559 665 426 532 587 439 665 756
696 607 689 586 463 675 764 533
612 529 601 548 610 665 437 736
543 518 722 616 648 587 462 913
428 612 542 778 644 704 504 463
525 763 542 690 604 605 667 452
699 706 625 538 528 481 705 477
237 630 514 616 661 216 665 707
605 405 649 644 562 780 720 680
685 611 705 454 528 497 680 699
569 617 733 635 567 676 766 524
451 711 632 658 628 568 636 688
589 525 599 621 621 580 665 536
554 739 423 555 610 573 525 455
656 592 726 637 582 528 458 682
711 499 452 607 562 664 590 659
655 393 756 746 602 557 646 654
438 585 572 626 664 515 476 580
572 456 626 675 581 678 644 557
706 599 803 706 520 634 567 651
600 558 717 597 465 502 449 644
672 592 738 623 385 481 638 625
603 586 518 824 628 523 564 587
698 463 505 548 622 687 450 623
522 654 570 633 562 730 661 624
658 807 616 583 710 398 646 530
540 1016 675 534 598 588 548 632
755 661 461 496 592 488 559 539
738 639 612 643 375 690 359 345
744 819 812 835 657 479 373 645
740 748 631 679 540 785 588 724
478 682 665 590 740 687 761 805
857 568 586 598 455 578 537 555
503 742 708 474 738 616 471 457
499 718 541 534 664 557 655 514
501 622 692 464 713 573 546 603
426 562 517 717 503 634 568 604
657 480 672 733 532 661 707 452
776 622 564 600 677 535 529 724
679 633 643 539 591 550 550 723
513 590 672 623 600 479 555 749
584 614 632 594 966 584 737 556
584 594 563 537 580 763 698 630
559 568 622 548 624 498 741 607
404 549 590 602 562 471 728 703
567 589 551 460 596 638 529 510
677 694 599 635 654 682 649 600
582 632 600 575 782 436 614 575
528 343 758 712 312 536 431 550
703 492 419 635 627 395 512 535
695 541 623 659 562 437 641 533
627 590 786 563 788 659 735 591
718 619 484 481 636 690 596 746
571 537 536 611 526 497 654 613
597 638 643 453 459 802 617 769
821 669 450 416 659 324 602 542
457 559 553 775 523 648 688 668
600 649 512 532 564 492 630 456
662 491 746 449 646 706 617 701
712 623 490 418 684 679 646 423
714 424 734 657 545 720 586 553
580 398 672 533 556 742 478 597
749 888 567 588 715 434 809 896
453 444 525 565 547 744 556 850
543 771 493 593 621 646 617 620
512 756 701 727 431 580 623 529
602 596 563 681 699 518 666 695
615 540 635 679 670 445 710 526
429 623 613 549 571 612 611 698
688 522 607 548 580 714 641 540
696 643 430 477 469 615 476 640
710 620 605 747 486 515 624 525
687 532 515 620 486 560 639 777
578 743 496 654 696 710 545 548
617 531 578 550 611 585 760 684
749 507 703 602 759 560 668 648
637 662 616 585 601 585 663 701
576 721 520 562 694 590 502 671
583 611 672 586 614 467 700 563
727 485 637 638 602 605 720 600
727 515 576 689 531 646 746 514
755 639 532 620 723 491 663 501
700 951 719 607 594 578 607 384
450 601 666 640 717 648 573 579
385 452 671 648 751 650 636 581
361 658 616 723 594 614 560 438
436 594 543 682 458 477 676 642
592 682 595 724 735 643 549 555
517 830 683 749 502 662 459 633
556 518 574 582 677 482 447 260
634 827 590 672 573 484 679 626
652 734 594 642 638 547 505 656
647 596 771 540 664 430 557 482
687 564 679 515 656 609 594 554
620 521 656 619 568 701 614 586
678 547 635 481 704 623 636 551
662 637 596 395 589 527 580 791
593 777 774 591 614 530 570 756
526 667 490 769 583 609 648 713
611 612 536 632 739 712 602 642
889 485 539 617 689 506 490 630
511 692 564 705 604 463 555 792
663 623 603 611 727 541 530 441
383 496 687 598 460 723 510 511
504 751 726 629 577 752 630 672
613 627 579 538 624 643 610 557
677 726 789 540 606 569 652 684
626 576 411 692 571 674 644 580
737 604 647 541 580 685 592 625
718 729 686 602 685 549 690 625
753 671 606 594 559 760 580 350
636 466 777 619 575 593 626 521
477 665 693 568 626 439 577 522
427 608 683 670 486 467 603 602
477 482 744 645 599 706 657 720
678 573 713 541 610 579 750 513
673 612 548 511 520 511 688 610
714 503 292 587 716 726 590 579
554 500 694 417 633 549 647 704
760 703 491 686 566 593 524 492
494 708 607 557 638 679 807 730
588 627 566 757 649 456 530 571
688 750 538 730 650 518 678 586
719 513 500 802 587 478 617 665
562 539 688 609 590 566 568 582
510 660 618 703 470 636 761 638
768 636 535 866 654 500 794 767
629 441 531 688 366 681 766 499
638 607 728 626 347 429 524 575
563 561 673 510 613 671 511 621
641 558 589 545 536 597 559 778
560 767 688 495 590 747 699 518
544 612 582 623 546 615 505 506
714 452 563 710 721 612 672 432
561 694 580 638 515 668 720 639
612 539 484 659 739 612 494 631
687 583 471 590 672 440 566 642
522 999 646 624 650 697 487 703
474 461 545 616 545 480 669 562
512 599 555 737 532 679 792 655
571 626 546 835 574 718 560 519
599 675 593 691 639 496 721 622
768 702 472 608 603 870 528 529
635 467 581 628 540 426 609 587
639 510 539 573 488 698 724 506
535 834 679 528 675 514 539 580
685 621 516 680 764 457 734 721
648 637 668 673 620 430 525 639
511 611 556 526 731 562 684 553
482 610 559 596 518 691 595 609
631 431 619 567 666 412 339 586
529 694 504 636 618 589 647 493
665 605 618 529 523 537 534 594
672 448 526 584 694 575 599 517
565 576 645 768 782 621 666 559
