478 520
506 470
488 533
451 491
525 483
486 498
530 487
491 491
544 544
520 508
515 530
481 524
475 487
518 471
497 483
495 444
465 486
519 497
500 514
482 506
484 465
492 511
507 500
548 508
520 545
474 479
535 484
501 521
518 535
530 521
485 516
506 473
528 516
501 495
476 504
509 483
523 478
458 521
492 497
483 468
525 486
533 516
494 478
485 476
542 503
523 475
504 524
493 521
478 473
508 492
513 460
514 552
500 501
504 463
509 468
491 525
485 510
520 506
473 493
539 459
494 489
502 515
532 495
516 510
509 489
480 478
485 506
515 506
489 536
530 493
484 503
525 507
511 496
509 531
495 503
505 506
472 462
480 503
511 489
528 497
500 496
503 514
513 482
530 478
502 495
479 498
485 501
508 529
506 488
492 503
502 529
528 493
489 449
489 480
493 508
504 499
504 497
504 435
495 498
493 496
514 488
544 514
500 496
498 482
498 506
512 512
495 472
487 532
518 507
485 500
475 489
495 493
519 472
483 473
475 502
468 515
495 501
506 491
521 496
512 496
506 506
505 481
509 494
513 457
471 507
537 517
486 466
515 498
512 502
501 559
500 497
498 488
520 493
513 506
524 508
476 473
528 488
474 487
525 472
483 487
475 476
470 491
493 486
467 525
473 506
479 513
519 482
462 514
538 508
503 516
515 483
487 512
497 526
486 515
507 497
524 514
480 513
527 497
495 487
500 514
484 473
492 472
510 491
465 493
496 509
497 537
490 499
498 494
503 511
527 469
490 491
519 493
462 502
499 504
479 534
494 496
482 481
476 492
481 541
462 477
492 513
492 514
480 501
535 481
508 504
455 488
523 503
476 514
490 507
508 478
516 480
474 482
493 502
485 515
505 486
518 523
498 496
465 492
494 505
497 505
531 489
490 474
500 520
465 487
501 517
508 507
496 510
520 466
515 498
489 451
472 534
486 478
491 485
502 530
488 503
477 530
504 478
518 524
503 467
536 506
523 489
492 502
522 503
475 505
533 501
503 475
472 487
493 502
503 532
501 521
499 529
463 488
520 497
519 508
519 512
513 530
520 520
500 488
487 515
451 474
481 495
447 525
512 540
521 521
545 489
470 495
484 495
479 511
510 499
506 497
515 501
495 519
525 527
480 489
466 495
508 497
539 492
478 511
503 511
506 505
458 485
488 493
491 508
512 477
514 512
509 472
509 502
519 536
532 502
500 513
478 471
491 524
493 530
444 468
498 518
499 498
498 465
523 486
522 499
521 507
498 505
471 500
534 526
480 510
505 516
502 495
527 504
525 519
494 497
539 504
485 476
519 503
484 513
503 467
512 527
551 501
505 532
503 506
487 472
518 475
523 484
505 493
523 506
539 478
508 501
506 532
512 477
511 492
491 521
488 492
501 519
512 495
495 477
485 487
497 540
486 494
459 512
468 482
521 458
502 516
531 482
488 536
499 485
486 481
491 522
518 477
504 492
516 497
507 497
456 501
475 515
486 488
500 512
497 533
533 534
495 470
524 492
501 513
468 533
517 507
518 511
502 494
485 506
507 522
504 483
468 497
499 498
469 521
521 484
516 519
501 481
532 508
495 515
532 490
514 539
478 489
488 497
496 506
484 488
506 503
517 508
515 477
492 537
508 515
505 509
495 571
492 499
452 522
489 499
489 497
494 499
499 497
497 526
518 518
485 525
523 489
530 486
463 522
498 520
485 475
525 472
469 461
444 479
457 499
455 478
547 507
501 468
495 501
468 503
524 493
496 459
472 521
487 481
486 499
477 503
473 515
479 526
500 483
518 473
489 500
498 460
482 503
474 525
510 490
496 537
519 508
472 533
521 497
489 496
476 491
515 464
494 502
502 476
476 522
476 520
490 522
492 477
517 500
529 518
495 491
500 504
482 517
492 492
489 505
486 503
555 499
491 467
501 478
492 503
465 503
506 474
492 463
532 507
496 497
523 498
507 530
493 478
484 529
502 490
519 520
490 481
469 464
495 482
537 501
461 528
503 514
514 506
510 505
478 507
520 496
511 508
536 495
494 498
498 455
487 506
500 484
487 493
484 490
489 518
520 519
509 486
519 494
500 527
502 505
472 510
480 520
496 455
493 495
510 513
493 520
437 486
478 475
519 517
484 524
502 492
486 484
509 513
505 459
506 511
487 501
463 475
494 494
507 476
493 490
511 528
534 469
499 478
499 508
502 499
530 514
495 500
517 512
491 464
476 503
464 497
491 520
474 461
492 513
521 482
509 478
485 511
514 480
509 463
496 477
484 474
511 511
486 508
505 497
543 483
500 492
493 503
494 483
502 524
519 504
485 504
522 524
507 493
496 515
514 465
513 514
482 485
485 486
472 506
484 499
490 505
480 505
508 517
539 458
506 486
461 517
527 492
504 499
509 518
507 507
525 497
518 484
532 515
492 458
500 476
506 529
503 496
507 506
453 505
512 495
520 497
515 545
498 461
493 465
512 526
514 506
487 532
515 506
504 502
509 488
531 503
512 491
507 454
478 499
474 549
467 507
533 510
494 489
513 484
498 514
494 502
494 481
524 528
494 495
496 511
482 498
505 513
444 508
507 520
489 490
524 469
533 551
510 516
470 486
521 507
496 505
510 494
499 499
479 506
536 535
470 511
514 492
481 474
491 507
497 488
475 507
521 481
509 462
487 515
478 488
528 485
483 512
539 495
515 527
507 495
482 471
522 504
527 520
488 476
508 487
508 485
483 497
519 506
524 475
479 498
543 513
479 498
504 489
512 497
494 525
466 481
484 483
485 510
522 518
480 498
509 505
526 486
503 492
505 478
481 485
489 531
524 496
503 468
496 503
523 507
509 506
505 472
492 529
516 510
501 513
481 468
492 511
502 520
507 501
527 523
498 478
482 497
493 533
466 499
479 502
508 492
511 496
496 492
513 503
531 525
511 457
470 520
490 505
487 510
519 476
484 467
505 467
493 510
541 507
525 505
506 496
492 523
507 507
488 493
541 499
527 490
516 506
492 513
469 511
516 505
526 499
497 507
517 511
495 480
513 484
484 487
501 484
477 487
496 509
501 478
505 506
491 484
484 489
544 482
505 486
490 486
516 508
497 510
515 483
511 486
517 515
508 496
489 495
515 486
501 465
505 479
474 510
504 491
494 545
496 496
513 502
520 506
515 509
513 499
504 495
512 473
515 520
515 498
510 484
517 478
512 511
508 491
515 463
516 504
521 504
537 481
512 482
497 515
513 542
493 526
495 486
468 503
490 517
489 490
507 534
478 520
517 496
514 494
547 498
502 493
466 495
505 530
510 496
501 507
492 514
533 493
524 518
511 502
507 496
537 486
523 531
494 523
503 501
499 468
511 529
486 517
498 478
520 534
484 504
471 499
510 535
531 533
489 495
467 486
471 507
486 478
493 476
506 506
494 485
473 511
505 509
494 496
529 488
494 515
506 459
466 487
518 513
510 513
481 512
482 519
490 506
463 473
522 514
476 526
478 500
490 482
523 534
504 531
494 502
503 477
510 514
497 466
507 470
484 503
485 505
495 467
503 512
520 493
499 470
539 530
499 498
441 521
511 516
492 491
475 516
525 522
504 493
479 486
509 494
533 523
488 476
489 521
490 511
489 507
511 520
529 526
489 497
477 495
500 492
490 521
518 508
474 504
492 526
464 489
488 491
519 453
496 517
520 489
486 507
503 501
424 477
483 513
471 479
497 474
513 492
537 487
488 516
487 530
510 494
497 557
510 503
497 521
470 496
443 489
517 528
512 513
466 486
529 490
497 484
481 491
487 519
504 520
472 525
500 537
499 470
526 497
457 503
505 522
428 523
491 539
466 511
508 492
485 493
493 475
520 478
520 464
496 497
500 519
496 491
496 520
476 480
461 541
477 462
484 488
529 491
506 464
504 467
494 485
501 513
473 477
504 514
528 491
470 504
484 482
528 512
485 500
498 503
492 462
480 489
501 478
504 492
485 475
509 508
516 511
512 508
465 494
471 527
500 525
479 498
505 493
504 530
479 447
532 484
522 513
496 508
477 502
512 485
492 506
526 500
491 497
523 487
494 487
496 504
521 458
511 482
512 525
520 503
517 481
499 530
484 504
493 496
508 495
500 490
463 504
509 528
497 472
485 511
498 506
493 537
535 481
518 506
500 483
532 523
471 528
499 488
480 519
508 483
484 492
490 511
508 487
467 473
517 480
502 465
508 538
473 511
505 518
497 505
504 511
483 504
516 523
510 477
469 508
480 517
494 520
543 499
498 520
521 534
504 487
500 488
505 483
518 514
503 501
496 526
524 503
483 476
506 487
510 492
515 504
520 455
495 544
450 517
508 526
497 524
524 504
477 518
481 497
519 522
493 513
469 491
529 527
513 497
517 500
503 502
484 515
479 516
481 486
443 497
504 517
526 470
520 491
499 498
491 482
506 516
475 500
487 522
510 530
469 521
503 485
510 531
532 516
480 506
507 525
497 500
487 513
496 504
491 501
478 503
488 514
537 517
478 493
468 500
465 476
522 517
470 491
509 508
467 505
488 524
496 507
498 513
485 513
524 537
532 489
512 516
512 515
508 489
504 517
509 478
482 492
496 503
480 516
463 511
510 513
439 473
493 503
498 484
606 591
573 646
571 585
580 633
618 586
581 605
606 599
577 598
616 605
572 614
558 625
605 578
614 601
594 596
616 578
610 591
604 557
610 604
601 598
615 554
614 622
617 624
606 595
641 587
594 577
613 617
632 600
584 608
576 615
613 590
606 589
601 602
607 591
600 609
575 617
620 608
592 601
559 617
598 609
608 581
601 598
641 560
624 613
623 613
623 589
618 601
638 645
628 591
603 602
633 603
568 623
551 581
582 613
643 609
584 607
614 593
617 602
590 595
609 591
594 601
619 572
581 632
626 582
627 612
569 637
592 606
593 603
585 623
576 603
585 591
596 611
583 597
633 566
615 609
595 592
589 611
602 626
604 599
621 622
594 576
617 613
603 578
611 580
586 613
587 601
613 629
588 599
630 584
617 602
610 603
569 611
577 600
604 634
611 599
581 589
592 642
575 602
632 594
582 572
587 588
636 588
582 633
608 572
586 608
588 561
621 607
579 615
574 583
597 600
587 627
640 606
617 604
611 576
602 631
606 588
630 612
611 587
607 600
587 625
583 589
623 604
609 635
621 624
624 577
565 580
587 596
596 605
562 601
573 603
620 599
599 612
629 603
593 592
640 608
627 613
618 595
602 599
593 658
626 626
566 587
617 567
608 607
580 591
574 623
574 625
565 626
619 572
608 618
596 579
571 602
576 606
630 637
581 603
580 605
597 619
583 602
616 601
600 604
605 604
592 574
607 617
591 600
612 601
631 571
589 597
590 599
591 588
610 627
587 596
602 620
561 591
604 586
600 616
598 567
592 607
609 581
620 611
604 584
626 555
588 601
608 649
577 593
625 592
601 579
577 608
592 583
581 583
607 610
603 587
545 589
561 612
608 588
582 546
623 606
601 582
623 603
585 555
597 599
592 589
632 598
581 619
597 600
626 603
610 599
630 620
637 598
555 589
599 597
585 571
603 621
608 569
571 599
609 590
589 568
613 600
594 602
570 567
586 611
601 594
613 562
645 610
594 576
614 580
578 609
586 584
608 570
608 592
570 601
612 607
586 632
592 613
604 617
600 603
607 611
576 584
645 590
579 619
557 588
609 539
617 607
578 576
598 573
583 628
598 592
544 613
587 586
592 577
610 628
605 619
615 617
606 615
603 599
579 630
596 579
581 602
596 605
586 599
609 609
592 625
624 605
574 575
570 591
604 613
568 580
600 563
584 561
654 602
604 586
588 603
623 624
630 599
607 573
647 640
611 561
597 558
642 627
626 588
605 578
610 574
582 589
633 601
627 624
607 607
594 605
615 569
619 601
629 624
580 586
604 594
603 609
594 597
581 552
610 584
592 597
615 576
615 613
601 576
595 577
606 632
614 572
593 644
567 604
608 593
614 605
589 582
624 574
596 590
575 603
605 600
615 589
602 599
594 628
563 622
612 626
625 611
600 586
590 593
602 571
613 593
593 562
597 584
544 631
587 614
569 630
593 556
588 641
615 612
587 577
585 595
587 611
621 630
575 556
603 592
622 654
590 596
635 607
631 573
592 616
583 559
587 618
588 599
621 610
587 631
621 577
542 590
616 616
616 564
629 605
607 622
634 577
600 607
621 623
581 628
572 625
607 611
608 596
568 610
614 623
603 598
582 601
605 577
597 622
554 628
611 620
615 627
625 623
610 592
600 608
601 547
614 611
591 586
577 603
576 640
566 589
589 607
626 602
593 593
610 604
620 596
616 606
590 567
583 571
619 600
599 608
605 587
594 638
612 566
615 622
617 587
627 608
611 569
623 582
595 571
613 608
567 633
593 588
605 563
590 600
628 620
622 575
630 612
632 603
640 598
623 623
594 592
584 620
624 595
591 611
557 595
588 629
613 593
579 559
615 633
612 611
557 597
619 620
607 598
579 630
620 620
611 618
609 573
625 604
580 607
586 627
601 591
597 599
611 628
599 595
594 577
605 592
589 617
591 598
577 572
599 586
606 578
591 575
612 608
595 585
551 610
589 624
605 580
579 629
603 584
617 587
626 627
580 605
578 599
617 606
594 623
611 593
594 609
592 591
574 605
595 596
615 586
604 629
597 564
589 568
582 613
617 623
594 615
600 609
610 598
606 609
591 620
610 567
574 629
577 602
612 589
613 619
634 628
594 567
610 588
575 607
606 585
592 639
598 563
552 597
601 643
647 627
605 602
622 605
591 649
621 610
603 569
588 585
594 602
583 623
608 597
588 600
605 599
596 590
596 610
612 588
624 574
622 560
576 627
563 606
589 567
619 615
571 608
595 536
606 618
637 636
575 605
593 565
612 608
613 582
618 615
627 577
585 617
586 611
580 564
619 579
649 617
612 600
586 576
627 591
604 597
602 582
611 627
612 587
592 621
612 623
611 628
589 625
574 615
608 636
654 591
573 614
628 630
576 569
623 610
613 593
628 575
567 598
610 612
588 596
557 618
582 638
617 597
602 582
596 615
607 597
629 607
559 601
605 566
571 591
573 628
611 610
583 597
579 643
598 611
623 553
583 617
611 591
598 585
608 574
619 600
604 591
590 609
574 620
594 606
589 614
603 606
629 590
573 564
608 575
599 589
568 574
617 617
614 598
585 593
572 575
600 635
652 616
578 615
622 635
584 575
607 587
620 611
606 633
611 599
612 619
597 604
626 603
581 599
623 606
609 596
612 623
618 573
625 591
591 604
556 592
613 601
556 617
571 595
568 614
602 581
626 592
587 594
617 588
603 609
596 589
615 608
568 590
581 615
565 602
609 605
623 588
615 605
588 596
602 593
571 573
622 599
603 607
576 628
631 570
578 603
624 579
638 603
612 571
590 591
566 599
595 623
633 595
612 645
618 615
618 620
609 610
609 590
592 610
641 586
615 557
590 634
618 585
566 599
602 608
609 618
618 614
594 591
579 604
612 607
587 574
564 572
631 564
589 622
566 575
598 617
593 608
598 596
609 577
615 643
559 615
596 581
609 581
598 585
564 575
606 628
634 600
583 607
599 630
591 599
614 626
574 570
630 645
616 585
612 643
610 597
613 603
606 612
646 624
591 576
597 601
576 594
597 581
639 596
610 589
596 589
605 602
589 610
597 631
564 588
603 579
621 604
596 589
581 634
607 608
582 609
626 623
632 611
577 612
645 590
609 574
596 602
612 639
598 632
639 614
627 580
610 634
593 572
564 586
612 589
585 612
577 592
583 610
631 600
596 617
632 615
606 619
639 641
581 589
619 586
596 617
584 566
603 597
599 603
611 661
648 598
594 606
611 568
583 572
593 616
606 603
575 579
592 595
607 575
579 590
636 625
608 569
611 627
577 621
616 613
586 598
630 605
578 580
572 577
603 603
632 590
604 600
600 621
610 596
602 619
590 599
632 557
586 639
584 602
645 594
614 574
610 607
633 580
637 581
573 621
615 623
602 594
617 563
645 615
619 572
612 607
611 610
604 616
576 599
613 641
597 586
617 604
604 611
630 616
611 585
585 575
591 595
626 630
600 610
571 591
603 620
577 616
578 567
604 598
561 600
626 576
595 585
599 588
609 607
586 627
601 565
607 621
608 603
612 586
598 643
599 606
596 596
561 608
596 598
590 588
631 622
590 621
628 614
589 632
577 611
578 616
595 627
621 634
586 598
586 598
624 588
631 585
602 589
580 588
567 621
585 593
566 618
589 569
627 599
616 613
609 605
587 587
616 620
621 620
587 607
569 614
572 603
588 605
610 654
575 605
607 607
565 567
596 603
597 610
572 598
609 613
565 598
584 549
582 604
597 569
585 599
573 611
598 634
583 586
604 615
586 623
608 610
593 588
593 612
604 601
602 579
571 591
595 604
609 592
593 634
631 660
609 580
603 618
635 590
577 615
562 610
629 611
621 604
627 568
597 601
612 569
619 583
595 559
585 588
618 591
618 582
592 599
616 600
602 615
575 626
610 605
611 636
600 604
570 598
605 585
635 636
584 596
585 603
610 619
594 586
617 590
578 608
595 606
612 598
582 590
616 576
581 622
629 634
591 596
615 599
591 607
607 604
559 625
564 616
608 582
592 564
592 617
574 565
595 623
611 629
624 554
609 603
588 578
606 612
617 604
592 607
594 579
593 591
587 599
556 596
578 600
591 562
607 575
572 623
629 618
584 592
593 636
599 609
603 576
607 605
585 597
592 626
586 566
603 626
596 612
557 583
601 591
607 655
585 599
584 584
614 634
594 579
576 593
609 593
622 631
601 586
596 588
612 617
644 603
619 599
603 607
621 568
620 573
619 578
616 608
570 583
619 581
602 622
616 617
615 580
591 587
577 584
592 612
590 618
597 598
552 576
616 615
582 628
616 613
619 631
578 622
603 598
603 584
621 583
628 609
629 634
601 622
599 604
592 589
611 588
615 632
609 620
612 615
598 596
614 584
622 598
631 609
574 609
639 590
626 601
594 593
587 606
610 601
579 603
624 624
595 621
574 620
601 611
626 628
619 620
571 619
580 590
610 559
623 580
601 595
630 589
600 575
596 587
593 592
572 587
590 557
620 616
594 585
598 604
622 611
591 604
582 576
609 597
635 606
547 585
611 594
596 574
591 579
593 588
591 636
598 582
618 617
602 624
587 614
631 587
604 584
571 616
542 589
621 569
587 580
588 586
