413 580 523 379 454 632 306 466
601 431 446 492 619 449 464 465
676 675 580 531 559 619 425 594
400 449 573 386 489 431 480 276
358 444 574 486 500 555 430 523
436 362 469 546 527 499 691 533
578 679 396 417 639 436 502 586
571 640 620 586 438 564 525 394
613 565 504 481 404 516 537 434
593 412 330 583 468 490 433 372
600 445 633 565 475 413 441 403
667 513 592 399 514 594 473 582
413 391 530 470 551 342 557 708
498 503 514 351 534 372 466 599
441 540 581 522 390 473 657 338
478 456 510 560 629 478 565 540
538 455 420 412 439 526 561 526
456 644 622 472 434 510 601 527
545 483 537 624 481 511 520 523
387 350 418 513 544 458 610 489
502 484 511 556 553 428 622 412
506 478 416 494 441 506 532 618
525 451 469 511 507 617 612 471
456 295 456 422 472 531 514 498
516 490 516 242 478 491 473 483
556 452 676 555 499 483 493 427
492 522 546 546 478 387 446 629
572 530 439 500 400 456 480 471
577 387 431 390 401 510 372 560
480 506 526 465 583 484 548 484
523 522 520 422 535 474 550 328
383 529 649 567 445 365 559 494
547 509 502 737 500 487 490 453
579 472 551 523 598 534 403 394
613 451 394 446 601 386 431 447
400 405 379 463 472 445 368 600
394 522 414 553 576 430 346 556
650 533 513 566 561 434 447 549
488 605 444 560 527 490 594 554
420 551 610 490 480 446 499 555
435 392 470 390 542 466 360 472
485 536 488 649 459 495 492 477
511 543 607 374 459 464 575 471
348 507 497 514 417 638 474 485
428 426 402 469 423 665 349 410
468 554 467 554 421 505 640 423
534 517 320 453 590 511 403 555
462 529 530 411 563 419 396 429
472 509 438 560 520 444 571 593
492 483 358 467 477 520 487 520
623 458 461 395 499 578 360 447
503 568 531 526 482 539 581 363
558 492 458 305 390 636 445 413
463 440 510 621 453 512 408 622
515 413 572 596 513 369 643 525
594 456 468 509 589 511 399 521
630 505 510 399 388 449 474 508
513 628 505 585 497 616 350 452
579 486 575 531 576 549 554 619
579 580 502 453 447 560 305 395
423 480 289 601 548 659 585 582
680 454 380 481 434 479 416 545
541 498 525 489 560 506 479 574
601 607 421 457 364 481 533 489
654 468 413 545 512 544 524 520
330 442 453 472 464 533 548 409
555 547 537 387 535 507 577 643
627 509 500 551 411 384 462 598
474 620 277 373 490 571 494 492
490 359 593 445 587 494 585 527
491 518 382 500 637 605 421 540
520 565 508 481 606 517 600 578
474 487 654 515 439 404 578 513
437 554 513 367 547 607 705 503
519 629 513 522 450 388 573 398
591 437 521 470 594 524 657 413
533 504 522 628 547 408 543 467
462 584 452 470 503 576 547 481
478 407 439 448 488 659 446 476
336 548 374 427 583 332 508 564
622 426 450 644 498 441 443 422
465 587 571 406 517 468 563 487
530 487 325 504 398 560 446 452
499 546 486 631 632 637 481 381
598 467 503 550 372 630 570 528
571 545 509 475 441 523 529 587
516 432 374 490 498 492 378 586
586 434 564 576 503 424 629 530
480 562 630 460 555 655 411 456
452 487 483 524 434 450 524 512
570 533 562 409 469 648 531 560
522 534 482 786 468 497 306 589
456 495 458 489 477 497 496 488
487 605 571 571 441 601 591 456
622 445 353 588 490 578 440 399
599 387 375 346 276 417 326 497
321 412 687 528 504 370 480 504
372 510 595 472 484 337 388 585
447 426 445 495 407 510 391 562
415 606 499 432 573 390 456 500
490 339 426 513 394 601 540 459
482 649 575 530 387 630 584 488
456 485 404 462 561 355 475 509
508 406 405 587 402 581 461 586
466 407 569 499 616 571 482 464
502 515 429 567 468 466 457 518
445 511 721 496 465 367 504 411
470 512 362 513 524 396 469 354
626 526 486 487 591 492 526 621
472 413 434 614 507 460 578 580
462 422 374 356 479 429 649 505
345 613 513 556 555 524 542 519
411 529 582 483 544 534 645 480
477 491 492 318 449 524 499 436
447 472 436 459 457 572 581 575
534 443 577 475 502 607 507 520
387 539 422 581 485 321 471 482
539 554 474 581 247 443 411 400
577 566 438 594 508 466 445 438
538 552 519 336 524 545 446 503
351 402 474 475 528 405 473 461
542 614 638 375 496 411 495 534
507 496 619 558 478 502 570 549
466 358 405 512 357 488 464 580
395 345 466 551 586 427 538 411
440 545 557 420 538 351 484 409
435 398 544 544 445 530 521 490
673 433 501 469 470 513 476 431
510 595 575 516 441 515 587 595
529 471 484 562 555 359 553 557
429 439 439 446 387 525 437 494
460 520 419 520 531 566 657 333
526 443 346 567 607 469 517 495
535 570 528 528 601 487 574 434
629 559 468 331 500 405 524 616
513 486 527 523 311 519 550 479
578 490 561 682 492 345 473 362
549 605 556 526 448 626 560 523
516 509 536 451 622 512 548 465
530 317 411 497 394 695 367 528
632 539 475 456 554 436 490 555
475 507 476 422 595 611 475 479
486 543 428 493 521 551 278 532
528 581 458 459 596 375 630 704
538 565 381 444 585 529 485 519
541 477 498 497 416 526 644 639
382 546 554 467 423 394 464 528
487 451 400 528 585 426 536 350
447 558 411 452 613 441 432 546
656 481 561 608 526 478 430 386
589 514 607 579 451 405 533 449
530 442 431 489 575 525 594 401
415 493 673 554 415 494 518 455
549 487 476 601 363 423 435 432
442 539 588 573 418 491 536 519
604 446 513 469 520 414 426 442
455 624 594 483 514 372 486 513
592 526 535 524 522 388 467 615
566 540 505 553 424 374 469 543
509 581 528 504 606 591 492 412
427 487 471 633 366 495 415 509
531 468 542 484 486 467 552 511
626 602 544 327 381 579 462 519
450 541 577 403 435 367 519 367
471 542 665 529 600 521 525 483
469 594 530 527 451 472 665 495
606 458 564 523 468 552 377 546
563 522 605 495 488 528 569 546
482 420 553 437 435 448 505 436
409 447 485 536 505 414 518 526
464 436 436 457 677 429 521 443
460 444 564 530 490 540 559 432
544 443 567 559 532 483 458 479
562 445 504 360 521 417 395 541
517 465 476 682 484 484 552 507
579 522 561 535 552 497 518 478
548 392 558 580 559 492 540 438
567 412 547 543 533 464 561 353
562 515 584 516 647 425 549 429
490 559 550 666 472 603 480 444
370 513 458 568 458 462 528 638
413 581 570 482 554 477 690 491
506 474 365 479 519 620 539 485
505 526 470 555 630 471 597 570
543 509 527 483 647 443 591 624
474 593 512 505 494 371 544 615
444 568 493 413 580 635 436 517
385 497 539 640 625 631 458 480
367 443 384 529 444 412 472 405
525 523 475 442 393 544 518 537
475 483 615 452 475 560 524 336
365 447 573 554 542 550 422 548
426 576 459 523 350 392 587 555
403 603 413 502 462 426 593 635
514 622 478 509 511 407 540 557
486 365 529 379 435 511 438 520
482 370 513 547 581 471 495 380
657 620 497 490 266 583 545 565
468 462 401 562 600 590 515 474
416 444 537 477 631 592 452 403
456 585 458 544 455 527 542 579
615 605 458 488 406 481 502 468
460 583 573 532 398 516 469 605
356 455 453 463 577 312 483 568
578 456 446 528 512 506 196 410
431 551 385 416 488 397 551 469
647 450 454 564 448 621 539 476
487 728 539 512 489 583 379 486
273 457 568 611 548 551 363 446
618 458 489 436 425 462 447 577
517 582 389 598 502 647 496 381
603 489 328 512 518 586 213 592
462 654 363 544 533 466 438 470
472 400 579 413 582 357 486 487
499 577 484 463 484 578 404 418
343 662 407 349 435 451 617 463
523 357 517 368 475 439 505 551
393 409 515 555 613 462 381 515
436 426 613 549 442 499 493 513
468 348 422 457 502 413 515 469
439 398 536 534 564 544 550 531
359 478 385 610 499 602 418 493
521 474 515 619 417 289 628 437
590 552 483 530 409 507 548 438
470 525 606 500 466 488 593 449
476 449 484 517 583 330 544 429
547 599 580 513 567 425 495 622
437 516 470 484 532 478 500 460
354 515 535 611 489 388 440 543
493 522 472 650 638 425 573 524
501 431 630 593 383 611 497 452
422 576 532 430 435 469 459 542
530 449 367 393 570 420 509 359
532 654 394 544 522 573 490 522
515 546 433 515 565 593 540 409
376 533 419 568 477 581 670 495
491 581 585 636 516 449 501 450
519 431 572 556 511 502 484 605
595 512 431 406 523 449 538 469
562 517 580 321 482 677 300 567
533 603 486 595 597 516 407 573
422 489 576 587 472 550 377 462
618 607 554 489 568 498 513 507
438 558 414 562 423 442 273 488
515 566 605 381 579 463 494 492
464 429 522 565 399 498 450 588
539 621 376 583 513 442 539 625
628 566 421 525 527 599 487 501
448 553 483 515 462 504 414 513
452 556 648 568 410 471 371 501
358 404 588 569 378 464 537 531
370 521 451 596 484 529 491 553
439 553 597 647 627 457 546 565
547 560 534 456 517 568 537 412
430 467 484 513 422 564 351 542
541 552 255 392 472 513 493 435
603 526 468 421 505 601 503 497
505 510 481 422 622 551 669 540
481 424 474 408 668 499 563 577
586 704 492 485 513 560 514 478
443 438 522 420 355 509 593 553
499 532 368 445 634 595 443 640
443 434 623 605 453 496 473 540
625 543 491 392 562 402 485 577
565 567 556 512 524 507 539 543
511 541 445 475 518 654 542 489
482 560 492 551 541 400 538 537
564 433 588 487 659 640 451 390
556 434 592 542 384 563 511 533
622 490 561 452 454 483 450 545
394 566 439 530 405 538 587 501
624 489 533 426 535 455 442 626
398 491 557 519 352 548 390 465
480 266 492 553 486 515 681 590
505 707 449 542 374 532 491 505
530 522 414 469 500 386 564 651
524 458 316 378 527 601 482 381
430 454 345 475 571 365 455 338
434 488 582 536 405 508 473 499
484 525 514 569 509 635 542 618
558 446 599 595 270 456 615 584
383 569 638 549 382 437 532 483
602 558 657 582 544 475 612 500
418 504 493 421 566 489 532 438
487 562 480 471 675 525 559 560
508 542 422 616 600 515 501 401
582 480 549 385 551 486 501 387
554 451 496 564 493 659 428 519
533 418 507 484 518 536 612 523
544 620 373 479 503 376 506 312
556 382 400 542 367 664 509 492
596 494 519 488 460 530 542 398
430 447 498 528 672 522 486 443
579 499 527 500 544 538 530 500
507 531 346 497 578 462 333 389
506 442 511 499 462 427 516 506
490 570 516 452 471 495 510 607
635 462 418 457 534 567 467 427
531 550 583 449 526 369 492 557
619 524 481 388 518 551 581 519
424 544 635 479 436 474 499 458
557 534 473 498 377 526 388 478
463 537 464 496 620 374 509 569
450 502 391 371 558 474 395 462
548 544 584 460 450 526 580 470
577 473 663 362 623 380 598 507
464 427 426 555 537 485 498 430
489 571 427 542 463 378 585 390
463 586 437 575 464 493 651 591
507 448 502 632 674 450 616 374
547 530 583 433 512 351 450 499
516 723 459 502 408 349 572 572
390 365 449 633 381 555 511 476
452 520 475 468 483 589 517 506
611 479 615 446 542 474 495 449
476 444 532 434 543 688 376 310
421 559 443 546 576 480 571 318
567 564 492 580 615 655 655 504
489 494 286 556 688 545 386 420
425 633 540 551 528 411 424 554
507 351 563 613 501 475 609 484
451 377 461 649 593 510 500 579
508 399 512 514 501 521 445 512
372 426 480 548 476 535 582 694
477 449 503 516 544 565 477 558
507 598 478 511 522 591 500 417
364 583 551 633 507 507 514 457
444 535 594 548 462 534 514 455
402 434 596 520 451 506 549 457
439 358 587 547 554 545 338 509
536 506 312 490 479 583 492 458
458 558 554 483 468 316 337 433
488 437 379 497 498 605 471 481
443 708 552 434 342 397 426 391
491 419 372 551 377 296 575 643
503 555 554 688 421 464 465 504
483 493 511 658 522 566 553 529
479 564 360 623 553 508 499 518
565 537 609 637 588 381 458 578
670 453 548 598 508 403 656 431
441 521 504 427 634 542 572 497
499 606 458 472 537 572 573 425
413 432 571 571 526 524 368 526
374 566 475 519 483 494 411 486
495 517 544 538 522 448 396 420
435 568 586 436 407 370 450 533
413 595 529 585 436 557 411 555
615 614 457 429 487 626 391 379
336 508 364 595 631 489 691 519
460 458 615 563 338 350 382 453
396 439 434 410 670 614 642 634
494 509 426 512 420 372 439 570
508 548 501 427 542 508 605 608
476 510 428 431 454 539 458 624
538 479 581 441 448 608 395 488
470 441 579 569 554 502 551 340
468 503 453 515 691 509 533 516
404 381 370 522 337 551 484 536
394 624 495 349 599 398 402 404
475 547 545 702 447 463 391 412
590 460 536 503 416 434 350 484
506 476 579 394 504 420 530 428
565 551 527 521 523 527 543 472
410 496 541 541 638 460 387 456
466 436 417 489 494 417 408 530
538 435 486 540 510 625 393 375
558 528 456 587 448 541 486 438
466 594 469 621 512 480 420 554
516 494 508 490 404 552 649 636
508 480 507 450 522 530 404 474
570 572 399 588 477 498 487 331
534 371 566 396 585 518 549 443
355 422 526 537 431 606 498 369
522 438 566 518 512 477 590 427
527 503 417 494 424 663 581 369
464 549 594 570 652 511 603 407
570 483 488 610 577 487 704 601
465 306 522 469 450 460 512 605
422 494 484 434 523 642 549 506
465 504 363 495 485 538 576 560
489 459 450 437 451 490 402 535
491 433 449 567 572 691 545 446
442 531 564 613 430 508 407 530
419 616 438 549 512 504 356 493
422 453 539 717 652 541 531 472
420 535 464 640 672 671 449 459
403 552 432 452 429 455 632 303
542 435 688 566 418 451 454 592
636 512 489 583 502 537 518 437
609 453 655 594 515 400 634 525
571 618 410 529 470 526 537 367
482 507 400 441 510 555 488 444
420 471 436 548 520 448 518 686
560 520 557 601 378 466 451 448
669 541 589 524 720 339 461 465
472 573 507 552 583 518 558 465
448 429 507 424 414 552 426 545
474 454 573 579 517 613 365 586
436 482 529 445 497 466 482 668
351 483 531 409 487 524 529 566
588 474 507 386 496 384 501 566
533 507 565 586 434 595 439 464
558 514 498 514 605 505 560 558
667 611 556 558 514 487 499 502
464 467 495 474 485 487 572 563
582 600 442 502 524 535 541 614
456 518 403 533 373 529 599 550
415 438 549 491 326 613 515 386
519 677 488 487 449 552 520 565
442 558 406 540 437 503 375 508
498 378 638 550 413 419 480 455
493 327 635 443 597 487 696 569
585 596 507 512 490 529 506 529
437 467 544 502 539 554 571 540
481 431 593 445 500 629 437 478
509 357 414 600 536 566 520 344
419 322 551 717 375 586 587 515
390 431 338 490 517 566 484 432
445 489 524 611 664 499 414 598
705 440 460 490 502 446 389 549
489 590 544 582 505 556 442 540
581 606 477 548 605 376 471 547
477 448 535 463 506 377 463 523
493 497 526 588 481 499 507 463
438 568 408 548 484 474 527 539
418 498 465 442 334 569 572 407
492 403 472 450 609 391 357 472
477 657 439 618 541 632 522 371
426 544 429 691 354 450 538 502
462 616 506 586 467 583 519 370
403 590 500 592 558 411 405 492
514 444 541 483 439 520 449 384
626 343 367 566 521 455 655 468
491 501 549 555 609 463 496 476
394 474 527 509 614 516 421 459
435 452 493 561 569 427 534 495
472 447 441 457 583 575 566 318
599 524 569 486 515 607 581 426
436 536 516 429 495 445 547 682
427 535 534 484 470 472 383 342
431 452 560 412 458 586 564 538
588 712 492 549 490 485 428 635
515 623 531 431 501 552 517 355
501 469 467 390 651 579 434 482
603 370 626 529 538 487 535 657
509 445 458 584 522 519 456 613
510 435 360 402 533 430 338 433
488 547 297 496 572 431 454 516
421 427 491 514 546 501 500 520
430 332 428 461 435 409 585 434
471 546 535 442 429 495 445 490
431 533 387 483 523 523 693 482
512 493 652 581 655 454 513 504
408 528 421 584 483 378 455 504
640 569 507 570 514 429 533 569
744 524 461 574 555 627 560 363
495 603 637 433 483 552 467 479
573 581 591 540 419 489 421 459
546 513 677 521 533 498 562 633
514 622 492 586 494 492 338 356
490 560 497 432 423 560 418 567
556 620 697 480 491 616 496 375
439 531 403 661 604 426 432 511
466 492 554 484 614 569 582 408
385 499 643 597 560 600 411 385
604 451 436 549 480 490 527 514
370 462 558 445 474 477 296 508
451 547 521 436 537 461 445 383
535 488 459 375 588 477 527 524
390 555 480 484 345 598 508 483
444 495 551 493 538 412 353 438
471 417 494 478 349 559 482 408
378 682 461 330 383 506 441 480
496 497 497 486 629 471 589 517
576 545 591 703 493 536 652 519
289 464 471 511 448 685 675 370
426 585 435 467 437 613 494 600
454 564 479 515 466 479 493 520
563 424 394 601 663 577 605 470
549 535 514 432 370 599 563 447
528 463 574 542 624 510 493 503
724 555 509 572 481 529 581 293
394 401 473 472 537 554 618 475
469 462 429 516 402 592 521 566
630 319 489 452 537 567 535 511
487 574 502 636 459 646 405 522
506 444 392 575 500 576 643 554
577 470 614 623 546 483 504 512
537 500 477 487 500 598 426 345
379 518 522 594 699 487 585 454
588 523 405 526 542 531 478 618
592 556 445 469 566 637 583 486
513 599 397 388 585 512 425 485
473 541 491 535 627 516 492 460
463 492 582 564 382 650 457 457
487 665 551 519 454 515 683 570
465 473 549 577 408 531 558 601
404 685 468 465 460 547 426 639
463 510 410 458 339 498 492 359
485 540 608 427 355 490 644 474
462 587 470 471 446 509 499 513
508 375 552 389 476 600 548 623
462 456 594 512 666 426 559 551
595 550 557 514 579 463 575 651
445 557 535 425 509 573 562 431
523 538 574 505 455 590 414 449
562 527 512 436 573 546 656 556
389 508 493 487 484 513 441 373
533 588 537 524 439 569 343 663
456 557 463 509 473 340 550 414
408 461 477 528 459 715 377 474
539 587 550 568 445 548 604 539
692 495 474 362 465 541 572 612
518 454 395 485 418 484 389 472
449 582 406 365 563 620 562 489
431 483 468 404 501 603 568 528
495 422 587 385 329 495 466 472
558 543 553 587 399 640 432 525
650 630 613 498 383 414 475 445
443 481 449 459 507 421 557 576
463 501 621 564 629 562 583 455
498 439 507 543 519 380 437 406
525 469 522 334 508 418 557 562
544 575 565 459 384 557 526 318
363 396 494 388 552 459 624 534
490 534 425 616 584 520 655 383
565 596 540 488 335 587 466 494
579 579 408 421 443 555 586 540
465 489 611 410 562 491 539 502
583 542 506 681 600 522 562 509
445 362 665 465 547 601 465 478
542 542 503 416 603 561 515 564
240 505 466 343 544 421 613 489
553 454 566 613 374 549 368 491
521 413 474 620 572 583 630 475
580 452 600 410 434 640 549 526
486 470 494 493 555 636 433 514
565 478 566 390 684 527 496 443
479 559 691 396 492 410 403 507
460 527 556 400 458 478 326 479
398 482 496 350 411 532 571 652
528 447 426 398 582 391 438 490
602 549 489 551 654 473 591 549
600 512 445 416 484 419 385 687
426 461 510 644 553 611 514 503
517 598 429 453 575 612 384 461
540 548 595 616 467 589 431 585
486 536 563 571 530 526 399 536
448 461 533 627 579 494 485 443
504 314 490 448 487 379 467 620
515 411 464 510 317 689 521 521
562 545 615 636 435 345 364 676
414 620 415 604 603 519 449 592
456 625 453 611 445 441 556 502
551 723 426 472 511 416 368 426
559 443 444 539 419 573 654 523
536 443 523 539 399 423 435 517
458 515 461 588 486 419 630 666
562 537 498 536 414 408 547 405
646 437 544 401 499 533 466 450
478 604 581 588 583 622 565 317
551 536 482 382 446 473 570 558
407 549 346 466 499 560 479 545
524 539 553 477 570 624 487 319
553 502 539 436 463 505 486 496
461 490 555 543 399 517 442 530
595 566 447 507 531 536 432 542
526 424 529 464 428 468 424 443
618 396 562 537 622 660 488 525
505 412 465 721 534 376 551 584
557 383 521 369 480 277 353 527
588 491 555 651 419 551 600 515
532 540 465 601 398 468 511 575
411 575 490 581 673 576 527 528
552 549 432 520 545 424 491 389
289 484 474 622 386 548 515 586
466 548 421 536 511 461 591 511
556 625 605 586 484 528 544 568
546 456 481 484 470 562 358 451
475 601 421 542 509 447 666 557
460 594 503 405 263 552 533 430
381 440 459 537 522 467 361 401
628 464 599 573 368 562 416 425
564 457 376 407 468 553 381 503
631 394 458 461 423 565 491 493
618 522 494 494 437 597 464 502
336 551 614 600 416 548 504 450
542 553 536 540 493 632 432 532
393 492 520 514 555 436 435 398
433 445 432 390 526 478 512 468
672 342 452 378 556 449 521 401
502 488 456 743 523 350 674 486
409 443 575 586 538 441 555 522
514 507 480 512 458 553 519 655
404 600 428 454 492 625 430 584
579 598 451 567 502 539 466 345
516 564 574 530 472 440 566 573
497 521 515 461 571 617 367 542
533 487 422 640 486 639 571 505
486 515 542 515 467 588 633 498
513 560 473 332 512 586 396 327
548 420 388 405 526 604 391 517
524 517 550 498 386 519 584 479
434 565 457 480 567 546 690 469
591 430 669 617 562 393 543 445
559 514 486 657 434 459 559 454
457 575 574 657 551 588 504 483
516 457 593 437 565 667 495 604
531 508 568 555 542 503 447 635
525 569 672 582 418 413 663 368
443 556 525 384 510 662 431 376
449 510 468 582 594 610 577 482
457 505 583 431 526 583 592 551
414 482 493 350 429 614 465 381
539 595 359 486 430 435 422 519
493 611 416 621 502 509 435 534
611 429 590 445 463 521 497 492
499 662 513 413 402 477 652 706
576 402 426 405 427 308 545 451
649 533 558 356 460 403 369 546
505 376 605 549 449 545 513 451
442 557 526 380 561 399 457 567
487 572 653 442 549 570 600 511
428 377 559 582 579 553 417 576
347 562 415 410 387 351 573 392
526 621 409 551 410 456 422 441
550 508 389 396 609 372 618 437
504 518 461 545 481 430 436 474
627 501 451 402 497 457 324 541
562 543 647 533 476 545 567 493
522 491 611 603 482 438 493 368
563 572 419 569 483 652 689 483
379 603 643 563 503 590 410 588
444 485 604 602 488 449 511 429
597 446 419 570 529 452 457 483
428 514 484 369 467 614 426 453
468 491 390 437 485 550 540 520
520 422 347 387 528 538 422 634
631 431 507 586 619 518 461 547
541 638 562 540 497 543 327 521
552 372 416 349 543 566 386 476
420 544 423 429 533 686 435 446
476 547 515 448 463 456 412 580
470 541 450 509 586 619 577 428
383 498 540 637 493 564 523 403
552 490 569 390 566 490 459 626
566 564 489 407 397 474 389 462
496 472 516 317 563 490 546 470
489 411 519 443 520 569 513 657
534 496 516 514 551 453 528 426
512 553 570 471 597 483 404 510
559 444 391 500 492 437 607 565
581 397 477 461 470 582 455 449
583 644 604 428 337 438 490 526
460 592 546 501 387 593 496 358
598 652 482 418 589 614 557 335
449 428 545 618 501 488 382 394
500 615 461 454 413 398 576 480
566 353 471 620 407 418 490 499
523 490 505 501 427 464 393 515
429 543 542 332 567 554 509 325
350 564 459 523 274 538 441 439
578 471 528 432 656 435 563 458
512 484 479 475 427 531 518 495
605 566 444 510 584 490 501 468
462 569 518 551 513 463 415 472
545 535 372 644 449 493 517 633
433 435 421 518 545 514 648 473
517 358 310 542 542 407 495 548
475 434 494 660 565 465 572 522
506 527 527 395 521 472 496 426
531 516 498 521 528 574 385 634
505 469 571 495 633 517 578 503
473 556 620 597 553 568 582 583
590 343 446 563 559 340 480 373
398 504 449 461 465 520 566 424
486 523 476 559 503 596 415 699
452 612 591 635 564 444 263 441
586 519 418 403 407 462 488 622
523 453 530 436 620 380 547 392
466 552 536 483 508 376 379 544
642 567 520 580 511 572 532 510
374 530 529 562 490 526 459 626
459 454 504 366 430 371 632 533
457 422 666 370 501 606 450 421
395 567 443 423 360 447 564 549
496 454 442 381 529 509 492 524
562 547 341 473 524 495 451 482
642 606 506 468 541 575 528 415
504 513 412 512 550 545 607 393
520 460 569 582 393 471 422 492
496 604 540 584 577 416 504 576
611 560 363 536 495 556 444 507
475 602 549 480 450 466 634 484
662 515 408 590 336 508 687 635
614 577 597 434 564 531 610 633
464 384 503 621 386 482 344 447
530 497 433 619 467 348 656 585
525 423 415 510 512 385 420 539
399 588 469 591 454 554 520 635
448 666 616 447 454 529 561 422
402 361 622 498 359 478 565 532
651 516 476 523 622 553 490 416
488 396 534 533 421 436 567 497
544 453 436 476 406 454 576 449
626 576 571 528 443 413 409 516
692 538 620 488 454 564 461 477
508 414 520 489 396 504 557 435
685 399 430 547 505 423 557 407
561 598 552 515 448 425 560 562
454 516 664 468 534 530 554 640
600 433 518 325 471 347 391 525
676 538 641 324 406 436 442 579
416 425 444 320 464 532 479 501
514 459 465 481 509 458 403 526
370 443 462 423 433 545 639 374
465 506 508 367 508 500 540 406
496 430 523 634 565 462 521 515
394 671 547 579 437 401 459 508
486 417 560 453 613 485 471 486
492 523 408 649 562 607 403 533
576 619 360 429 472 529 409 598
419 344 512 464 505 489 612 553
492 392 464 463 378 563 389 389
440 408 468 385 470 477 530 521
482 527 478 609 441 455 500 439
603 550 555 542 558 444 540 414
425 530 496 520 454 441 471 505
473 566 474 372 534 593 537 568
433 527 546 496 400 509 610 460
671 486 529 419 327 573 549 270
482 467 571 556 423 578 497 508
537 569 359 427 390 544 680 411
433 558 593 542 525 384 474 494
639 491 491 483 414 662 433 425
526 428 533 614 404 471 460 523
563 419 503 455 526 422 490 558
496 557 485 567 412 425 634 505
630 611 523 414 553 448 452 426
479 486 447 382 490 392 541 440
354 400 501 530 523 403 573 585
569 564 510 551 613 513 482 444
395 640 526 637 566 556 637 504
466 412 435 405 482 378 370 345
447 481 343 454 620 606 512 461
419 488 493 571 541 509 496 429
309 552 447 573 474 485 439 601
509 406 459 378 498 389 378 662
669 497 595 457 451 545 558 491
603 617 578 498 637 606 464 519
518 308 464 516 550 588 534 415
488 646 617 474 492 556 425 508
582 419 609 495 457 367 530 527
399 313 466 380 344 498 474 429
417 524 512 596 486 340 444 421
486 391 389 399 474 550 464 469
611 604 489 432 554 500 607 524
446 447 569 467 433 644 409 396
535 462 527 474 511 496 453 560
477 508 538 446 497 581 494 537
486 535 457 502 573 607 486 495
493 561 348 600 402 463 577 499
504 514 523 481 489 593 588 683
620 555 568 546 514 401 526 446
538 575 377 570 484 574 566 426
467 536 386 488 613 575 626 456
442 539 454 405 605 579 485 541
630 439 614 415 409 515 462 493
481 576 466 400 491 692 409 513
398 376 450 567 610 508 488 541
452 491 557 373 453 486 536 371
355 335 435 558 536 571 486 487
489 462 703 531 431 483 573 346
479 589 548 464 569 492 422 484
606 536 498 379 472 563 572 367
415 480 470 550 375 443 566 574
384 549 387 548 556 514 422 341
615 382 446 478 503 543 534 517
484 427 579 531 557 482 558 305
586 484 463 457 449 501 518 629
503 407 681 497 487 457 388 598
405 581 477 546 476 526 499 503
600 501 413 372 454 552 548 564
533 531 440 546 620 490 553 454
584 553 510 425 528 633 510 683
398 440 445 501 575 458 502 546
511 506 495 615 437 624 453 554
546 500 505 537 484 450 591 476
505 484 523 559 444 317 675 406
520 425 496 354 662 484 489 566
444 363 608 336 519 382 531 548
487 455 437 498 466 424 477 465
722 472 459 555 652 434 487 444
598 558 552 434 509 589 627 477
546 583 523 591 345 550 506 566
674 562 372 420 558 562 639 573
425 682 474 523 447 560 624 617
505 500 562 482 583 610 531 458
497 611 740 566 454 445 505 576
398 513 553 565 508 386 621 616
515 468 487 478 517 534 398 378
481 513 392 525 587 462 579 432
538 413 484 402 495 545 608 438
467 358 547 428 430 490 597 426
592 559 504 572 497 409 501 488
408 583 437 373 428 531 590 521
513 682 428 456 478 409 451 643
489 528 419 486 595 456 648 532
616 578 562 540 532 602 447 537
392 631 565 543 457 500 537 321
541 469 610 562 554 595 571 684
544 616 631 498 583 553 483 582
558 716 567 580 610 542 518 510
385 474 639 560 488 607 624 520
697 522 484 527 526 545 506 586
411 517 489 540 341 537 511 373
532 501 614 518 545 592 553 467
567 513 467 524 393 456 394 497
395 527 583 567 396 389 451 492
380 446 447 466 329 383 457 435
486 462 508 376 483 373 544 578
431 490 536 472 508 435 625 492
476 560 547 369 586 482 354 479
420 534 565 500 452 423 534 488
394 560 438 546 458 443 514 664
535 438 565 478 618 380 634 555
427 407 577 461 407 514 542 541
407 450 509 408 483 500 501 344
462 442 445 615 537 458 608 616
487 438 544 384 513 468 361 608
416 312 478 378 632 448 670 348
676 481 465 485 564 426 564 444
445 476 555 423 651 453 674 425
687 584 632 391 429 422 496 556
581 540 549 615 500 466 551 540
389 513 703 505 584 485 632 550
453 579 650 550 508 557 524 571
475 423 588 680 537 504 734 591
583 526 460 471 484 388 482 512
478 525 494 513 450 475 500 441
493 451 587 481 541 455 483 493
400 368 392 555 541 477 363 559
453 520 525 597 502 205 550 431
378 424 318 559 408 563 490 486
549 272 552 515 582 465 529 436
550 562 287 526 422 483 480 516
537 478 452 448 384 350 600 386
628 412 554 594 467 493 516 513
440 374 521 532 445 596 456 561
559 368 565 309 520 437 509 595
545 546 579 462 543 511 462 526
439 547 392 609 471 536 465 439
492 624 502 433 358 505 509 433
546 516 506 526 403 519 497 589
454 552 499 577 698 525 455 514
540 458 480 472 618 505 538 416
398 399 518 436 430 547 578 447
214 390 362 626 475 411 636 393
513 433 381 419 593 484 567 451
442 466 583 451 425 390 455 385
669 521 380 544 447 502 405 483
524 476 572 582 622 390 519 625
457 594 513 429 458 518 455 589
556 469 392 507 649 587 581 563
642 521 654 518 476 623 507 529
524 556 508 409 559 524 475 436
555 426 453 344 476 575 501 416
633 543 441 526 479 352 542 451
637 600 421 384 467 564 553 633
512 385 473 399 583 542 453 492
609 609 484 466 579 448 429 519
490 463 637 490 480 473 511 478
503 367 407 622 585 593 490 403
577 570 435 722 547 566 406 666
512 546 492 537 387 570 536 375
589 500 621 441 361 521 537 656
450 537 585 519 518 392 577 498
684 599 461 452 397 498 583 540
601 452 591 495 602 379 445 445
563 373 491 592 558 503 621 534
522 478 645 629 529 530 517 505
489 542 441 438 433 572 344 640
452 403 496 415 450 462 493 334
533 451 344 508 647 360 484 508
606 414 580 441 565 586 468 401
525 510 406 529 494 496 508 498
455 548 416 656 281 564 569 475
404 506 423 474 429 579 494 593
496 358 513 611 490 402 473 410
576 408 420 495 601 423 482 463
471 325 390 435 523 454 375 472
525 625 526 421 500 477 385 503
613 604 282 486 465 478 507 394
478 479 643 397 506 355 606 468
516 474 389 518 524 424 509 488
626 573 564 519 507 456 424 579
410 492 400 476 461 549 405 293
530 579 453 506 479 470 548 541
555 499 513 503 527 487 391 510
523 516 591 552 568 409 552 487
425 583 385 370 478 717 514 577
511 433 567 407 541 329 410 631
631 426 559 578 545 495 345 632
446 576 586 473 524 514 428 496
531 616 622 409 583 335 479 405
576 539 372 436 513 492 473 477
374 615 588 562 500 527 612 456
488 341 512 503 461 545 526 607
417 455 564 488 497 684 401 493
439 578 453 528 559 559 520 497
437 499 514 541 488 645 487 594
704 645 559 477 606 416 434 532
524 517 578 464 614 556 459 598
585 527 410 385 503 394 624 673
440 640 523 494 606 568 465 544
566 690 547 533 572 450 559 421
691 521 497 652 440 449 485 464
634 416 535 428 385 325 586 420
451 529 560 427 545 631 521 447
399 512 499 572 540 455 384 388
509 496 502 453 551 540 624 519
504 535 470 573 523 531 579 633
516 474 539 454 465 635 488 418
473 447 471 367 485 450 599 582
458 381 446 574 488 399 501 582
472 456 448 475 516 605 519 565
521 426 608 430 451 555 534 417
394 574 582 509 421 501 605 525
449 563 656 670 542 496 381 441
603 563 514 434 561 549 541 440
446 396 324 457 518 462 590 397
605 567 400 706 482 419 423 462
471 453 523 599 446 522 587 459
444 514 244 495 663 465 633 533
482 518 536 449 383 478 444 549
554 465 542 534 321 577 391 481
628 567 394 506 504 522 391 675
535 510 576 485 550 440 447 544
501 496 529 406 291 479 391 529
589 485 387 490 432 592 501 596
435 498 439 539 476 442 387 567
550 455 440 539 600 213 591 525
540 465 420 525 368 604 539 418
547 380 550 562 504 547 422 298
558 581 601 487 418 305 765 554
533 447 516 516 467 527 501 628
367 467 506 505 281 484 543 278
605 555 680 426 429 405 472 471
337 419 562 437 627 381 550 433
521 504 543 336 553 508 497 610
625 624 390 581 468 402 488 394
482 558 463 526 608 528 648 532
398 451 497 520 578 419 479 527
527 647 361 550 524 523 628 451
390 378 457 523 503 633 400 505
428 436 541 577 496 439 410 477
485 565 398 649 727 514 517 519
547 431 513 488 466 579 436 577
533 583 492 466 495 578 617 568
332 590 503 503 307 444 554 412
296 493 416 541 575 510 479 452
507 439 512 584 485 515 539 456
504 443 431 552 409 498 477 434
528 379 411 427 401 452 503 497
511 471 500 604 349 521 480 468
431 339 498 400 555 433 447 467
543 557 551 451 553 385 547 529
542 436 482 601 375 517 465 488
523 412 543 413 480 367 499 393
529 657 467 422 472 519 403 485
654 549 422 512 474 453 425 649
307 571 458 613 398 543 584 508
523 432 449 469 521 389 346 429
541 443 451 528 500 517 534 468
404 377 367 554 368 556 457 533
539 488 530 524 586 389 514 459
451 458 602 388 486 446 568 419
478 574 576 486 500 549 492 437
384 515 410 519 414 517 451 441
663 476 606 357 440 596 456 550
363 493 458 539 419 424 540 496
589 402 539 478 370 500 430 473
349 391 577 547 436 535 404 404
459 475 393 472 564 582 428 463
394 482 328 537 519 503 543 395
577 537 464 589 522 509 492 525
559 330 391 499 494 414 534 350
569 559 447 487 452 470 554 542
499 348 638 530 472 620 421 425
629 525 505 530 544 460 387 600
520 567 426 527 345 436 487 492
605 385 491 521 582 358 542 541
322 584 633 457 636 516 333 475
552 526 594 491 358 599 473 674
508 548 408 305 513 511 485 503
541 505 613 521 602 585 627 520
613 500 470 416 427 351 658 547
641 458 397 507 475 590 483 474
686 355 477 555 458 460 603 672
581 447 641 561 547 371 469 592
474 540 511 532 479 579 639 375
478 559 602 440 514 312 463 662
499 344 572 492 544 532 518 435
370 507 573 435 438 538 652 639
415 550 514 536 493 460 593 426
525 634 500 548 599 432 416 429
664 470 507 452 437 467 593 526
542 466 559 531 393 537 417 576
499 428 540 425 530 377 521 537
422 421 428 406 508 457 429 513
389 521 602 686 430 429 392 634
644 633 449 639 481 359 357 541
383 568 582 645 463 427 438 491
447 487 591 485 429 503 404 498
605 444 432 485 670 497 401 547
548 617 524 402 393 472 601 432
532 453 533 617 519 450 535 677
467 529 577 580 561 530 618 595
464 536 528 469 341 571 461 475
526 428 536 611 518 596 447 543
495 334 592 497 535 484 480 478
465 476 453 448 406 718 448 521
401 493 425 444 444 519 445 627
510 349 530 650 523 540 477 549
623 563 493 785 483 540 519 731
674 542 523 620 625 594 509 592
665 619 488 657 430 699 619 513
657 603 576 584 665 514 639 564
616 427 642 616 604 592 660 416
655 689 668 698 623 580 764 547
575 509 652 668 727 599 536 631
503 660 652 561 624 557 605 610
629 565 600 634 499 668 680 630
569 604 434 669 591 637 630 523
605 591 764 442 695 650 692 654
691 557 673 605 753 780 713 564
611 607 732 613 471 690 402 524
526 651 770 634 535 627 656 574
669 609 559 578 637 563 578 603
675 487 525 730 702 528 708 647
474 750 569 624 574 611 541 693
504 613 539 562 585 643 532 589
732 463 660 634 581 567 555 644
606 702 618 596 683 690 577 503
667 651 614 512 643 520 545 652
549 602 654 716 551 598 722 537
668 607 639 612 476 643 507 600
617 737 642 594 525 554 568 767
498 609 727 576 529 487 549 551
742 550 529 733 634 488 542 630
554 446 684 630 514 661 495 530
586 600 550 710 760 624 670 616
644 505 607 724 624 553 720 650
642 548 630 602 548 699 530 554
693 616 636 738 686 696 698 508
459 519 547 583 586 621 448 605
491 611 682 595 596 647 717 613
573 566 761 633 706 651 673 580
608 596 571 831 705 703 465 546
667 469 631 626 520 563 497 691
496 699 459 703 675 489 631 671
583 515 484 607 505 623 721 747
523 614 522 620 590 675 532 609
663 605 599 615 621 618 570 495
627 668 564 599 646 605 725 484
556 587 560 596 562 552 642 707
548 584 609 681 446 565 615 546
600 664 593 467 567 629 636 523
680 646 618 538 703 421 552 603
632 795 509 573 701 569 605 514
509 632 567 530 525 533 629 641
612 547 380 556 443 647 632 554
528 386 691 624 604 528 691 611
541 421 590 595 570 558 729 592
524 678 588 599 706 614 641 595
720 679 748 593 421 554 596 588
539 486 613 686 631 476 483 597
637 558 555 472 651 599 575 609
482 469 544 643 604 575 652 449
781 642 576 504 657 522 512 636
543 536 633 480 631 567 481 605
646 627 546 728 569 653 617 670
598 613 626 645 505 536 781 558
517 676 429 552 637 356 667 628
511 504 591 493 530 710 592 567
376 651 548 546 570 508 639 713
619 676 661 667 625 659 612 595
516 721 585 516 523 607 584 618
543 598 636 636 567 702 697 622
496 499 480 566 615 651 471 521
600 453 537 442 818 609 615 546
552 611 694 697 721 595 629 492
789 760 645 443 587 432 769 706
703 554 619 513 639 495 528 558
732 604 708 696 629 627 577 621
661 474 677 605 717 698 520 542
616 574 610 637 574 587 523 408
639 534 568 588 662 504 662 653
604 504 579 509 625 728 654 490
574 776 466 617 631 574 655 620
556 530 694 497 586 560 500 611
619 602 659 557 609 596 574 713
451 687 646 704 701 643 601 546
560 572 608 484 651 571 574 450
589 536 377 724 548 658 477 722
571 426 553 762 662 648 548 506
540 581 549 645 684 719 501 423
611 566 690 815 562 585 742 628
723 491 569 662 532 435 549 673
552 596 685 638 546 724 686 506
369 561 665 662 662 456 717 620
629 689 736 506 598 629 685 691
522 712 488 700 628 644 630 585
471 640 655 692 612 593 529 605
620 509 588 687 414 714 645 679
658 710 700 691 639 569 601 633
603 388 657 644 562 546 508 611
503 761 463 554 557 628 703 610
571 572 641 615 678 585 664 623
561 466 533 482 675 600 596 630
622 548 575 750 649 463 662 688
668 547 707 630 644 476 690 528
580 486 651 633 467 734 572 553
621 452 560 599 713 682 687 499
720 650 727 611 759 594 690 690
576 568 536 681 696 579 565 643
427 579 553 716 650 571 515 436
658 732 648 644 428 589 676 678
626 590 518 720 681 681 645 672
636 494 702 616 519 628 544 709
605 563 589 596 643 712 594 580
575 509 621 569 558 666 566 591
507 488 596 543 623 511 565 499
649 633 581 539 405 641 556 697
622 521 515 715 610 537 668 547
703 708 519 619 510 594 668 626
578 692 642 573 575 636 567 562
495 620 580 582 660 543 615 716
589 457 554 473 528 651 666 692
577 659 599 637 639 591 626 636
563 681 638 470 496 717 508 608
647 558 652 676 737 714 575 467
638 553 499 628 625 540 568 757
593 451 409 587 603 771 789 709
621 607 688 619 566 796 683 639
611 476 552 541 575 608 531 692
633 589 551 600 618 595 585 560
583 639 647 552 696 496 689 438
503 707 451 626 555 467 677 661
483 631 580 345 622 670 749 744
500 620 572 461 648 632 654 527
672 659 706 508 542 668 544 644
519 457 675 516 796 666 649 600
545 503 708 563 617 589 607 528
645 706 649 549 570 683 649 693
643 714 556 700 497 661 631 742
817 563 491 656 711 721 502 478
690 642 652 574 711 500 467 593
641 650 553 584 427 672 527 751
668 587 608 528 586 662 628 587
715 629 434 605 622 464 485 565
490 710 643 641 531 589 514 773
590 646 691 412 530 667 644 563
591 542 633 494 674 602 614 566
558 636 497 680 578 626 555 655
612 624 716 559 493 458 634 499
595 557 471 496 667 666 654 590
541 573 486 498 600 741 810 665
512 662 687 739 537 501 627 547
680 643 623 732 644 595 647 677
586 617 703 613 525 595 693 623
635 584 650 693 674 491 698 563
564 618 423 570 652 605 424 667
483 582 473 658 607 523 705 566
550 575 669 553 613 638 585 558
660 633 474 561 525 660 458 608
635 619 692 552 662 620 554 584
609 571 484 493 688 598 613 627
502 711 723 481 513 611 698 516
753 613 648 486 561 564 465 597
579 693 734 582 648 778 670 660
673 678 636 639 636 560 567 639
763 545 659 426 559 736 670 539
464 596 609 633 635 672 673 655
578 565 514 615 649 629 549 497
457 488 726 456 554 690 464 501
592 669 571 632 594 584 637 509
660 771 436 660 585 526 638 525
592 538 456 500 624 711 737 600
531 629 597 720 563 594 656 705
497 479 722 779 663 540 647 772
639 588 654 612 626 649 786 696
565 503 590 604 505 574 586 525
755 586 640 556 585 556 619 609
556 640 588 725 456 552 612 515
684 615 585 557 525 737 628 631
527 637 703 690 727 643 507 648
780 560 638 497 583 606 648 756
591 730 755 654 708 522 640 737
572 487 456 544 649 554 541 650
506 570 530 642 724 600 583 670
727 659 624 675 755 765 525 556
674 545 585 667 537 464 614 590
596 613 643 843 790 590 577 623
643 471 532 487 573 663 624 610
499 515 566 580 626 502 515 562
745 701 633 477 642 710 508 684
664 651 545 592 721 621 512 521
487 509 612 613 730 558 617 601
602 685 640 585 608 675 559 598
729 430 544 756 534 608 780 578
657 497 642 626 733 522 748 526
490 686 662 690 606 577 667 451
780 661 678 488 649 630 644 639
615 663 503 596 653 763 587 544
667 618 616 646 722 662 646 538
539 502 564 580 702 718 599 640
486 565 613 680 508 663 512 467
617 592 446 600 702 504 579 538
594 554 636 627 544 709 603 460
627 682 633 613 646 546 591 772
596 626 586 585 445 632 584 590
560 551 723 687 558 684 713 655
555 726 507 644 511 663 580 707
684 737 544 593 546 591 695 552
725 541 607 556 520 554 469 685
540 572 462 672 557 474 708 595
664 653 635 620 550 549 664 678
686 679 549 630 477 655 490 610
551 620 639 814 500 619 629 630
459 467 582 612 589 638 487 591
638 652 459 593 534 396 526 615
589 478 541 594 494 646 592 735
532 543 617 661 545 691 632 641
571 552 571 647 614 603 608 516
484 565 581 617 636 566 571 736
726 840 635 519 614 670 741 561
509 659 447 642 715 642 686 617
707 471 588 602 649 477 674 531
581 438 542 553 670 563 670 527
566 595 664 598 608 661 499 705
638 619 643 746 600 614 479 594
620 539 741 743 534 586 541 611
640 677 575 546 669 560 513 633
580 623 647 592 526 558 662 504
525 689 716 737 563 583 659 597
563 629 629 614 435 701 456 662
631 527 567 455 568 667 498 459
581 694 642 717 695 415 635 613
554 513 622 647 670 615 570 628
574 517 572 564 548 595 425 584
511 600 563 449 628 501 490 692
715 672 537 567 574 746 598 635
612 504 628 621 542 590 566 705
545 464 613 706 584 647 429 531
605 565 628 821 538 596 537 537
656 735 574 517 503 570 638 574
688 723 604 544 584 553 647 669
776 613 676 597 613 626 685 471
679 490 675 512 666 631 479 533
676 523 609 688 665 670 662 521
565 547 506 538 570 647 561 672
588 591 408 504 663 662 527 711
664 652 676 726 510 688 613 590
613 537 684 533 713 635 717 737
605 687 596 616 567 557 645 552
661 728 635 680 648 658 593 584
656 535 689 590 724 636 497 635
755 559 703 604 578 573 548 625
641 603 517 610 695 697 578 684
498 680 603 645 702 712 676 680
482 678 520 559 640 435 692 519
603 578 722 555 602 498 583 549
570 567 489 547 561 427 681 665
576 539 593 615 690 643 562 618
528 504 638 590 742 625 390 540
645 578 585 498 565 515 573 553
563 745 592 526 672 670 608 695
548 658 723 549 617 537 486 665
370 555 683 478 550 521 553 543
683 746 568 584 539 611 709 465
522 492 662 579 587 555 685 561
585 585 545 673 452 661 520 530
468 641 560 585 664 613 644 505
546 450 728 696 493 626 638 576
561 557 563 572 622 634 463 572
798 589 663 532 583 648 616 693
626 606 758 634 604 524 660 635
513 522 644 605 355 728 686 551
563 658 498 675 630 702 635 614
726 574 663 654 582 658 529 716
505 557 481 638 656 653 550 654
545 664 625 677 601 695 595 607
511 723 506 589 750 387 491 663
705 623 581 712 519 522 673 648
575 514 518 629 537 654 466 663
437 590 496 720 561 522 616 715
715 728 721 592 741 521 638 608
558 654 589 514 604 560 582 503
603 564 615 594 572 714 578 480
652 453 530 725 563 589 448 591
679 604 492 624 772 495 492 556
572 717 545 573 555 751 663 594
657 526 549 681 592 496 539 624
674 602 673 702 543 628 485 635
410 530 597 606 679 610 683 690
586 561 598 797 612 521 724 606
538 624 786 389 562 569 492 572
677 590 612 688 617 556 644 549
656 543 549 522 568 482 642 692
544 709 533 642 720 679 605 550
592 749 580 562 658 625 671 510
495 687 672 585 529 548 486 629
774 508 648 692 677 712 600 645
687 609 546 620 662 673 568 562
598 803 549 676 689 468 716 493
618 494 542 562 659 558 592 770
533 751 659 668 478 480 514 500
750 669 592 610 555 598 631 464
520 598 627 524 735 605 510 646
532 707 697 592 553 661 623 633
680 524 562 632 617 629 595 685
684 607 516 506 606 513 698 614
584 598 575 620 612 576 571 499
672 728 541 699 544 635 489 576
540 635 715 686 660 664 557 613
540 666 479 552 638 685 679 579
485 616 532 557 646 628 760 619
749 610 623 487 736 406 574 513
721 609 522 562 646 577 644 618
533 613 525 565 558 475 688 625
510 572 579 515 655 629 431 494
493 631 717 541 585 640 602 690
538 619 499 544 659 651 739 707
744 605 615 695 539 639 657 488
594 576 631 479 601 602 687 671
633 759 690 689 592 433 581 602
598 643 607 654 614 602 601 558
522 568 784 529 736 502 521 821
653 651 540 492 514 442 683 728
607 717 572 715 729 635 691 626
584 532 651 588 793 653 491 503
440 632 587 548 769 648 574 603
659 679 532 593 539 476 592 644
687 485 443 711 527 659 548 574
496 471 536 581 566 662 558 583
643 573 583 649 675 556 629 618
605 634 712 673 520 580 731 728
543 635 635 495 592 606 476 695
558 528 547 521 509 670 681 521
660 528 589 565 542 685 675 610
633 730 723 530 584 582 593 506
675 600 561 629 630 620 669 485
618 634 600 635 629 542 593 565
513 603 752 638 601 737 684 626
699 581 565 528 643 612 628 747
526 641 594 655 707 649 416 492
551 691 745 509 646 583 611 611
726 561 492 615 615 569 550 825
548 561 649 566 706 613 590 476
527 642 577 739 682 583 847 707
614 670 721 587 711 468 650 565
642 556 666 598 595 623 547 546
737 636 746 725 396 631 625 680
748 488 628 551 679 653 583 510
634 653 572 607 663 525 473 717
500 416 590 487 594 589 703 722
590 640 648 554 504 550 652 751
593 757 622 656 502 645 546 588
512 496 659 639 612 604 506 599
559 670 622 561 606 570 661 550
671 736 558 504 613 627 617 589
475 571 551 595 702 534 627 744
594 668 589 586 584 634 744 618
573 612 401 539 626 623 614 615
565 702 707 540 608 569 607 732
601 530 606 614 650 574 507 557
619 532 637 533 620 686 627 502
710 684 617 528 556 589 558 503
577 616 624 555 666 554 529 623
709 619 691 703 607 561 549 577
694 553 713 543 557 642 475 523
590 600 516 560 563 685 520 588
504 503 718 649 536 645 614 600
679 533 710 519 503 611 530 621
625 588 697 643 626 608 742 646
642 470 703 703 685 673 545 596
533 736 672 644 487 580 561 649
592 696 549 566 619 641 476 611
579 710 655 586 652 615 622 695
651 584 564 606 605 555 629 734
676 584 533 700 568 627 695 520
678 601 416 666 508 453 674 610
580 503 625 584 689 487 534 571
598 633 559 640 670 574 615 477
426 615 589 662 626 730 474 616
627 712 504 562 539 619 614 618
514 464 722 360 678 751 600 688
543 576 724 603 582 606 540 717
643 685 657 608 690 665 466 475
501 532 563 585 606 652 616 675
661 633 612 598 604 566 534 570
457 626 501 574 661 612 625 644
444 562 655 693 504 577 542 692
708 625 553 642 486 713 571 588
620 629 543 637 527 682 511 631
625 497 672 593 608 727 670 548
580 644 563 538 656 636 559 572
594 698 653 504 608 575 522 710
669 533 497 631 658 597 649 558
711 543 607 505 508 697 571 762
588 548 712 510 598 464 573 618
502 640 490 559 636 633 585 570
580 791 518 587 658 508 492 626
564 463 581 618 566 639 475 640
709 761 673 736 542 498 614 538
602 498 629 647 646 693 606 545
454 568 412 512 694 607 693 510
589 750 463 487 616 604 602 643
659 602 586 664 488 734 688 713
640 461 664 505 569 586 570 627
484 496 622 535 408 609 657 555
657 598 574 629 497 583 657 450
551 591 654 661 477 696 785 689
572 667 609 545 631 612 676 620
443 731 580 586 655 453 651 511
631 550 682 661 469 526 531 522
529 477 434 719 648 548 599 585
503 583 511 528 584 617 720 630
564 590 512 625 481 560 405 490
531 647 565 733 697 481 676 671
537 467 597 497 760 566 544 600
635 590 756 528 576 585 520 713
736 542 718 574 491 674 549 573
692 619 611 624 510 606 728 664
710 614 701 529 603 601 665 526
567 546 634 622 589 655 609 617
391 568 484 632 535 693 567 453
722 668 646 559 568 635 574 586
419 726 643 503 437 583 387 677
512 584 659 591 843 552 652 615
602 432 525 708 603 547 647 478
686 534 615 765 618 545 578 648
493 590 518 683 726 614 658 660
592 626 610 536 592 644 572 592
600 765 539 472 680 534 543 547
674 570 497 678 596 680 521 651
522 498 505 626 671 598 797 515
509 600 547 603 597 569 628 492
665 534 596 542 556 543 611 648
562 557 728 711 503 489 563 527
658 659 560 595 583 641 613 542
580 572 762 578 602 606 558 590
582 576 624 570 613 564 483 622
565 531 627 685 492 514 586 632
718 659 590 579 575 671 599 656
563 355 640 474 694 507 682 668
551 608 739 660 496 625 674 589
443 484 560 501 620 511 573 596
609 798 669 513 658 594 437 652
585 659 695 633 596 715 663 666
557 632 764 495 581 567 585 672
577 476 637 583 647 564 589 722
631 688 564 686 543 429 512 687
675 539 631 622 679 484 521 455
703 675 557 670 600 682 637 579
640 663 643 712 684 666 530 653
701 569 585 690 619 718 572 607
509 558 678 565 588 595 616 417
502 591 677 609 633 532 628 528
638 508 508 692 542 573 433 657
643 751 471 682 649 565 491 740
531 566 579 501 609 515 598 572
699 720 656 733 772 471 566 669
513 463 723 576 620 580 507 661
600 659 470 492 741 698 683 530
638 449 616 635 784 518 610 542
386 586 490 470 582 643 524 537
630 579 558 682 635 555 527 573
571 581 634 654 631 695 661 665
525 523 687 690 529 632 574 521
631 655 468 493 692 547 581 526
591 610 537 677 573 629 567 585
485 765 415 660 617 529 660 539
518 485 573 604 512 789 531 384
701 621 632 607 579 602 634 595
602 411 634 626 612 609 715 568
622 592 578 655 545 540 731 487
602 645 579 614 490 462 557 593
526 651 598 538 730 574 507 702
690 651 623 548 550 602 571 643
618 541 662 645 570 636 623 694
628 572 507 727 642 476 717 554
454 513 663 594 518 451 620 528
592 579 569 497 652 550 607 697
684 800 674 671 774 764 514 634
576 615 577 679 569 630 647 578
754 657 689 528 793 610 591 663
521 616 563 540 478 661 576 562
689 583 432 677 601 548 696 593
619 720 622 617 674 603 643 773
641 673 610 640 589 654 671 710
486 753 490 551 506 576 705 609
631 571 591 459 619 591 499 602
497 678 671 546 530 653 641 589
549 633 518 639 494 539 674 615
638 660 454 598 712 642 547 728
607 490 535 638 570 628 558 504
558 679 606 646 610 560 601 778
697 605 666 571 710 647 648 624
657 625 495 673 646 596 605 712
601 644 767 621 645 393 506 556
625 744 552 674 520 469 489 602
492 675 687 749 488 691 517 572
568 456 645 579 651 534 561 605
552 658 682 600 652 557 552 722
625 513 561 513 636 458 539 606
672 690 478 646 556 426 540 751
556 513 487 645 647 518 671 563
658 671 520 555 628 726 795 533
743 714 699 486 648 567 563 596
577 604 480 601 609 515 535 610
587 594 645 624 515 513 485 713
571 544 545 522 660 565 522 617
476 606 689 604 642 696 695 462
685 656 544 501 610 585 494 509
440 709 711 691 638 515 618 627
582 485 560 686 642 605 558 668
591 582 517 574 605 604 707 536
505 506 743 636 665 595 742 713
641 585 576 662 532 537 537 582
718 644 509 759 671 729 616 337
789 614 767 679 727 477 445 574
573 723 638 548 554 682 577 559
484 604 478 588 568 657 722 622
505 555 480 651 627 551 572 579
588 692 671 549 686 426 556 584
520 713 557 634 624 649 655 602
579 483 563 653 693 578 633 666
529 486 448 551 709 660 644 614
613 512 590 717 586 557 515 583
755 590 665 677 623 589 591 529
444 687 537 745 669 609 692 517
633 613 660 561 463 504 777 557
434 615 448 579 577 582 558 567
601 652 655 575 651 688 774 567
717 532 636 537 546 450 576 585
462 489 472 511 445 634 591 532
585 687 608 717 601 713 468 571
578 691 555 655 601 726 856 672
546 588 460 606 542 611 587 539
606 736 623 690 620 607 527 505
528 657 708 697 719 403 504 589
604 666 516 479 543 543 629 653
458 533 542 604 481 465 596 591
571 622 558 554 688 579 549 591
588 637 570 448 603 527 448 566
593 639 559 628 676 676 713 615
512 700 526 640 481 591 679 581
732 628 613 393 574 553 465 555
513 572 557 719 522 728 692 544
619 453 681 571 681 619 703 574
556 615 629 747 691 703 615 655
621 702 572 654 740 516 410 661
562 487 583 510 718 631 429 549
475 638 805 571 695 680 592 599
601 637 553 644 581 684 512 688
572 619 749 492 645 728 693 523
519 565 654 733 668 652 492 709
557 553 548 649 538 492 647 571
608 526 546 578 749 559 717 660
541 703 550 628 493 687 698 775
680 719 646 545 651 663 658 584
678 565 618 500 751 708 611 684
652 601 594 633 692 624 644 699
583 610 607 563 613 597 560 568
544 650 668 516 537 442 653 480
699 672 510 556 575 723 553 542
584 579 613 579 658 544 656 662
592 499 596 669 592 512 562 659
615 753 521 542 670 434 762 562
576 729 505 600 505 607 645 526
652 448 699 515 576 756 555 598
719 575 590 578 526 509 354 586
658 704 533 586 663 621 608 770
655 639 690 639 619 579 600 671
488 611 540 789 554 673 797 676
485 532 578 776 484 526 493 605
622 641 620 726 589 596 549 649
552 528 439 612 571 652 563 655
531 631 615 613 585 619 562 510
645 557 600 527 547 493 723 550
614 560 683 644 660 649 599 517
746 727 659 563 662 688 641 418
407 679 724 558 617 658 552 664
589 578 669 614 812 626 689 616
478 565 553 599 668 668 545 564
584 652 609 453 644 661 553 685
432 676 580 594 626 560 626 603
527 751 552 508 590 554 584 450
656 539 388 584 603 531 613 578
416 484 575 465 558 601 620 615
644 481 662 640 438 646 815 653
542 536 728 494 536 375 574 649
511 568 546 581 612 627 550 666
612 500 542 649 675 584 584 672
471 561 429 590 665 500 640 563
604 535 563 565 644 547 591 611
697 603 528 585 606 538 614 585
622 702 494 578 611 628 508 479
522 678 530 628 551 739 540 599
643 623 609 472 601 665 622 584
655 580 684 522 589 662 613 743
559 726 657 737 663 472 590 696
613 599 545 411 689 618 526 644
552 578 530 499 645 663 518 512
656 584 372 616 523 650 682 664
653 505 496 592 496 688 728 707
660 666 678 672 496 756 627 621
707 588 561 522 569 622 465 713
629 572 753 602 538 596 572 748
528 617 542 622 469 614 632 589
730 703 483 630 561 649 638 544
713 581 518 509 606 688 549 491
608 456 633 450 612 565 605 536
438 520 526 529 680 455 657 603
527 560 569 653 535 655 609 602
609 636 677 755 739 527 658 602
593 596 505 651 572 543 544 615
610 649 478 548 631 669 717 607
645 680 631 557 501 602 611 522
635 610 762 665 520 571 629 669
521 536 480 763 675 564 696 510
539 649 584 609 489 656 643 627
777 576 566 569 503 598 508 695
711 495 632 554 633 690 466 625
519 591 681 463 656 595 634 667
601 503 558 632 692 532 657 672
448 513 711 584 554 546 576 688
606 683 687 571 561 543 537 666
584 517 580 766 608 661 707 642
730 760 571 668 600 549 677 534
605 595 539 635 584 744 601 608
549 466 493 504 614 704 623 548
637 617 648 581 459 622 569 531
587 469 627 573 617 675 607 637
638 647 569 571 594 751 572 522
834 638 550 565 562 627 548 592
493 538 597 692 552 512 555 543
494 535 485 572 553 653 611 431
562 660 622 510 652 506 501 608
507 528 625 527 725 678 598 612
500 372 689 605 697 587 648 558
583 528 655 575 573 654 594 604
529 694 637 581 479 445 647 595
472 545 624 635 571 641 476 789
536 668 625 558 687 683 690 412
604 554 659 500 587 589 618 635
561 665 623 532 708 505 600 527
562 514 696 541 626 648 689 480
592 694 693 593 618 548 721 697
700 671 670 464 471 510 485 734
501 427 568 537 559 546 658 781
561 619 559 743 649 587 624 530
734 656 628 652 679 601 570 589
605 545 661 561 569 559 618 771
584 760 638 726 528 528 645 774
507 626 586 523 602 547 565 663
606 536 599 633 517 607 538 580
588 555 694 675 576 569 628 569
494 752 672 578 693 444 676 585
589 526 622 534 450 649 695 435
568 651 533 576 572 564 545 627
572 647 700 664 615 524 602 644
557 475 584 458 541 546 487 595
736 475 623 621 606 591 609 702
590 579 778 589 793 561 500 493
588 554 611 563 621 714 723 623
579 588 574 724 518 603 758 587
453 667 514 494 605 481 586 517
393 566 607 597 751 614 471 664
643 621 555 604 605 581 630 552
661 628 509 680 571 730 737 607
540 695 469 666 594 695 704 607
645 672 673 652 616 669 558 580
446 610 678 631 579 646 619 660
656 696 787 540 638 608 560 715
503 588 608 585 754 603 552 620
554 644 605 473 671 583 599 634
506 596 543 424 600 606 597 359
587 527 545 488 582 590 558 547
666 567 588 613 518 560 547 639
549 568 471 533 572 578 711 544
506 625 508 700 589 651 681 757
439 602 606 633 533 717 589 657
720 648 692 542 538 525 605 652
689 593 666 404 592 576 645 553
630 706 507 577 564 540 635 625
564 808 641 680 696 561 574 515
614 659 491 696 568 705 642 528
615 503 554 601 596 503 596 623
633 727 507 750 580 578 567 579
452 489 520 591 433 587 557 481
623 587 523 548 561 627 843 686
648 551 488 609 457 588 563 587
730 568 624 668 690 595 669 567
653 623 601 536 577 556 618 592
468 589 620 599 488 729 487 560
574 557 767 728 623 569 648 632
585 514 526 541 609 645 537 587
678 584 572 653 658 643 622 631
493 573 525 613 660 653 517 569
589 489 584 727 581 637 630 559
537 536 527 578 587 776 681 464
528 659 699 690 461 771 408 409
552 670 747 625 492 533 681 581
659 634 494 457 593 559 613 675
450 510 557 527 746 582 513 554
533 649 650 587 746 520 688 740
496 575 594 679 598 698 534 594
431 774 561 682 606 695 460 704
635 564 634 678 657 573 392 568
604 575 596 523 661 780 503 692
588 554 615 472 597 683 650 684
647 529 447 617 583 528 509 763
586 522 759 594 560 614 645 439
642 609 726 640 585 767 715 562
675 604 636 608 607 529 663 598
516 586 517 579 549 654 651 683
620 440 732 691 625 489 627 529
535 555 559 467 695 437 497 555
586 479 528 637 487 632 562 541
621 625 460 482 520 398 554 578
519 524 634 602 587 511 495 635
707 553 475 514 546 475 608 535
652 498 589 523 516 580 717 619
632 676 651 747 691 555 536 735
793 690 589 540 632 591 481 579
557 619 583 568 700 693 738 640
662 608 530 606 459 571 668 479
566 719 706 627 564 593 532 683
619 609 535 573 523 551 758 566
577 658 522 492 465 713 542 555
474 696 694 589 585 527 601 577
655 493 546 654 556 630 697 559
599 518 652 568 654 684 575 724
447 666 451 497 607 646 552 544
564 580 614 513 653 491 645 605
639 652 521 583 704 637 644 590
548 640 611 725 647 701 452 508
750 494 552 618 593 556 601 702
678 504 771 657 571 611 676 502
711 667 613 550 563 534 649 730
616 591 460 388 544 553 578 697
666 527 527 611 534 615 579 737
571 600 584 655 658 592 540 594
534 661 533 765 601 581 572 604
685 520 601 441 627 556 749 517
555 481 537 600 649 536 388 585
578 708 707 671 550 588 634 446
614 608 465 531 667 650 603 600
507 512 612 680 668 653 567 534
442 654 605 465 592 500 535 703
716 463 488 722 736 593 672 683
565 426 668 625 486 644 591 565
572 603 574 695 741 489 671 677
624 610 548 556 692 616 585 619
634 526 546 618 641 636 608 631
680 496 620 619 627 567 627 586
645 723 596 647 631 705 604 520
581 561 603 654 522 457 570 498
570 695 614 635 545 668 522 559
555 413 489 739 639 562 557 584
568 660 620 620 561 630 520 511
717 702 692 557 561 756 682 577
578 602 589 515 777 631 600 676
637 646 602 536 545 650 616 445
559 498 410 652 479 568 616 650
607 643 627 678 593 623 473 530
637 638 684 668 708 374 599 522
651 650 623 561 568 718 721 476
685 663 634 711 664 518 617 582
664 457 603 744 658 649 629 617
628 688 640 572 785 505 684 554
580 635 591 680 523 554 603 443
565 584 571 605 645 612 684 564
685 425 508 553 630 653 547 642
650 599 580 700 658 539 616 669
604 658 599 522 652 502 607 604
691 639 457 642 553 687 628 650
644 446 454 678 593 590 547 728
528 611 624 716 546 477 726 616
684 737 674 373 550 472 553 733
550 560 533 721 593 598 540 684
558 625 639 581 492 711 514 639
527 686 606 500 660 663 611 613
574 732 595 563 517 566 609 614
581 653 534 624 561 663 656 754
522 496 562 694 551 674 591 624
575 631 629 562 578 560 560 650
565 772 661 650 639 541 636 589
643 669 720 581 741 666 695 599
656 630 570 653 553 412 550 583
724 658 583 695 538 615 606 695
588 624 642 583 573 567 540 551
573 527 499 618 640 606 583 528
587 616 651 478 518 470 575 688
678 549 647 698 515 555 458 674
480 451 731 724 537 661 583 619
622 576 527 561 507 462 524 575
621 498 418 522 556 398 635 591
581 572 537 550 537 625 584 540
441 591 530 635 634 609 619 604
497 696 496 446 619 810 644 453
577 530 711 664 571 641 626 741
549 550 562 544 607 644 663 671
509 637 519 576 613 562 691 578
531 599 551 638 610 652 529 674
701 494 490 686 658 714 742 714
682 568 502 586 526 640 427 467
632 603 628 674 577 558 687 650
693 654 586 558 616 655 717 319
676 546 639 579 662 557 568 488
579 716 703 619 461 614 737 619
697 533 585 687 583 551 635 824
473 662 696 649 649 691 516 596
711 539 659 517 541 515 670 532
623 669 609 598 634 686 466 594
553 462 634 614 694 641 618 573
582 611 512 729 455 579 643 573
595 481 557 711 734 558 588 507
558 646 516 545 439 647 592 631
668 558 678 644 577 608 817 558
619 588 582 625 689 484 707 617
408 639 644 600 569 682 611 579
672 678 632 715 562 711 586 510
577 533 592 687 627 456 571 546
637 707 641 736 557 611 730 601
502 764 598 620 566 576 528 638
532 517 576 694 546 499 648 590
578 563 513 658 606 618 573 607
682 715 576 379 678 544 582 581
719 666 632 534 616 652 552 761
679 614 679 575 590 714 647 550
566 573 568 777 595 675 612 565
657 425 624 385 547 556 619 658
570 617 662 582 540 573 554 694
623 567 544 500 778 635 536 536
620 585 589 722 430 624 517 579
649 609 724 738 547 675 580 598
705 531 597 567 639 621 738 480
719 582 579 648 453 464 612 531
606 485 548 529 604 569 607 682
618 434 506 675 518 554 637 654
698 568 621 695 666 521 663 618
587 597 616 624 650 512 561 477
617 519 664 560 553 658 512 686
551 629 628 490 520 607 498 575
513 545 567 684 595 573 416 728
564 610 682 588 620 574 533 517
591 625 752 617 686 582 410 444
541 588 612 659 545 653 606 470
669 703 627 594 552 407 584 466
565 596 584 639 649 697 510 594
593 524 754 705 670 468 583 650
597 587 506 646 725 487 505 622
518 420 572 433 540 654 536 618
620 530 538 548 688 581 533 661
672 554 588 671 636 594 655 648
593 703 564 556 604 553 809 591
567 545 553 562 597 558 620 636
622 509 742 534 454 828 730 443
562 595 509 665 590 537 380 632
605 568 607 732 718 542 667 542
673 518 683 639 649 609 642 670
535 570 560 550 667 525 731 459
686 647 484 650 642 509 554 637
559 506 542 500 491 713 572 557
701 524 545 509 610 659 739 791
639 618 418 564 533 600 527 656
626 512 445 570 526 615 421 595
508 549 392 514 700 619 578 564
534 593 691 541 578 610 623 513
681 649 675 627 528 551 733 574
628 727 589 504 594 502 604 565
715 625 499 532 659 599 635 524
560 570 586 669 428 623 651 489
672 596 676 603 565 510 780 623
524 760 653 667 565 681 622 555
692 541 622 481 529 625 612 445
665 513 530 608 618 649 671 532
709 581 511 787 698 532 655 606
490 511 542 504 686 445 814 542
567 652 461 546 590 471 652 725
677 605 671 589 491 660 731 547
610 544 601 558 608 652 470 709
554 534 697 613 639 590 490 851
463 609 553 742 635 684 523 491
540 730 554 672 603 604 654 482
679 685 620 550 543 505 684 501
310 624 531 613 648 293 652 685
604 444 639 635 570 744 696 664
668 609 684 483 542 518 664 679
575 613 706 628 574 661 732 540
481 689 626 646 622 575 629 670
592 540 599 617 617 584 652 549
563 712 458 564 608 579 540 484
645 594 701 629 586 542 486 666
689 519 482 605 570 651 592 647
644 434 725 717 602 565 637 643
470 588 578 621 651 532 501 584
577 485 621 660 585 662 635 565
685 600 762 685 536 627 574 641
600 566 694 598 492 522 479 635
658 593 710 618 428 504 630 620
603 589 534 779 622 539 571 590
678 490 524 559 617 669 480 619
538 643 576 626 570 704 649 619
647 766 613 587 688 439 637 544
552 933 660 547 598 590 558 626
724 649 489 517 593 510 567 551
710 631 609 634 420 672 407 396
715 776 770 788 645 503 419 636
712 719 625 663 552 748 590 699
502 666 652 592 712 669 729 764
806 574 589 598 484 582 549 564
522 714 687 499 710 613 497 486
519 695 553 547 651 566 644 531
521 618 674 491 690 579 556 603
461 570 534 693 523 627 575 603
645 504 657 706 546 649 685 482
741 618 571 600 662 548 543 699
663 626 634 551 593 560 560 698
530 592 658 619 600 503 564 719
587 611 625 595 892 587 709 565
587 595 570 549 584 731 679 624
567 574 618 558 619 519 713 606
443 560 592 602 570 497 702 682
573 591 561 488 597 630 543 528
662 675 599 628 643 666 639 600
585 626 600 580 746 469 611 580
543 395 727 690 369 549 465 560
683 514 455 628 622 436 530 548
676 553 619 647 570 470 633 547
621 592 749 571 751 647 708 593
695 615 507 505 629 672 597 717
577 549 549 609 541 517 643 611
597 630 634 483 487 761 613 735
777 655 480 453 647 380 601 553
485 567 562 740 538 638 671 655
600 639 530 546 571 514 624 485
649 513 717 479 637 685 614 680
689 619 512 454 668 663 637 458
691 459 707 646 556 696 589 562
584 438 658 547 565 714 502 598
719 830 573 590 692 468 767 837
482 475 540 572 558 716 564 800
555 737 514 595 617 636 614 616
530 725 681 701 465 584 619 544
601 597 571 665 679 534 653 676
612 552 628 663 656 476 688 541
463 619 610 559 576 610 609 678
671 538 606 558 584 692 633 552
676 634 464 502 495 612 501 632
688 616 604 718 509 532 619 540
670 545 532 616 509 568 631 742
583 715 517 643 677 688 556 559
614 545 583 560 609 588 728 667
719 526 683 602 727 568 654 639
630 650 612 588 601 588 651 681
581 697 536 569 675 592 521 657
586 609 658 589 611 494 680 571
702 508 630 630 602 604 696 600
702 532 581 671 545 637 717 531
724 631 545 616 698 513 650 521
680 881 695 605 595 582 605 427
480 601 653 632 694 638 578 583
428 481 657 638 721 640 629 585
409 646 612 698 595 611 568 470
469 596 554 666 486 501 661 634
594 666 596 699 708 634 559 564
533 784 667 719 522 650 487 626
564 534 580 585 661 506 478 328
628 781 592 658 579 507 663 621
642 707 595 633 630 558 524 645
638 596 737 552 651 464 566 505
670 571 664 532 645 607 595 563
616 537 645 616 574 680 611 588
662 558 628 505 683 618 629 561
650 630 597 436 591 542 584 753
594 741 739 593 611 544 576 725
541 653 512 735 586 607 638 690
609 610 549 626 711 690 602 634
831 508 551 613 671 525 512 624
529 674 571 684 603 490 564 754
650 618 602 609 701 553 544 473
427 517 670 599 488 698 528 529
523 721 701 623 582 722 624 657
610 621 583 551 619 635 608 566
662 701 751 552 605 576 642 667
621 581 449 673 577 660 635 584
709 603 637 553 584 668 594 620
694 703 669 601 668 559 672 620
723 657 605 595 567 728 584 400
629 493 741 615 580 594 621 537
502 652 674 574 621 471 582 537
461 607 666 656 509 493 602 601
501 505 715 636 599 684 646 696
662 578 690 553 608 583 720 530
659 610 559 529 536 528 671 608
691 522 353 590 692 701 592 584
564 520 675 453 626 560 638 683
728 683 513 669 573 594 539 514
515 686 606 565 630 663 766 704
590 622 572 726 639 484 544 577
670 720 550 704 640 534 662 589
695 530 520 762 589 502 614 652
569 552 670 607 592 573 574 586
528 648 615 683 496 629 729 631
735 629 548 813 643 520 755 734
623 473 545 671 413 665 733 520
630 605 702 621 398 463 539 580
570 569 659 528 610 657 528 617
633 566 592 556 549 597 567 742
568 734 670 516 592 718 679 534
555 609 585 619 557 612 524 525
691 482 571 688 697 610 658 465
569 675 584 631 532 654 696 631
610 552 507 648 711 610 515 625
669 586 497 592 658 472 573 634
537 919 637 620 640 677 509 683
499 489 556 613 556 504 655 569
529 600 564 709 545 663 754 644
577 621 557 788 579 694 568 535
599 660 594 673 631 517 697 618
734 682 497 606 602 816 543 543
628 494 585 622 552 461 607 590
631 528 551 578 511 678 699 525
548 787 663 543 660 531 551 584
668 617 532 664 732 486 707 697
639 630 654 658 616 464 540 631
528 609 565 541 705 569 667 562
506 608 567 597 534 673 596 607
624 465 616 574 653 449 391 589
544 675 524 629 615 591 638 514
652 604 614 543 538 549 547 595
658 478 541 587 675 580 599 534
572 581 636 734 746 617 653 568
