485 514 504 479
492 523 466 494
518 488 490 499
521 491 494 494
531 531 514 505
510 521 487 517
482 491 513 480
498 488 496 460
475 490 513 498
500 510 488 504
489 476 494 508
505 500 534 506
514 532 482 485
525 489 500 515
513 525 521 515
489 511 504 481
520 511 501 497
483 503 507 488
516 484 470 515
494 498 488 477
518 490 523 511
496 485 490 483
530 502 516 482
503 517 495 515
485 481 505 495
509 472 510 537
500 500 503 474
506 477 494 518
490 507 514 504
481 495 528 471
496 492 502 511
523 496 511 507
507 492 486 484
489 505 511 505
492 526 521 495
488 502 518 505
508 497 506 522
497 502 504 504
480 473 486 502
508 492 519 498
500 497 502 510
509 487 522 485
501 496 485 499
490 501 506 521
504 491 494 502
501 521 520 495
492 464 492 486
495 506 503 500
503 498 503 454
496 498 495 497
510 492 531 510
500 497 499 487
499 504 508 508
496 480 491 523
513 505 489 500
482 492 497 495
514 480 488 481
483 502 477 511
497 501 505 494
515 497 508 497
504 504 504 486
506 495 509 470
479 505 526 512
490 476 511 499
508 502 500 542
500 498 498 492
514 495 509 504
517 506 483 481
520 491 481 491
518 480 488 491
482 483 479 493
495 490 477 518
481 504 485 509
514 488 473 510
527 506 502 512
511 488 491 509
498 519 490 511
505 498 517 510
486 509 519 498
496 491 500 510
488 481 495 480
507 494 475 495
497 506 498 526
493 499 499 496
502 508 519 478
493 494 513 495
473 501 500 503
485 524 495 497
487 487 483 494
486 529 473 484
494 510 494 510
486 501 525 486
506 503 468 492
516 502 483 510
493 505 505 484
511 486 482 488
495 502 489 511
504 490 513 516
499 497 475 494
496 503 498 503
522 493 493 481
500 514 475 491
501 512 505 505
497 507 514 476
510 499 493 465
480 524 490 485
494 489 502 521
492 502 484 521
503 485 513 517
502 477 525 504
517 492 494 502
516 502 482 504
523 501 502 482
480 491 495 501
502 523 501 515
499 520 474 492
514 498 513 505
513 509 510 521
514 514 500 492
491 511 466 482
486 496 463 518
508 528 515 515
532 492 479 497
488 496 485 508
507 500 504 498
511 501 496 513
518 519 486 492
476 497 506 498
527 494 485 508
502 508 504 503
470 490 492 495
494 506 508 484
510 508 507 480
506 501 514 525
522 502 500 509
484 479 493 517
495 521 461 478
498 513 499 499
498 475 516 490
515 499 515 505
498 503 479 500
524 519 486 507
504 512 501 497
519 503 518 514
495 498 527 503
489 483 514 502
489 510 502 477
508 519 536 500
503 523 502 504
491 480 513 482
516 489 504 495
517 504 528 485
506 501 504 523
508 484 508 494
493 515 491 495
500 513 508 497
496 484 489 491
498 528 490 496
471 508 478 487
515 470 501 511
522 487 491 526
500 490 490 486
494 515 513 483
503 494 511 498
505 498 469 501
482 511 490 491
500 508 498 523
523 524 497 479
517 494 501 509
477 523 512 505
513 508 502 496
490 504 505 515
503 488 478 498
500 499 478 515
515 488 511 513
501 487 523 505
496 511 523 493
510 527 484 492
492 498 497 504
488 491 504 502
512 506 511 484
495 526 506 511
504 506 497 551
494 499 466 516
492 499 493 498
496 499 499 498
498 519 512 513
490 518 516 492
522 490 474 516
498 514 489 482
517 480 478 473
460 485 469 499
468 485 533 505
501 477 497 501
477 502 517 495
497 471 480 515
491 487 490 499
484 502 481 511
485 519 500 488
513 481 492 500
498 472 487 502
481 518 507 493
497 526 513 505
480 523 515 498
492 497 483 493
511 474 496 502
501 483 483 515
483 514 493 515
494 484 512 500
520 513 497 494
500 503 488 512
494 494 492 503
490 502 539 499
494 476 501 484
495 502 476 502
504 482 494 474
522 505 497 498
516 499 505 521
495 485 488 520
501 493 514 514
493 486 478 475
496 487 526 501
473 520 502 510
510 504 507 503
484 505 514 497
508 506 526 496
496 498 499 468
491 504 500 489
491 495 489 493
492 513 514 513
506 490 514 496
500 519 501 503
480 507 486 514
497 468 495 497
507 509 495 514
455 490 484 482
514 512 489 517
501 494 490 489
507 509 503 471
504 508 491 501
474 483 495 496
505 483 495 493
507 520 524 478
499 484 499 506
501 499 521 510
496 500 512 509
494 475 483 502
475 498 494 514
481 473 494 509
515 487 507 484
489 508 510 486
507 474 497 484
489 482 508 508
490 505 504 498
531 488 500 495
495 502 496 488
502 517 513 503
490 503 515 517
505 495 497 511
510 475 509 510
487 489 489 490
480 504 489 499
493 504 486 503
506 512 528 470
505 490 473 512
519 494 503 499
506 512 505 505
518 498 513 488
523 510 494 470
500 483 504 521
502 497 505 504
467 503 509 496
514 498 511 532
499 473 495 476
509 519 510 505
491 522 511 504
503 502 506 491
522 502 508 494
505 468 484 500
481 534 476 505
523 507 496 492
510 489 498 510
496 501 496 486
517 520 496 496
497 508 487 499
504 509 461 506
505 514 493 493
517 478 523 536
507 512 479 490
515 505 497 503
507 496 500 499
485 505 526 524
479 508 510 494
486 481 494 505
498 491 482 505
515 487 506 473
491 510 484 491
520 490 488 508
528 497 511 519
505 496 488 480
516 503 519 514
491 483 506 491
505 490 488 498
513 504 517 483
485 499 531 510
485 499 503 492
509 498 496 518
476 486 488 488
490 507 516 513
486 498 506 503
518 490 502 494
504 485 487 490
492 522 517 497
502 477 497 502
516 505 506 504
504 480 494 520
512 507 501 509
487 478 495 508
502 514 505 501
519 516 499 484
487 498 495 523
476 499 485 502
505 494 508 497
497 494 509 502
522 518 508 469
479 514 493 503
491 507 514 483
488 476 503 476
495 507 529 505
518 504 504 497
495 517 505 505
491 495 529 499
519 493 511 504
494 509 478 508
511 504 519 499
498 505 512 508
497 486 509 489
488 491 501 489
484 491 497 506
501 485 503 505
494 489 489 492
531 487 504 490
493 490 511 505
498 507 511 488
508 490 512 510
506 497 493 496
511 490 501 475
504 485 481 507
503 494 496 532
497 497 509 501
514 504 511 506
509 499 503 496
509 481 510 514
510 499 507 489
512 484 508 508
506 494 511 474
511 503 515 503
526 487 509 487
498 510 509 529
495 518 496 490
477 502 493 512
493 493 505 524
485 514 512 497
510 496 534 498
501 495 476 496
503 521 507 497
501 505 495 510
523 495 517 512
508 502 505 497
526 490 516 522
495 516 502 501
499 477 508 520
490 512 499 485
514 524 489 503
480 499 507 525
522 523 493 497
476 490 479 505
490 484 495 483
504 504 496 490
481 508 503 507
496 497 520 492
496 511 504 471
476 491 513 509
507 509 486 509
487 513 493 504
473 481 515 510
483 518 485 500
493 487 517 524
503 522 496 502
502 484 507 510
498 476 505 479
489 502 489 504
497 477 502 508
514 495 499 479
528 521 500 498
459 515 508 511
494 493 483 511
518 516 503 495
485 490 507 496
523 516 491 483
492 515 493 508
492 505 507 514
520 519 493 498
483 497 500 494
493 515 513 506
482 503 495 519
475 492 492 493
514 467 497 512
514 492 490 505
502 501 446 484
488 509 480 485
498 482 509 494
526 491 492 511
491 521 507 496
498 540 507 502
498 515 479 497
460 492 512 520
509 509 476 490
521 493 498 489
487 493 491 514
503 514 480 517
500 526 499 479
518 498 470 502
503 515 449 516
493 527 476 508
506 494 489 495
495 482 514 485
514 475 497 498
500 514 497 494
497 514 483 486
472 529 484 473
489 491 521 493
504 475 503 477
496 489 501 509
481 484 503 510
520 493 479 503
489 487 520 509
490 500 499 502
494 473 486 492
500 485 503 495
489 482 506 506
511 508 509 505
475 496 480 519
500 518 485 499
504 495 503 521
485 463 523 489
516 509 497 505
484 501 508 489
495 504 519 500
494 498 516 491
496 491 497 503
515 470 508 487
508 518 514 502
512 487 499 521
489 503 495 497
506 496 500 493
474 503 506 520
498 480 489 508
499 504 495 526
524 487 513 504
500 488 523 516
479 520 499 492
486 513 506 488
489 495 493 507
505 491 477 481
512 486 502 475
506 527 481 508
504 513 498 504
503 508 488 503
511 517 507 484
478 506 486 512
496 514 530 499
498 514 515 524
503 491 500 491
503 488 513 510
502 500 497 519
517 502 488 483
504 491 507 495
511 503 514 468
497 531 465 512
506 518 498 517
517 503 484 513
486 498 513 515
495 509 478 493
521 519 509 498
512 500 502 501
489 510 485 511
486 490 460 498
503 512 519 479
514 493 499 499
494 487 504 511
482 500 491 515
507 521 478 515
502 490 507 522
523 512 486 504
505 518 498 500
491 509 497 503
493 501 485 502
491 510 526 512
484 495 477 500
475 483 516 512
478 494 507 506
477 504 491 517
497 505 498 509
489 509 517 526
522 492 508 511
508 511 506 492
503 512 507 484
488 494 497 502
486 511 474 507
507 509 457 481
495 502 499 488
518 505 494 486
501 518 500 500
501 502 497 486
522 509 530 507
497 487 495 484
530 500 511 514
515 536 499 497
502 511 503 496
490 489 504 486
474 502 516 509
500 506 477 490
524 517 490 525
490 488 522 518
492 499 495 507
522 508 498 481
511 483 497 514
511 512 510 502
504 501 507 508
502 507 490 496
503 527 507 498
497 511 499 509
507 482 507 507
511 488 515 498
528 525 491 481
510 488 516 507
479 511 502 506
522 498 511 492
492 497 491 508
481 512 489 505
483 507 515 500
522 498 506 487
506 492 490 522
482 498 510 503
474 509 480 494
497 459 499 509
498 503 532 516
501 537 491 507
478 506 498 501
505 504 485 495
500 480 511 527
504 493 467 478
505 518 497 479
488 492 473 496
513 476 492 471
488 498 514 506
483 501 495 500
497 504 503 512
502 524 507 521
510 490 518 517
459 492 520 515
479 512 524 509
479 489 506 497
518 510 528 514
508 496 520 500
485 501 499 486
512 498 506 489
498 511 497 495
531 504 510 511
501 507 486 520
518 503 500 482
515 496 509 480
509 498 500 480
510 491 499 511
499 528 487 503
506 486 501 497
503 506 520 504
508 521 478 496
501 478 501 467
510 479 482 507
476 529 502 499
517 499 503 498
493 505 507 482
488 491 500 505
530 504 498 490
514 500 505 500
508 507 505 500
501 505 473 500
514 493 470 480
501 490 502 500
493 487 503 501
498 512 503 492
495 499 502 519
524 493 486 492
506 512 494 487
505 509 515 491
505 477 499 510
521 504 497 480
503 509 514 503
486 508 524 496
489 495 500 493
510 506 495 500
478 505 480 496
493 507 494 499
521 478 502 512
491 500 481 477
510 495 481 493
509 508 515 493
491 505 514 495
514 495 529 476
522 479 517 501
494 487 487 510
507 497 500 488
498 513 487 507
493 478 515 481
493 515 489 513
494 499 527 516
501 491 500 523
531 491 520 478
508 505 515 488
502 474 491 500
503 539 493 500
484 473 513 513
481 476 491 524
479 510 502 496
491 503 496 494
497 516 503 501
520 496 520 490
508 495 499 491
496 490 506 488
508 533 478 466
486 511 490 508
513 496 513 468
512 511 499 514
520 527 527 501
498 499 462 510
533 508 480 486
487 523 507 509
505 484 487 510
501 474 511 520
500 496 519 497
491 478 493 526
516 502 500 514
501 482 502 502
500 504 490 502
477 487 497 509
496 506 514 534
496 491 501 503
508 511 496 510
501 517 496 502
504 516 500 485
476 515 509 524
501 501 503 492
490 506 517 509
493 506 502 492
483 488 517 504
491 501 509 492
489 475 515 508
509 508 471 502
506 501 467 498
496 515 499 493
493 510 510 497
494 467 471 488
498 489 479 499
500 519 495 497
490 537 509 488
472 482 487 481
498 486 477 509
478 464 513 525
501 510 509 533
486 494 494 501
497 499 502 528
504 512 509 505
496 511 475 522
509 501 500 503
512 507 519 524
515 479 493 514
530 492 508 517
501 483 528 488
490 504 501 487
524 507 513 499
500 519 493 495
507 513 513 487
485 488 513 512
505 504 477 505
478 512 496 503
497 499 484 498
499 503 508 507
504 491 482 486
488 512 515 489
484 477 491 506
485 517 505 515
489 510 484 510
520 520 492 488
498 522 481 479
471 501 476 517
523 498 534 503
493 493 520 511
471 473 479 492
482 489 488 484
530 520 525 524
499 502 487 502
486 477 489 512
501 509 500 487
507 501 519 519
496 502 487 488
492 507 493 522
507 496 514 490
491 519 482 498
495 490 514 512
510 500 509 472
494 501 492 503
534 502 506 503
483 479 477 504
471 509 497 506
481 522 499 473
517 482 483 483
496 508 508 536
491 494 481 484
516 493 506 500
485 488 473 497
501 496 514 481
501 486 505 487
511 509 505 504
504 505 508 495
484 499 507 507
524 493 480 492
494 489 485 498
499 485 484 505
507 488 498 507
502 522 481 478
510 505 492 515
491 507 497 489
494 517 495 521
502 496 486 510
503 499 501 498
483 509 526 524
501 496 501 491
504 505 483 495
512 513 482 515
496 500 498 470
506 477 512 482
515 503 509 490
474 486 505 506
488 519 500 477
504 489 512 503
502 496 516 487
505 501 485 499
487 529 514 477
494 509 517 512
527 502 518 484
512 497 498 520
514 498 536 518
494 466 504 494
491 493 502 519
486 499 497 488
504 525 509 501
494 501 476 499
497 507 513 511
498 493 491 489
491 498 483 506
498 488 491 512
513 534 508 490
490 506 511 520
488 501 484 505
486 521 489 509
502 501 474 499
486 492 507 538
527 507 505 495
486 506 494 525
530 530 491 493
483 509 488 491
487 492 523 465
507 489 533 512
486 491 492 516
524 502 498 515
500 507 503 489
519 492 527 517
503 482 524 504
513 521 484 505
495 505 506 476
497 501 482 490
502 510 498 490
486 495 489 508
504 491 503 533
511 504 510 518
478 494 491 491
530 507 516 504
539 472 493 494
495 513 501 509
515 503 510 494
491 487 501 487
485 509 487 508
495 492 513 514
503 520 476 515
489 497 505 490
499 494 497 530
474 497 506 484
498 504 505 512
516 495 501 480
499 479 500 512
506 501 511 515
488 517 489 494
510 503 500 502
519 501 511 510
530 520 510 510
502 498 500 500
494 494 499 495
497 498 513 511
514 518 490 500
504 506 507 520
492 503 483 506
477 505 518 509
485 489 509 498
469 520 503 480
503 531 498 498
491 509 504 511
490 510 483 507
489 501 478 501
500 478 524 509
485 486 496 492
499 469 524 490
517 498 535 512
515 517 501 502
498 505 501 505
489 494 508 500
507 509 513 507
497 488 516 490
500 523 489 496
502 475 485 518
506 512 504 472
486 469 509 538
478 515 515 503
481 488 471 498
503 512 497 488
490 498 504 520
529 500 485 517
536 489 493 498
500 490 480 509
498 516 508 514
501 510 490 507
514 519 496 508
518 478 495 508
496 491 506 493
501 478 494 504
499 500 505 516
497 500 501 493
489 512 484 509
497 495 505 507
485 500 494 490
471 512 513 484
499 483 495 491
519 481 475 495
496 528 489 521
507 523 504 477
487 508 488 534
474 491 507 500
493 521 501 515
494 515 503 477
483 516 500 516
510 484 483 499
502 490 507 497
489 504 491 479
522 472 477 512
504 492 527 494
498 500 509 510
519 493 499 496
481 495 505 502
520 503 486 493
488 492 499 511
512 487 506 499
495 491 490 492
515 513 512 468
518 504 512 498
503 519 514 487
489 506 503 487
499 490 508 532
487 506 506 497
495 495 479 472
488 491 511 484
493 515 511 507
516 538 499 509
498 497 487 524
503 522 505 488
500 509 503 474
500 495 494 481
527 514 488 497
518 477 522 505
507 498 506 528
502 490 493 515
504 503 492 520
502 489 475 483
506 488 471 488
498 508 464 499
513 488 492 503
486 487 498 503
508 500 500 504
488 470 487 493
488 484 515 488
495 508 506 490
487 499 490 498
488 506 480 497
504 504 534 497
502 499 527 514
527 492 502 501
484 505 486 515
497 478 492 501
525 512 501 512
502 487 506 512
543 504 493 513
510 522 511 476
499 518 524 488
497 509 494 496
513 514 516 507
486 498 486 493
508 502 531 504
506 500 511 524
502 522 499 515
499 499 471 475
498 511 499 488
486 511 486 512
510 521 535 496
498 520 499 478
489 505 483 529
518 487 488 502
494 499 510 497
520 512 514 484
480 500 525 517
511 518 484 480
518 491 489 509
496 498 505 502
477 493 510 490
495 496 464 501
491 508 504 489
507 493 490 479
506 498 493 478
516 496 505 504
481 510 496 497
473 517 501 497
490 499 509 499
507 485 474 489
495 485 499 496
473 510 497 484
479 532 493 470
479 501 490 497
499 500 499 497
523 495 516 503
513 508 516 536
499 506 527 503
463 494 495 502
491 533 531 477
487 515 488 494
489 520 499 518
492 511 496 503
494 496 499 504
511 487 481 518
529 514 519 495
509 506 502 488
477 518 511 491
505 494 513 507
522 502 499 501
540 510 502 513
497 505 514 463
481 482 495 495
506 510 521 496
494 493 487 503
483 516 504 512
523 468 498 492
507 512 506 502
498 513 500 524
493 526 483 504
501 490 481 513
500 514 525 510
514 495 520 522
508 497 501 502
507 500 496 498
500 517 487 473
479 503 504 517
535 498 515 492
516 504 483 505
507 506 496 521
516 510 490 495
512 524 515 498
502 518 482 480
515 502 487 497
495 507 498 506
523 503 499 493
493 499 515 511
479 527 492 492
498 529 509 503
492 503 532 512
494 495 509 514
484 506 510 518
483 533 494 494
493 508 487 525
494 502 484 493
472 500 499 475
497 507 519 487
474 498 525 495
493 515 495 495
490 502 500 502
501 478 509 480
496 518 508 522
493 492 517 502
529 487 510 509
517 509 510 502
514 493 513 527
490 510 506 487
502 513 511 488
504 507 513 501
492 516 485 491
511 505 502 489
513 508 528 510
480 501 499 498
497 502 490 478
506 515 507 504
489 512 472 529
492 510 494 502
495 472 509 485
484 493 496 505
493 538 478 495
507 515 509 512
490 508 518 507
604 593 581 633
579 589 586 623
613 590 586 604
604 599 584 599
611 603 580 610
570 618 603 585
610 601 596 597
611 585 607 594
603 569 607 603
601 599 611 567
610 616 612 617
604 597 629 591
596 584 609 612
622 600 589 605
583 611 609 593
604 592 601 602
605 594 600 606
582 612 614 605
595 601 571 612
598 606 605 586
601 598 629 572
617 609 616 609
616 592 613 601
627 632 620 594
602 601 623 602
577 616 565 587
587 609 630 606
589 605 610 595
612 602 593 596
607 593 596 601
613 580 587 623
618 587 619 608
578 626 595 604
595 602 590 616
583 602 589 593
597 608 588 598
623 576 611 606
597 594 592 608
601 618 603 599
615 616 596 583
612 609 602 584
608 586 590 609
591 600 610 620
591 600 622 589
612 601 607 602
578 608 584 600
603 624 607 599
587 592 594 629
582 602 622 596
587 580 591 591
625 591 587 623
606 580 590 605
592 573 615 605
585 611 581 588
598 600 591 619
628 604 612 603
608 583 601 622
604 592 621 609
607 591 605 600
591 618 588 592
616 603 606 624
615 617 617 584
575 586 591 597
598 604 573 601
581 602 614 599
599 608 621 602
595 594 628 606
619 609 613 596
601 599 595 641
619 618 576 590
612 577 606 605
586 594 582 616
582 618 575 618
613 580 606 612
597 585 579 601
583 604 621 626
586 602 586 604
598 613 588 602
611 601 600 603
604 603 595 581
605 612 594 600
608 601 622 580
592 598 593 599
593 592 607 619
591 597 602 614
573 594 603 590
600 611 599 576
594 605 606 586
614 608 603 589
618 568 592 601
606 634 584 595
618 595 601 585
584 606 594 588
587 588 605 607
602 591 561 592
572 608 606 592
587 562 616 604
601 587 616 602
590 568 598 599
595 593 623 599
587 614 598 600
619 602 607 599
621 614 626 599
568 592 599 598
589 580 602 615
605 578 579 599
607 593 592 577
609 600 596 602
579 577 590 608
601 596 609 573
632 607 596 583
610 586 584 606
590 589 606 579
605 594 579 601
608 605 590 623
594 609 603 612
600 602 605 608
583 589 632 593
585 613 570 591
607 557 612 605
584 583 598 581
588 620 599 594
560 609 591 590
595 584 607 620
603 613 611 612
604 610 602 599
585 621 597 585
586 601 597 603
590 600 606 606
594 618 617 604
582 582 579 594
603 609 577 586
600 574 589 572
638 602 603 590
592 602 617 617
621 599 605 581
633 628 608 572
598 570 630 619
618 592 603 585
607 581 587 593
623 601 619 617
605 605 596 604
611 578 614 601
621 617 586 590
603 595 602 607
595 598 586 566
607 588 594 598
611 583 611 609
601 583 596 584
604 623 610 581
595 631 576 603
605 595 610 603
592 588 617 582
598 593 582 602
603 600 610 592
602 599 595 620
574 615 608 618
618 608 600 590
593 595 601 580
609 595 595 573
598 589 561 622
591 610 578 622
595 569 592 629
611 609 591 583
589 597 591 608
615 621 582 569
602 594 616 638
593 597 625 605
622 581 595 611
588 571 591 613
592 599 615 607
590 622 615 583
559 593 611 611
611 574 621 604
605 616 624 583
600 605 615 616
586 620 580 618
605 608 605 597
577 607 610 616
602 599 587 601
604 584 598 615
567 620 608 614
610 619 618 616
607 595 600 606
601 562 610 608
593 590 584 602
583 628 576 592
592 605 618 602
595 595 607 603
614 597 611 604
593 576 588 579
613 600 599 605
604 591 596 627
609 576 611 616
612 591 619 605
608 578 616 587
596 580 609 606
576 624 595 592
604 574 593 600
620 614 615 582
621 609 622 602
628 599 616 616
596 594 589 614
617 596 594 608
569 596 592 621
609 595 585 571
610 623 609 608
570 598 613 614
605 598 585 621
614 614 608 613
606 581 618 603
586 605 590 619
601 593 598 599
608 620 599 596
596 584 604 594
593 612 594 598
584 580 599 590
604 584 594 582
609 606 597 589
565 607 592 617
604 586 585 620
602 589 612 591
618 619 586 603
584 599 612 605
596 616 607 595
596 606 594 593
581 603 596 597
611 590 603 621
598 575 592 578
587 609 612 616
596 611 600 607
607 598 605 606
594 614 607 577
582 621 584 601
608 593 609 613
624 620 596 577
607 592 582 605
604 589 594 628
599 574 566 598
600 630 633 619
604 601 616 603
594 635 615 607
602 578 591 590
596 601 588 616
606 598 591 600
603 599 597 593
597 607 608 592
617 582 616 571
583 619 574 605
592 576 614 611
579 605 596 555
604 612 626 626
582 603 595 576
608 606 609 587
613 610 619 584
590 612 590 608
586 575 613 585
635 612 609 600
590 583 619 594
603 598 601 587
608 619 609 591
595 615 609 616
608 620 592 618
582 611 605 625
638 594 581 610
620 621 583 578
616 607 609 595
620 582 577 599
607 609 592 597
569 613 587 627
612 598 601 587
597 611 605 598
620 605 571 601
604 576 580 594
581 619 608 607
588 598 585 631
598 608 616 567
588 612 608 593
598 590 606 581
613 600 602 594
593 606 582 614
596 605 592 610
602 604 620 593
581 575 606 582
599 592 577 582
612 612 610 598
590 595 580 582
600 625 637 611
584 611 615 625
589 582 605 591
614 608 604 623
608 599 608 614
598 603 618 602
587 599 617 604
606 597 609 617
613 581 617 594
594 603 569 595
609 601 569 612
579 597 577 610
601 586 619 594
591 596 612 592
602 607 597 593
611 606 578 593
587 611 575 601
606 603 616 592
611 603 592 597
602 595 580 581
616 600 602 605
583 620 622 579
585 602 617 585
627 602 609 580
593 594 576 600
596 616 624 597
609 632 612 611
613 614 606 607
606 593 594 607
629 590 610 569
593 624 612 589
576 599 602 606
606 613 613 610
596 594 585 603
609 605 591 582
575 580 622 575
592 616 576 583
599 612 595 606
599 597 607 584
611 630 571 611
597 587 607 587
599 589 575 582
604 620 624 600
588 605 599 621
593 599 610 618
582 579 622 632
611 589 608 630
607 598 610 602
605 609 633 617
594 583 598 601
583 595 598 587
627 597 607 592
597 592 603 602
592 607 598 622
574 592 602 585
615 603 597 592
587 624 605 605
587 607 618 616
622 608 584 609
632 593 607 582
597 601 608 628
598 623 627 610
619 586 607 624
595 580 575 590
609 592 589 609
583 595 588 607
622 600 597 612
622 610 604 613
627 629 587 592
613 590 597 612
589 576 602 598
599 602 608 643
634 598 596 604
608 577 588 580
595 611 604 602
582 585 594 596
605 583 585 593
626 618 606 578
608 619 584 615
611 609 590 599
621 604 585 586
580 584 602 602
623 593 603 600
600 615 607 597
601 613 593 600
623 570 590 628
588 601 632 596
610 582 607 605
624 586 626 587
581 615 611 616
601 596 612 574
632 611 614 580
609 605 608 607
603 611 583 599
609 629 598 590
612 603 603 608
622 611 608 589
589 583 594 597
618 621 600 607
580 594 602 614
584 611 584 576
603 599 573 600
618 583 596 589
599 592 606 605
590 619 601 575
605 615 606 602
608 590 598 630
599 605 598 597
573 606 597 598
593 591 622 615
593 615 620 610
592 622 584 608
584 611 597 619
615 624 590 599
590 598 617 592
622 590 601 592
586 592 577 615
589 595 576 613
592 578 619 599
611 609 606 604
591 591 611 614
615 614 591 605
578 610 581 602
591 604 607 638
582 603 605 605
575 576 597 602
598 607 580 598
607 609 575 599
588 564 587 603
598 578 590 599
581 608 599 624
588 590 603 611
590 616 606 607
595 591 595 608
603 601 601 585
579 594 597 603
606 594 595 624
622 642 606 586
602 612 625 593
584 610 573 607
620 608 615 603
619 577 598 600
609 578 613 588
597 571 590 592
612 593 612 587
594 599 611 600
601 611 582 618
607 603 608 626
600 602 579 599
604 589 625 625
588 597 590 602
607 614 596 590
612 593 585 606
596 604 608 599
587 593 611 583
587 616 620 624
593 597 610 599
593 605 605 602
571 618 575 611
605 587 594 574
594 612 582 575
597 617 607 621
617 567 606 602
592 585 604 608
612 603 595 605
595 585 595 594
591 599 569 597
584 600 593 573
605 582 581 616
620 613 589 594
595 626 600 606
602 583 605 604
590 598 594 619
590 576 602 619
597 608 570 588
601 594 605 639
589 599 589 589
610 624 595 585
583 595 607 595
615 622 601 590
597 592 608 612
631 602 613 599
602 605 615 577
614 581 613 584
612 605 579 588
613 586 602 615
611 612 611 586
594 591 583 589
595 608 593 613
598 598 566 583
611 611 587 620
611 609 613 622
584 616 602 598
602 589 615 588
620 606 621 624
601 615 599 603
594 592 608 591
611 623 606 614
608 610 599 597
610 589 616 598
622 606 582 606
627 593 618 601
596 595 591 604
607 601 585 602
617 617 596 615
582 614 601 608
618 620 613 614
579 614 586 593
607 571 616 586
601 596 622 592
600 582 597 591
595 594 580 591
593 569 614 611
596 589 599 603
616 608 593 603
587 583 607 598
625 604 563 589
608 596 597 582
594 585 595 592
593 626 599 587
613 612 601 617
591 610 622 591
603 589 580 611
559 592 615 578
591 586 592 590
615 626 594 597
589 602 619 576
586 581 611 596
598 592 615 593
597 597 590 613
574 611 586 588
577 607 593 597
611 602 608 583
591 574 623 617
581 605 607 596
593 592 593 595
604 606 576 595
635 598 611 588
597 608 603 616
605 601 628 606
601 587 611 606
585 586 608 601
557 623 615 591
593 610 582 613
605 618 606 603
622 595 611 610
597 610 588 621
583 592 579 607
610 609 591 610
590 611 604 614
600 617 599 601
584 622 583 598
626 562 581 611
618 604 597 620
586 586 613 609
596 585 585 605
589 609 576 611
571 598 582 621
593 586 603 620
620 623 621 599
625 586 607 601
593 610 598 585
601 593 597 583
601 594 603 599
595 620 596 579
609 574 588 622
593 598 573 598
614 601 581 604
630 581 581 592
595 621 590 595
592 627 611 599
610 587 591 614
599 582 589 604
613 600 613 618
590 605 580 606
566 588 599 601
614 602 615 616
598 593 600 635
602 586 622 601
589 604 633 563
593 594 581 595
614 598 602 616
603 592 608 591
610 590 591 586
594 579 607 616
590 619 588 607
621 614 601 591
599 626 597 593
610 604 613 584
581 615 613 597
587 591 580 605
631 584 609 616
614 620 600 608
615 602 590 603
611 613 594 593
600 636 591 613
616 577 621 581
603 581 590 593
610 593 599 630
588 627 610 612
578 579 585 582
627 612 599 602
592 600 606 576
586 600 605 587
624 601 584 608
588 619 617 599
592 611 604 606
614 587 593 606
603 605 599 615
615 601 585 583
601 585 617 602
597 600 596 603
602 596 595 582
613 623 590 617
590 606 580 596
589 606 620 615
611 611 592 602
589 612 579 591
607 615 614 596
580 603 588 592
608 605 628 603
626 602 604 580
624 566 595 585
621 602 586 593
608 596 608 603
588 602 587 594
593 578 616 604
584 595 596 585
610 605 570 581
581 606 621 590
597 607 600 616
589 603 582 590
610 609 625 619
625 601 603 617
589 607 610 580
599 596 605 579
600 600 615 613
606 628 616 616
599 571 597 600
600 608 601 610
602 600 600 593
586 594 633 587
624 583 586 639
609 609 589 581
585 572 615 623
601 621 595 620
623 606 616 605
597 588 609 598
634 609 581 583
572 606 598 591
630 608 595 601
611 614 588 599
589 578 599 608
615 580 572 620
587 610 591 595
582 577 589 597
594 611 593 597
608 595 597 609
613 592 605 603
601 606 620 613
586 597 623 623
590 606 606 581
599 601 578 617
593 587 591 586
584 612 614 586
611 587 598 594
590 615 613 602
606 623 622 588
597 597 599 583
613 600 593 605
605 604 612 580
603 606 600 606
605 590 599 594
585 601 627 607
600 624 615 605
618 597 594 587
608 602 605 626
587 607 599 610
619 609 567 581
591 616 626 584
608 597 602 602
622 593 581 603
603 594 591 640
591 593 609 594
619 602 598 578
587 607 596 625
614 597 644 619
602 612 621 598
620 577 609 594
607 592 612 600
599 604 591 591
624 606 626 622
564 606 604 614
626 580 605 591
614 609 597 584
606 609 595 601
611 587 578 621
582 567 598 580
599 598 618 622
598 607 609 592
583 591 609 627
599 628 604 610
583 608 590 598
584 582 610 607
602 601 583 600
593 612 604 593
601 595 611 591
612 624 593 583
602 605 603 598
578 595 591 599
618 588 605 625
599 612 598 598
597 606 625 603
595 602 565 589
605 604 603 603
594 618 619 589
601 595 601 623
600 588 601 603
609 595 583 592
603 588 607 588
603 615 605 583
619 615 603 587
592 598 593 583
596 603 604 592
612 592 587 604
619 603 616 618
601 593 591 596
617 592 620 590
592 607 578 586
598 600 585 593
593 615 586 598
583 583 621 609
589 608 602 600
614 588 619 586
583 602 588 604
604 598 617 608
605 601 625 608
607 577 618 618
615 613 590 599
588 624 613 608
580 596 593 609
599 617 591 594
603 607 578 602
596 619 610 598
609 603 604 617
609 597 594 601
601 592 605 624
613 597 588 618
594 605 617 586
614 600 568 612
584 574 613 602
596 583 604 597
616 580 588 595
600 606 593 607
612 595 603 578
569 603 598 611
605 623 578 603
605 620 583 593
589 603 602 603
585 576 622 558
614 627 600 616
590 596 622 601
597 601 589 621
608 615 610 601
616 612 576 578
583 588 593 597
601 609 603 613
611 606 602 600
601 594 588 595
575 605 583 595
611 602 604 608
572 593 610 617
583 596 590 616
619 604 592 607
580 620 595 598
604 605 590 607
587 615 584 605
604 582 613 599
601 622 612 591
596 608 594 589
610 606 593 595
599 617 609 583
601 596 586 620
612 588 582 605
610 599 609 592
620 590 601 583
584 617 595 629
598 591 620 584
600 576 595 603
583 607 581 593
606 606 597 595
596 634 585 598
610 584 581 605
594 576 597 603
594 607 578 607
619 628 613 624
590 582 603 589
600 582 605 608
608 616 601 590
574 594 567 584
617 601 616 584
598 627 576 580
603 601 600 608
610 600 598 611
580 624 616 620
607 575 611 583
594 597 595 605
580 582 604 589
566 602 610 592
610 600 595 605
582 597 610 574
591 598 610 611
578 617 633 616
595 612 602 590
605 602 613 603
572 623 597 597
610 574 609 584
605 591 614 611
577 587 588 586
587 578 571 621
609 591 600 597
583 597 584 587
597 603 621 605
594 598 584 604
579 593 565 581
588 608 594 623
617 579 613 613
589 576 599 582
628 594 590 600
606 598 627 587
596 597 586 620
624 590 621 595
581 613 591 595
616 603 602 604
584 601 623 611
619 602 618 587
601 600 612 587
594 591 606 604
598 610 602 603
563 594 579 606
589 616 594 574
622 612 608 593
594 606 595 597
568 622 608 583
571 597 562 614
584 597 610 598
643 592 609 603
600 570 587 619
601 591 608 578
615 588 603 629
603 590 596 609
581 598 586 615
622 603 610 611
599 605 602 589
599 608 595 599
600 629 589 577
614 588 590 591
613 595 582 614
599 614 586 609
586 582 583 605
613 600 635 585
584 600 591 601
599 595 605 581
611 588 599 590
592 590 602 608
593 592 623 620
583 580 593 587
610 610 593 599
597 607 602 590
597 595 629 596
600 601 593 598
597 596 604 595
602 594 579 604
594 588 605 615
581 585 598 606
621 610 598 596
596 613 600 610
593 557 607 578
617 584 614 612
591 601 625 611
582 604 613 598
572 580 593 583
604 584 595 599
602 635 612 585
610 599 571 609
597 610 617 606
599 620 611 612
592 606 629 581
597 594 597 613
596 578 607 597
608 594 598 622
605 616 594 615
590 570 584 615
613 589 605 604
614 579 586 574
618 613 592 612
600 615 607 596
607 611 608 620
615 612 588 609
618 595 597 616
603 621 595 601
584 593 614 594
598 599 603 568
583 598 614 602
606 588 605 587
607 584 584 616
590 595 571 610
608 627 577 615
609 594 581 625
588 594 596 582
602 585 600 595
618 621 610 623
630 577 594 612
585 576 622 596
604 596 584 611
600 610 577 581
625 617 615 588
607 573 603 606
633 586 602 590
562 598 581 577
597 608 586 589
605 596 593 615
606 592 587 595
595 597 606 610
605 617 611 612
587 586 615 616
587 606 595 586
605 610 577 581
616 591 597 587
598 602 589 614
595 605 594 597
580 629 567 611
603 587 611 589
585 580 595 601
584 633 588 562
618 604 606 601
596 600 606 599
600 567 606 605
602 602 620 594
604 599 596 610
590 589 623 580
600 608 596 602
581 576 592 599
587 609 600 589
623 595 584 618
616 609 604 591
591 600 595 608
603 590 611 608
595 606 604 617
605 595 584 622
607 578 621 592
574 585 611 599
586 574 604 587
599 596 595 582
609 591 601 617
615 635 613 612
631 629 585 606
596 603 596 614
595 605 608 596
627 610 616 587
634 602 598 611
586 603 593 589
578 611 596 593
616 597 570 614
600 591 617 599
603 621 604 603
613 600 608 631
607 613 602 607
598 609 613 619
580 627 581 591
583 596 618 602
605 595 598 575
603 598 582 600
582 614 612 590
588 609 607 598
591 606 586 607
581 589 613 603
607 611 574 600
620 608 591 623
601 581 589 607
595 605 593 583
593 614 601 608
602 593 600 632
617 601 612 595
619 608 609 604
610 604 581 613
608 599 601 620
600 608 630 604
608 563 583 592
604 625 592 613
586 577 580 600
581 613 615 626
580 616 585 595
594 575 608 596
609 588 593 601
592 610 615 600
609 592 592 622
605 585 593 585
606 575 589 601
613 616 578 608
592 569 589 627
592 585 580 608
608 585 613 593
610 612 586 592
605 622 634 588
625 620 618 580
608 594 594 599
596 601 579 600
602 585 589 602
598 599 608 604
585 585 580 620
595 590 590 586
611 594 586 603
578 601 616 601
607 617 617 576
615 610 590 582
602 597 581 584
572 619 620 616
607 585 603 605
597 580 593 615
607 601 593 612
598 597 585 595
601 601 619 589
583 583 625 606
611 599 625 620
607 597 596 611
588 589 589 597
621 608 584 628
613 623 603 553
633 602 629 614
622 578 573 595
595 622 607 591
592 615 596 593
580 601 578 598
594 610 622 604
583 592 579 609
605 591 595 596
