402 590
525 364
448 649
282 461
614 422
439 491
634 442
460 461
699 697
590 535
566 634
416 606
387 443
582 371
487 422
477 248
341 437
583 484
500 562
421 526
428 345
465 552
530 499
715 537
588 701
384 407
657 428
503 596
580 658
635 596
430 572
528 381
628 573
504 479
392 518
542 425
605 401
309 594
464 489
425 355
613 438
649 573
472 402
434 391
688 515
604 386
516 606
470 593
402 377
534 466
558 322
564 734
498 503
516 332
538 356
462 612
434 545
591 525
377 470
676 318
475 450
511 567
645 476
573 545
543 449
410 401
432 529
568 529
451 663
637 468
426 512
614 530
550 481
541 639
478 513
523 526
373 331
408 515
550 452
624 487
502 483
512 563
560 419
637 401
507 475
406 493
433 507
536 632
528 445
465 513
508 631
626 468
451 270
451 412
468 535
516 497
518 489
518 209
476 490
469 480
563 446
698 562
499 481
492 418
491 525
552 552
475 373
440 645
581 533
431 500
387 450
478 467
586 372
422 376
389 511
356 568
478 506
529 461
593 483
553 482
526 525
522 412
539 471
557 306
368 533
668 575
439 348
567 493
553 510
503 766
499 486
489 447
589 468
557 526
610 538
391 381
627 445
381 440
614 372
422 440
387 393
363 458
468 439
351 613
380 525
403 560
586 421
327 563
669 537
514 574
569 425
441 555
487 618
437 568
531 489
606 561
410 558
624 488
478 440
499 562
426 379
466 376
547 462
342 469
483 540
487 668
453 494
491 475
513 549
621 359
454 460
584 468
329 508
497 516
406 655
471 483
419 416
390 465
414 685
330 398
464 561
463 561
411 505
657 413
538 519
297 447
602 512
391 562
457 532
534 399
571 409
382 421
469 510
430 567
523 437
580 604
491 481
340 463
474 522
485 522
638 452
456 382
499 588
342 440
503 577
534 529
480 543
591 346
566 491
452 280
376 653
438 402
459 433
511 637
447 514
397 637
517 403
581 608
515 352
661 528
605 450
464 510
600 513
387 524
647 506
512 386
374 443
471 509
515 644
505 596
496 630
332 446
588 485
584 535
585 555
561 634
589 589
502 448
441 568
281 382
413 478
263 613
554 679
596 593
703 449
365 479
426 477
405 551
546 498
528 487
568 506
476 584
613 620
411 452
347 479
537 488
674 463
402 551
513 549
527 522
309 435
447 469
460 537
554 398
562 553
542 372
540 507
586 661
643 510
500 557
400 369
457 610
470 635
249 357
489 580
494 491
489 341
604 439
598 494
596 531
490 520
367 501
654 618
411 546
522 574
508 479
620 519
613 588
471 485
674 517
432 392
588 514
429 561
514 351
553 620
730 503
521 645
515 525
443 375
582 385
603 429
524 466
606 527
676 402
537 504
525 644
553 397
548 463
457 594
446 466
503 585
552 479
476 396
432 441
487 679
439 473
315 554
358 418
594 311
509 572
637 417
444 662
498 434
435 412
460 598
580 394
519 464
570 486
533 486
303 504
386 567
439 446
499 552
485 648
648 654
479 367
610 463
503 557
356 647
579 532
580 550
511 472
433 526
533 597
518 423
358 489
498 491
362 597
597 426
573 586
503 415
645 534
477 570
646 455
562 675
400 451
446 486
481 527
426 444
527 514
579 537
569 397
465 666
535 567
525 538
479 821
464 497
282 600
450 495
452 488
474 496
495 486
485 618
579 580
434 613
602 450
637 439
334 599
489 588
432 386
611 373
360 327
248 406
305 497
299 402
710 531
505 354
478 504
356 511
607 469
482 316
374 595
440 416
438 495
396 511
378 570
405 619
499 424
582 376
451 500
489 319
417 515
381 614
545 454
480 668
584 534
373 647
595 487
451 483
392 458
569 337
472 510
509 394
394 598
390 591
457 597
462 395
577 498
630 580
479 460
502 517
421 576
464 462
451 521
438 512
749 495
461 350
505 400
466 514
344 514
527 383
465 335
642 530
484 485
602 492
530 637
469 402
426 629
508 455
588 590
457 413
359 339
476 420
667 505
325 628
515 563
561 527
547 521
400 533
592 481
550 538
663 477
474 489
491 295
442 527
499 428
440 468
428 454
451 581
591 584
538 436
586 472
502 620
508 522
373 544
412 591
483 299
468 479
544 560
471 591
215 436
400 387
586 575
430 606
509 462
438 430
543 559
521 315
527 551
440 504
332 389
471 472
532 393
469 456
548 628
655 359
496 400
494 538
507 496
633 565
475 502
578 555
462 340
393 513
339 486
459 590
381 326
462 557
596 418
542 400
433 551
565 410
543 332
482 398
427 385
550 550
438 534
524 488
694 424
501 466
467 514
474 423
511 606
585 518
434 517
598 607
532 467
482 569
562 342
559 564
420 431
432 439
372 528
429 494
455 523
409 522
535 574
677 312
529 436
327 576
620 465
519 494
539 579
531 531
613 485
583 426
645 566
464 310
500 394
527 631
514 484
531 526
287 522
556 477
588 489
569 705
491 325
470 345
555 618
563 529
442 642
568 526
518 510
541 445
637 514
554 461
534 295
399 497
381 720
350 531
649 543
472 450
561 428
489 562
472 508
473 413
607 625
471 476
484 548
419 492
524 558
250 536
531 591
453 453
608 359
647 730
543 573
366 437
595 533
484 521
546 474
497 497
405 529
662 656
367 551
561 463
413 381
460 532
486 445
388 532
596 417
540 331
441 566
399 446
628 434
423 552
676 478
569 621
529 476
421 372
600 516
620 589
444 393
537 443
534 434
422 487
584 528
606 389
405 492
695 561
404 493
520 449
555 486
473 613
346 413
426 424
434 544
599 582
408 490
541 522
618 439
514 465
523 403
416 434
449 639
606 481
516 357
484 514
603 529
539 527
524 374
462 629
574 544
506 559
415 358
466 548
510 591
532 504
619 602
491 401
418 485
467 649
349 494
404 511
534 464
548 482
484 462
559 512
642 614
550 306
366 589
457 521
443 547
586 391
427 350
521 350
467 547
685 533
613 523
528 481
466 606
534 530
445 469
686 494
619 453
572 526
464 558
361 552
571 525
618 494
487 532
578 551
480 410
560 429
426 441
505 428
398 441
484 541
506 403
521 529
459 428
428 452
699 420
524 436
454 436
572 534
488 545
567 423
549 435
575 567
536 481
453 476
569 439
504 343
523 407
381 547
519 460
473 704
483 482
559 508
589 525
568 540
558 496
520 476
554 379
565 590
567 491
545 430
575 401
553 548
537 460
568 335
570 517
595 518
665 415
555 420
489 567
556 687
468 616
477 437
354 515
453 576
452 457
532 655
402 592
579 480
561 474
713 490
507 471
348 476
521 635
544 483
505 529
466 561
646 467
609 579
548 510
530 480
665 435
602 639
471 605
513 506
493 355
549 630
437 576
492 402
590 652
429 519
370 496
544 658
640 648
453 478
350 436
369 533
437 401
468 393
528 526
472 434
379 550
521 542
472 480
630 446
472 567
527 316
348 441
582 560
547 556
413 554
417 585
454 525
331 379
598 562
390 616
402 502
457 417
605 652
516 637
475 510
512 396
545 564
484 348
533 364
427 512
431 523
480 353
515 553
591 467
494 365
677 635
497 489
236 593
551 573
464 458
389 570
613 601
517 471
405 437
542 474
648 604
446 391
451 596
453 549
449 531
548 589
629 618
452 487
394 479
502 464
455 593
582 536
385 518
465 618
338 450
447 458
586 288
481 577
588 451
439 531
514 506
158 399
422 558
370 406
486 384
558 465
665 443
448 572
441 636
543 473
486 757
544 514
488 593
363 484
245 452
576 624
555 558
346 439
633 453
488 427
416 458
441 586
519 592
375 610
502 666
495 366
616 488
306 513
521 597
177 603
457 673
345 549
537 462
430 466
469 387
589 402
592 339
484 485
499 586
482 459
482 588
391 408
324 682
396 330
427 445
632 458
526 339
519 352
472 432
505 557
380 398
517 562
628 458
366 517
428 417
627 556
434 498
492 515
463 329
412 452
503 403
517 466
432 386
540 538
572 549
556 534
342 475
371 623
499 614
407 492
524 470
517 633
407 263
644 429
601 559
480 534
397 508
553 430
466 528
619 500
461 487
604 442
473 443
482 519
593 309
550 420
553 612
590 514
575 415
494 637
429 518
467 482
537 476
500 455
336 517
540 624
488 374
432 549
492 525
468 668
656 416
582 527
501 423
646 605
369 625
497 446
412 585
536 421
427 465
454 548
534 443
351 380
578 410
510 341
536 673
380 549
525 583
488 525
516 552
424 517
573 605
545 398
360 537
409 576
474 591
691 494
490 591
596 653
518 443
501 444
522 422
581 563
513 502
482 618
607 513
423 394
526 443
543 465
570 519
590 299
480 700
275 576
538 616
484 607
610 518
395 582
412 488
585 598
469 556
361 457
632 621
560 487
576 498
515 508
430 565
404 570
414 435
244 486
517 574
618 366
589 458
494 491
460 420
525 573
387 498
443 599
544 636
361 593
515 435
544 641
644 574
411 528
531 612
485 501
441 560
481 517
458 504
403 514
446 563
666 576
399 468
355 501
340 392
599 577
363 460
542 535
354 523
445 608
482 532
490 560
431 560
609 665
643 452
552 573
553 568
538 451
519 576
542 401
421 463
482 514
412 572
333 548
546 558
224 379
468 515
493 427
626 558
480 809
468 533
508 747
683 535
513 623
628 594
498 591
673 621
474 664
409 712
621 502
665 604
573 582
673 503
644 559
618 406
647 617
605 592
668 393
662 700
677 710
625 578
784 540
572 498
658 676
743 599
528 635
491 668
659 556
628 552
605 611
633 560
600 639
486 677
690 634
565 605
414 677
590 641
634 513
605 590
785 422
707 657
704 660
702 551
682 606
772 802
727 560
612 608
749 615
455 701
377 515
517 657
791 638
527 630
663 570
677 611
554 576
642 558
575 603
684 473
516 746
715 519
722 653
459 768
566 627
571 612
533 705
492 615
531 557
584 648
524 588
748 446
667 639
579 563
550 650
607 715
620 596
694 701
574 491
676 657
615 501
648 510
538 658
543 602
661 730
545 598
737 529
677 608
644 613
460 648
496 600
619 754
648 594
515 548
564 787
486 610
742 573
520 473
543 544
760 544
520 749
638 474
535 634
548 426
695 633
503 669
482 522
584 600
543 723
780 627
678 617
650 494
608 739
627 547
735 656
647 542
634 602
542 712
522 549
705 618
640 756
696 709
710 496
441 509
540 580
584 624
429 606
477 612
692 595
596 653
732 615
570 562
781 637
720 657
682 577
609 595
567 860
718 716
448 539
676 452
635 629
510 559
484 702
483 712
441 715
685 475
635 680
580 505
469 608
493 626
736 765
514 615
512 623
589 685
524 611
671 605
599 616
623 620
566 482
630 676
560 599
652 606
740 470
550 585
555 596
557 546
647 720
541 582
611 691
427 561
617 539
600 672
592 450
562 633
641 513
690 651
620 530
716 399
546 604
636 819
497 569
714 565
606 504
498 637
563 522
516 524
633 646
613 540
352 550
424 653
637 548
519 359
702 627
604 519
702 613
534 399
588 594
566 552
745 591
514 688
586 598
719 616
646 594
735 689
767 592
399 548
595 587
531 472
614 697
635 461
468 596
641 553
549 456
657 599
572 610
467 453
537 648
605 572
658 430
804 647
573 492
664 512
500 640
536 528
637 465
635 563
466 606
652 630
539 744
565 660
619 679
598 615
629 650
493 528
804 553
506 686
408 546
642 326
676 631
500 492
590 479
522 724
591 563
348 658
542 539
566 496
644 727
621 686
668 675
629 667
614 595
505 736
583 506
514 608
582 621
536 598
641 640
563 714
709 624
483 486
465 561
617 657
455 511
600 435
529 423
845 610
617 539
546 612
706 709
737 594
632 479
813 780
651 423
586 411
790 720
716 548
621 502
644 482
518 553
748 605
721 708
633 631
574 624
669 458
687 606
732 710
510 535
618 571
611 642
571 585
513 384
644 526
564 587
669 493
670 660
605 492
576 497
628 744
661 476
571 798
449 619
634 571
661 622
551 521
706 484
584 555
488 613
621 602
666 552
610 595
571 727
433 698
652 718
714 648
601 539
555 569
609 470
657 568
571 431
588 528
349 740
541 665
462 737
568 404
547 783
670 654
541 495
532 578
543 650
695 733
488 401
612 562
701 842
557 583
760 632
739 477
565 670
524 414
543 683
546 596
696 643
540 739
697 494
340 556
673 670
670 437
731 623
633 700
753 495
598 633
696 702
513 726
474 713
631 649
634 583
454 645
662 704
614 592
520 606
623 497
586 697
391 728
651 688
666 724
712 702
644 566
602 637
604 361
665 649
558 539
496 612
491 781
446 548
552 632
715 611
568 569
646 617
688 583
672 626
557 449
525 467
684 600
596 634
624 541
572 769
655 446
670 699
677 540
720 634
650 460
702 519
577 472
658 637
450 750
568 547
623 434
555 599
728 692
698 486
735 656
742 612
779 593
701 702
573 564
528 691
708 576
560 648
406 576
547 731
657 567
505 415
665 749
655 649
407 588
686 688
629 589
507 735
691 691
650 681
641 480
715 618
509 632
537 723
606 558
588 595
649 727
593 578
572 498
623 565
553 675
561 590
495 474
595 536
625 500
560 487
655 637
578 532
380 646
551 709
624 511
505 730
611 529
676 540
716 722
509 621
499 593
676 629
575 703
648 570
572 641
563 558
482 622
578 580
667 536
617 731
588 439
548 457
519 657
674 703
574 667
599 642
644 590
629 641
559 691
643 453
483 731
497 609
653 552
658 685
754 728
572 451
643 548
486 631
629 533
564 777
592 432
385 586
603 792
813 723
623 608
699 621
562 820
693 644
613 460
546 534
571 609
523 703
637 588
545 600
621 594
583 555
581 644
653 546
708 483
700 418
491 721
432 629
549 450
687 669
468 635
577 313
625 679
768 762
487 622
569 444
654 636
660 517
681 666
720 496
534 677
537 650
509 439
684 505
820 675
655 600
538 491
721 559
619 588
608 519
651 719
655 542
566 694
655 704
649 728
551 712
485 669
635 760
845 559
477 663
725 737
490 463
701 647
658 571
725 488
451 592
646 656
547 582
406 681
518 769
676 585
609 519
584 669
632 586
729 633
413 606
624 447
471 561
476 724
649 646
522 588
504 795
589 652
703 389
521 676
649 558
589 534
637 481
684 602
616 562
553 640
484 690
575 629
549 662
613 627
730 554
480 440
638 487
594 551
454 483
675 674
661 589
534 570
472 486
599 759
836 673
501 670
697 756
530 488
630 541
689 649
626 748
649 594
653 687
585 620
715 615
516 594
705 626
640 582
656 705
683 477
711 559
560 620
401 566
658 606
402 675
469 579
457 665
608 513
718 562
543 572
678 547
615 643
584 552
667 637
458 556
515 667
441 609
639 621
704 546
670 622
548 582
610 567
470 480
699 598
614 630
490 725
738 466
502 613
710 505
772 615
654 471
556 559
448 597
577 704
750 579
654 801
679 667
682 688
641 644
640 555
562 644
783 539
666 405
554 752
679 531
447 596
610 637
640 681
682 662
575 561
504 616
655 633
543 485
439 474
742 438
549 701
447 489
591 677
567 636
593 582
642 498
668 792
415 668
583 517
643 515
590 530
438 487
627 725
754 600
522 633
596 735
558 593
663 718
484 464
737 802
671 532
653 793
644 586
660 614
629 655
809 708
560 491
588 604
493 571
584 516
774 584
645 550
583 551
622 610
550 645
586 741
438 546
613 504
694 617
583 552
516 754
632 635
517 642
716 702
743 648
496 654
803 555
643 484
580 607
654 775
590 746
774 661
722 512
645 755
569 473
438 537
655 548
533 656
495 566
522 647
739 600
581 678
742 666
626 684
775 785
516 550
684 538
583 675
529 448
615 588
596 614
648 874
814 589
574 626
649 455
524 473
570 671
627 612
486 505
562 577
630 490
504 557
763 714
637 462
648 723
496 695
672 657
538 591
736 624
501 511
473 497
613 615
746 553
620 601
602 695
645 583
609 684
554 598
745 408
537 776
526 609
803 575
664 484
647 630
750 512
766 516
476 697
670 701
607 574
676 432
803 669
687 474
656 634
649 644
617 671
490 595
659 783
585 537
675 620
618 651
737 670
651 530
532 490
559 578
715 733
598 644
471 561
615 690
497 670
500 450
619 591
427 600
715 492
576 531
593 548
641 630
537 723
603 442
630 692
637 614
652 539
590 793
596 629
584 584
425 636
582 589
555 545
738 698
553 694
727 661
550 742
495 650
499 671
578 720
694 754
537 592
539 590
707 546
741 533
608 551
510 548
453 696
533 569
445 681
552 458
721 594
672 660
639 623
544 542
673 688
697 689
543 633
461 662
476 612
545 622
644 841
487 621
633 633
442 450
580 613
587 643
473 590
643 659
441 592
526 370
517 617
587 462
534 594
480 651
591 752
524 536
619 668
538 703
636 647
567 546
567 653
616 604
609 505
469 561
579 620
641 562
567 753
742 870
640 509
616 679
758 556
498 666
428 647
730 648
696 620
720 454
587 602
656 461
683 522
578 417
535 547
679 558
679 518
562 595
672 598
609 669
486 718
643 622
649 764
600 616
464 593
623 532
759 761
526 584
534 613
645 686
572 539
678 555
502 637
578 626
653 591
517 553
670 492
516 701
730 755
559 581
666 597
558 632
632 616
414 714
438 670
635 517
563 437
564 675
485 441
579 705
648 731
707 392
639 615
548 502
625 653
678 617
566 631
571 507
568 560
541 594
404 582
499 600
559 430
632 489
476 703
730 681
529 563
571 764
597 640
614 492
631 623
534 588
562 718
538 447
615 719
582 653
407 523
606 561
632 849
530 596
529 529
663 752
571 506
491 567
643 570
698 739
605 537
581 547
653 677
798 615
686 596
614 629
696 454
689 477
685 501
674 634
464 524
685 514
610 699
673 678
669 511
561 541
494 530
566 653
556 681
587 590
384 492
671 670
518 725
672 658
685 742
499 699
614 589
615 529
695 525
727 639
731 754
605 698
596 618
563 552
651 546
668 744
639 690
654 666
592 582
663 527
700 589
739 641
484 639
774 554
716 604
575 570
541 628
646 604
506 612
707 710
576 695
485 690
603 651
715 726
686 690
468 687
510 553
645 415
703 508
604 576
737 549
602 486
581 542
566 563
475 540
556 406
691 673
573 532
592 617
701 648
557 620
519 492
642 588
760 629
363 533
650 575
583 485
561 504
570 547
558 763
590 517
681 678
609 707
541 665
739 543
619 529
471 673
341 549
693 463
543 511
548 536
