454
542
512
436
475
570
397
482
554
463
471
496
563
473
481
482
594
593
543
516
531
563
460
550
447
473
538
439
494
463
489
381
425
470
539
493
500
529
463
512
466
427
483
524
514
499
601
518
542
595
445
456
574
466
501
545
538
574
563
545
467
534
513
444
560
534
502
490
449
508
520
465
549
453
410
544
483
495
464
432
553
471
570
534
487
454
469
449
589
507
549
446
508
550
486
544
454
442
516
484
527
416
530
610
499
501
508
421
518
432
482
553
469
521
543
512
442
486
583
414
488
477
505
532
568
489
534
521
520
476
458
453
468
514
532
514
477
577
564
485
465
506
554
514
524
491
519
566
490
506
511
512
440
420
457
507
523
477
558
494
501
492
506
530
528
462
565
454
503
488
455
497
469
503
517
562
513
474
483
506
504
562
559
485
477
392
477
459
485
517
508
499
508
495
508
363
489
495
486
491
530
475
593
529
500
491
496
461
496
512
525
525
488
440
472
568
538
516
468
500
447
477
490
485
541
440
463
442
448
505
432
532
490
503
514
482
544
492
525
492
512
512
511
459
518
486
527
409
438
515
579
535
471
428
532
497
525
505
501
626
500
493
495
475
542
485
527
512
552
518
449
444
560
474
444
472
554
440
463
472
447
450
436
480
485
471
430
553
444
512
454
528
541
463
418
530
580
518
507
535
532
465
472
526
494
556
470
532
515
495
550
529
457
527
558
494
489
472
499
529
465
443
484
441
522
482
426
485
492
519
494
579
478
497
496
488
506
523
557
433
478
481
540
485
420
504
499
508
456
573
486
492
462
461
448
483
459
587
420
452
483
529
482
529
458
503
574
459
518
509
404
475
548
506
449
529
480
515
516
453
534
457
445
463
485
505
467
532
511
471
538
549
496
491
425
483
488
510
493
510
565
478
479
444
500
541
426
472
502
536
516
514
490
520
543
427
531
496
478
396
441
572
471
454
481
468
505
564
475
507
451
564
508
454
538
551
507
430
576
513
550
477
483
505
547
506
447
511
569
503
505
446
440
473
486
504
507
568
502
545
498
561
421
475
542
493
540
516
540
526
529
563
542
542
501
475
472
532
397
445
459
489
388
553
525
584
545
544
595
476
436
490
465
489
455
524
522
499
513
494
532
503
489
539
553
557
458
477
428
490
518
494
582
483
454
524
506
523
513
510
410
469
475
485
481
518
525
452
529
525
520
440
519
504
541
576
567
505
500
527
453
438
480
552
486
564
382
433
495
538
497
496
495
425
549
471
546
497
545
515
495
510
438
500
573
556
458
521
511
535
504
490
556
509
553
541
486
493
582
508
468
449
541
507
466
529
507
430
525
557
609
501
510
568
507
512
473
441
539
446
548
467
511
484
550
513
583
454
518
502
512
568
525
451
523
482
480
544
474
484
501
540
525
490
488
451
468
472
494
584
471
487
413
525
433
462
544
411
504
534
565
461
474
577
499
469
470
459
481
546
538
450
509
483
533
493
516
493
407
502
446
532
471
474
500
525
493
570
570
573
490
437
552
482
502
527
432
569
537
515
538
524
505
487
469
512
515
546
509
464
433
495
499
496
435
546
546
465
534
540
502
460
568
516
489
533
569
479
529
582
453
477
475
493
491
513
465
474
513
507
537
517
533
452
484
578
517
532
512
518
490
652
483
498
397
547
477
497
478
494
488
498
498
493
493
556
537
538
469
553
548
477
565
471
422
547
495
541
468
446
552
440
434
418
381
456
408
498
405
454
599
515
502
431
490
502
432
505
551
485
492
413
441
545
472
461
471
498
451
505
442
533
455
556
500
464
539
442
477
500
495
415
461
507
444
554
521
478
491
579
540
516
440
569
545
494
477
492
449
480
532
423
487
505
504
450
450
546
448
543
480
546
482
451
536
499
561
538
490
481
501
508
463
536
483
482
477
510
471
506
617
498
482
429
502
453
484
506
427
507
513
445
483
422
567
514
492
493
548
496
514
564
485
454
465
561
504
479
541
542
480
459
433
424
489
462
579
502
418
560
507
530
529
513
522
510
453
516
543
491
523
518
577
489
488
495
496
404
473
513
500
466
472
485
466
478
477
538
543
540
518
470
541
487
501
557
504
510
440
521
458
543
492
405
485
490
521
528
486
543
366
470
453
447
541
535
467
550
504
482
471
467
520
528
510
413
513
524
472
502
421
448
486
487
515
450
486
479
522
560
573
433
498
453
497
518
503
498
563
531
488
501
537
526
482
425
450
506
424
494
481
542
444
418
482
527
545
461
520
453
468
524
530
458
520
421
491
452
466
446
523
523
471
516
511
495
592
464
501
484
484
507
488
463
612
580
543
698
538
568
557
669
639
569
559
611
613
597
552
596
634
610
541
630
510
653
610
554
630
602
587
592
634
554
621
581
608
508
622
608
602
596
632
502
629
647
636
652
612
590
687
572
587
552
627
636
667
599
566
616
549
632
628
579
613
577
603
605
615
581
600
618
546
636
642
616
584
602
512
637
595
619
616
559
603
595
687
516
650
627
649
628
648
577
639
603
681
695
660
581
606
604
670
607
532
648
495
560
561
627
690
618
566
614
630
586
636
605
578
589
620
580
588
602
640
540
560
669
654
562
657
625
533
679
584
613
586
606
569
649
549
607
567
580
592
623
564
594
670
528
632
618
590
582
576
623
603
654
609
598
644
648
588
548
636
627
607
553
623
558
571
628
573
601
629
661
574
599
665
567
636
604
621
606
534
623
551
600
609
672
622
597
560
576
583
688
546
605
667
587
562
540
573
574
675
574
562
670
618
540
569
616
576
518
645
616
554
633
544
563
593
600
573
658
685
613
637
608
623
550
604
666
613
575
664
626
622
572
616
601
573
653
563
576
649
609
619
673
645
651
652
551
525
557
572
591
593
611
519
603
542
606
643
598
598
625
662
607
586
582
685
617
656
627
639
589
604
598
585
722
656
655
528
571
636
530
617
614
558
581
545
648
545
653
525
654
640
541
617
637
591
555
538
604
550
612
664
678
559
607
558
611
595
640
564
605
634
603
600
608
611
609
584
544
614
636
581
600
625
603
666
539
577
593
579
598
580
575
622
657
572
592
605
643
518
582
608
571
600
634
596
529
582
615
619
559
643
624
609
567
655
505
575
602
617
703
552
585
654
584
603
555
552
617
582
563
560
564
615
622
606
572
483
577
517
625
617
575
562
486
648
613
602
562
648
606
569
505
595
597
584
578
668
596
560
641
593
599
656
607
621
597
664
642
679
596
505
576
598
594
567
539
607
646
616
534
538
598
620
578
576
532
627
600
587
605
537
531
570
623
602
587
627
520
696
622
587
549
630
559
553
619
570
566
617
536
616
583
537
603
625
614
571
668
583
628
609
637
599
607
614
624
550
566
696
578
556
640
509
574
620
471
636
615
553
549
595
543
563
659
596
583
481
627
572
571
584
551
621
660
610
640
632
635
613
631
607
598
555
664
592
555
559
604
592
610
570
599
619
619
582
654
652
611
545
546
536
582
608
627
532
558
600
522
567
516
715
605
608
571
575
606
650
652
664
597
615
543
700
685
624
517
593
511
690
656
655
575
610
554
621
544
562
578
670
602
657
651
616
615
588
611
632
533
641
603
662
652
557
569
608
586
605
620
586
593
559
498
621
565
583
594
633
549
633
628
602
549
589
552
613
668
629
542
586
693
529
609
616
586
629
610
577
563
650
545
593
579
547
606
610
601
631
577
605
598
586
660
521
646
624
655
654
623
601
571
579
585
604
539
627
585
586
520
594
566
482
666
572
631
535
665
585
508
575
686
633
626
572
550
568
590
573
624
645
663
547
506
606
582
648
714
580
592
675
615
665
542
584
633
564
512
573
639
575
598
645
620
571
666
646
550
477
579
634
633
633
523
662
611
615
647
672
550
599
615
645
648
559
660
541
653
615
623
616
592
531
621
629
649
607
596
562
603
611
552
593
646
501
660
624
642
631
658
653
648
621
584
601
617
602
487
630
623
580
571
551
606
549
685
527
576
577
615
654
605
585
585
622
608
641
592
634
612
580
529
564
537
640
600
598
616
611
572
587
680
626
527
633
647
636
572
657
616
624
534
648
562
589
539
627
617
529
671
585
575
611
522
579
599
660
643
646
546
664
626
667
606
684
597
648
648
587
583
566
643
651
589
581
623
508
589
575
662
627
584
555
513
631
670
626
623
509
594
640
642
614
595
556
664
643
643
624
638
619
544
654
609
557
615
570
658
603
580
594
598
623
660
597
589
587
552
611
583
578
635
582
595
551
541
598
570
612
553
581
547
626
617
590
568
496
622
577
651
611
558
555
661
605
567
636
572
655
657
557
610
552
597
636
614
588
649
622
586
587
619
583
580
544
610
589
591
632
570
608
662
594
524
576
533
562
627
635
649
588
632
600
620
621
595
614
619
581
643
620
531
545
662
551
604
625
578
627
640
673
660
587
530
620
575
546
615
613
568
583
683
596
521
499
593
601
690
700
658
611
604
647
610
582
704
644
621
606
534
574
569
587
604
564
649
618
594
574
600
610
597
592
579
591
621
625
575
651
545
647
514
548
657
521
614
576
529
641
632
538
616
589
465
612
637
679
677
547
610
585
527
625
617
628
561
638
631
656
551
569
636
570
623
