348 640 540 289 419 731 160 440
677 379 405 487 709 411 438 439
809 806 641 554 603 709 369 665
324 411 627 300 480 379 464 108
252 402 630 476 500 596 377 540
387 258 445 580 547 498 835 558
637 813 319 355 744 388 504 650
625 746 709 650 392 611 544 314
698 613 506 467 332 528 566 384
663 346 203 646 444 482 383 275
676 404 733 613 456 348 397 330
792 523 661 323 525 665 453 644
348 309 553 447 590 223 600 864
497 505 525 239 560 275 440 674
397 570 642 539 308 453 774 216
461 423 517 605 725 462 614 570
566 421 360 346 394 545 607 545
423 753 713 450 385 518 677 547
578 470 564 716 466 520 536 540
302 237 357 524 578 426 693 480
503 473 519 599 593 374 713 347
511 462 353 489 396 510 556 706
543 414 445 520 513 704 695 450
423 142 423 363 450 555 525 496
528 482 528 48 462 484 452 469
598 416 808 596 499 471 488 372
487 539 581 581 462 302 406 726
625 552 393 501 324 423 466 449
634 301 379 308 327 517 276 606
465 510 545 439 645 473 583 472
541 539 535 364 561 455 588 199
295 551 761 617 404 263 604 489
583 516 504 914 499 478 483 418
639 450 589 540 671 559 330 314
697 415 315 406 677 301 379 407
325 334 287 435 450 404 268 675
314 539 350 594 634 377 231 597
763 558 522 615 607 384 408 586
480 684 401 605 548 482 665 595
359 590 692 482 465 406 498 596
386 312 447 307 573 440 254 451
473 563 480 762 427 491 486 460
520 576 688 280 429 437 631 450
235 512 495 525 354 741 455 474
374 370 329 445 366 788 236 342
444 594 442 595 362 508 744 365
559 529 185 418 658 519 330 597
433 550 553 343 611 359 317 376
452 515 392 604 535 403 624 663
486 470 252 443 459 534 476 534
715 426 431 317 499 637 255 407
505 619 554 546 469 567 642 261
602 486 426 158 307 738 404 348
436 396 517 712 418 522 339 713
526 349 627 668 523 270 750 543
664 423 444 515 656 520 324 537
728 509 518 323 304 411 454 515
523 724 508 649 494 703 238 416
638 476 630 554 632 586 594 709
638 639 503 419 408 605 159 317
365 465 132 676 584 778 649 644
815 420 290 467 385 464 353 580
572 496 544 480 605 510 463 630
677 687 361 425 262 467 558 481
770 443 348 580 521 577 543 534
203 398 417 451 437 558 584 342
596 582 565 301 562 512 635 750
722 516 500 588 344 297 434 671
454 710 110 278 483 624 490 487
483 253 662 404 653 490 650 548
485 532 294 501 740 683 362 571
535 614 513 467 686 530 676 636
455 477 770 527 394 332 636 522
389 594 522 268 582 687 858 505
533 725 524 539 412 305 628 322
660 390 537 448 664 542 774 348
558 507 539 723 582 339 575 442
434 646 416 447 505 632 581 467
462 338 394 408 479 778 405 459
213 584 279 373 646 205 513 612
714 371 413 753 496 397 400 364
438 652 624 336 530 444 610 478
552 478 194 507 322 605 405 415
499 581 476 730 731 740 467 293
671 442 505 588 275 728 622 549
625 578 516 457 397 540 551 652
528 381 279 482 496 486 286 650
650 385 613 633 505 367 726 553
465 608 727 430 597 772 344 423
416 478 471 542 385 413 542 522
622 557 608 340 446 759 555 605
538 560 468 1000 445 495 161 655
423 491 426 481 460 494 493 478
476 683 623 624 397 676 658 423
713 404 242 654 483 637 394 323
672 303 281 230 109 355 196 495
187 347 826 548 507 273 466 507
275 518 667 451 472 214 304 648
407 370 403 492 338 518 310 608
352 685 499 382 628 308 423 500
483 219 371 524 315 677 569 428
469 761 631 553 302 728 647 479
423 474 332 434 607 247 456 516
514 335 334 652 329 641 432 651
441 337 620 498 703 625 468 437
503 527 377 618 444 441 424 532
403 519 887 492 439 267 507 345
447 521 258 522 543 318 445 244
721 546 475 477 658 487 546 713
452 347 385 700 513 430 636 640
433 364 280 249 463 375 760 508
228 699 523 599 595 542 573 533
345 551 643 471 577 559 754 465
459 484 486 182 410 542 499 388
407 450 388 428 424 625 642 631
560 401 634 456 503 687 512 535
302 568 363 642 474 187 450 468
568 594 454 642 57 400 344 324
634 616 391 665 514 441 403 391
566 591 533 213 541 579 406 506
239 328 455 457 549 334 452 431
574 699 741 280 493 344 491 559
511 493 708 601 462 503 622 585
440 251 334 520 250 479 437 640
315 230 441 589 650 373 566 344
395 579 601 360 566 238 472 341
387 321 578 578 403 553 537 482
802 382 502 446 448 522 459 380
517 666 632 528 397 526 652 667
550 449 472 608 596 254 592 600
376 393 394 405 302 544 390 490
430 536 359 534 555 616 775 207
545 401 230 618 687 445 530 491
561 623 548 548 676 477 629 385
725 603 443 204 500 335 542 703
522 475 548 540 169 534 587 464
637 482 607 818 487 228 453 258
586 683 597 545 410 721 605 540
529 516 563 414 714 521 584 439
552 181 343 496 315 842 266 548
732 567 457 423 594 388 483 597
457 512 457 364 666 695 456 463
475 575 373 488 537 590 111 556
548 641 426 427 668 281 728 858
567 614 291 403 648 551 475 533
571 459 496 495 353 545 753 742
293 580 595 443 365 315 438 549
478 414 325 549 649 370 563 237
408 602 344 415 699 397 380 581
774 466 608 688 546 462 377 300
656 525 687 638 414 334 558 411
553 398 379 480 631 543 665 327
352 488 803 594 351 489 531 420
586 478 458 676 261 365 386 381
398 568 654 628 357 485 563 534
683 405 522 445 535 349 370 398
421 717 665 470 524 277 475 522
660 546 561 542 538 304 442 701
615 569 509 592 368 279 447 575
515 642 549 506 686 659 486 346
373 477 449 732 265 491 351 516
554 443 574 472 475 441 591 519
720 678 578 198 292 638 433 533
412 573 634 331 386 267 533 267
449 573 788 552 675 536 543 470
446 664 552 547 415 452 789 491
686 427 612 541 443 591 284 580
610 538 684 490 479 550 621 580
468 361 593 389 385 408 508 389
341 408 474 564 509 349 532 545
436 389 388 426 810 376 537 400
429 401 612 553 482 570 604 381
577 400 617 604 557 471 426 463
608 404 507 255 536 355 315 573
529 438 458 818 473 472 591 512
638 539 607 562 590 494 531 462
585 312 602 640 604 485 571 391
617 346 583 575 557 437 606 243
609 527 647 528 757 368 585 376
482 604 588 791 451 680 464 402
273 523 427 619 426 433 550 741
348 642 622 469 595 460 832 484
511 454 263 463 532 710 569 473
508 546 447 596 728 449 669 623
575 516 547 470 757 399 659 717
455 663 520 509 490 274 577 702
401 619 488 347 640 736 389 530
298 494 568 745 718 730 426 466
267 400 297 551 402 346 450 334
543 540 456 398 312 578 532 565
457 469 702 416 456 604 542 213
264 407 627 594 573 588 364 584
371 633 429 539 238 311 653 597
329 680 347 503 433 371 664 736
525 714 461 515 518 338 570 599
476 263 551 288 386 518 392 536
468 272 524 582 642 449 491 291
775 711 496 483 90 645 579 614
443 434 327 609 675 657 526 454
353 402 565 460 730 661 416 330
423 649 427 576 421 548 574 638
701 683 426 479 336 467 503 443
429 644 627 556 321 528 446 684
248 422 418 435 634 171 471 619
637 423 405 548 521 510 -32 342
379 590 298 353 478 320 590 445
757 412 419 613 408 712 568 457
477 899 568 521 481 645 287 475
103 425 619 694 585 590 260 405
706 427 481 387 369 434 407 634
530 643 306 672 503 758 493 291
680 481 199 520 532 651 -2 661
434 770 259 576 558 441 392 448
451 325 639 347 643 250 475 477
498 634 472 436 472 637 331 357
226 784 338 236 387 414 705 435
541 249 529 269 456 394 508 589
313 341 527 596 698 434 291 526
389 371 697 587 398 497 488 523
443 234 363 426 504 348 526 447
394 322 563 559 612 577 587 553
254 461 299 692 498 678 356 487
537 454 526 708 356 131 724 389
657 591 470 553 340 512 583 392
447 544 685 500 440 480 662 410
458 411 471 530 645 203 578 375
583 674 639 522 617 368 491 713
390 528 448 473 557 462 500 429
244 527 562 694 482 305 394 576
488 539 451 762 742 370 627 543
502 380 727 663 296 694 495 416
363 632 556 378 386 446 428 574
553 411 268 313 622 361 516 253
556 769 314 577 538 629 482 538
525 580 383 527 613 664 569 342
282 557 358 618 460 642 798 491
484 642 649 738 528 411 501 413
534 378 626 598 519 504 472 684
666 520 380 335 540 411 567 446
608 529 640 187 468 810 150 618
559 680 476 667 670 528 337 628
364 481 633 653 451 588 284 434
706 688 594 480 619 497 524 512
391 602 350 609 366 399 102 478
526 616 684 291 638 435 490 485
437 375 539 614 324 497 412 653
569 711 283 645 523 398 568 719
725 615 361 543 548 674 477 502
409 594 470 526 434 507 349 523
416 598 759 618 343 450 275 502
252 332 653 621 287 437 565 555
272 536 415 668 472 550 485 593
392 594 669 757 722 425 581 613
583 605 559 424 529 619 565 347
377 443 471 522 363 611 240 574
571 590 71 311 451 524 489 386
680 545 445 362 510 676 505 496
509 517 467 364 714 589 796 570
468 368 454 339 794 498 610 635
651 857 487 475 523 605 525 462
400 392 538 360 246 516 663 593
497 556 269 403 735 666 400 746
399 385 715 683 418 493 452 571
719 575 484 312 609 329 474 634
614 617 598 520 542 513 568 575
519 572 404 457 532 769 574 481
469 604 486 589 572 326 566 565
612 383 653 477 778 745 415 308
598 385 661 574 296 609 519 558
713 482 606 416 420 469 413 580
315 616 393 553 334 567 652 501
717 480 558 370 561 420 399 721
322 484 600 533 241 585 307 438
466 91 485 593 476 526 817 658
508 862 411 573 279 556 484 509
552 539 350 446 501 300 612 764
542 426 178 287 547 677 469 292
378 420 229 457 625 265 422 217
385 479 643 564 334 513 453 498
472 544 525 621 516 737 573 707
601 406 674 666 98 423 702 648
296 620 742 585 293 390 556 470
679 602 775 643 577 456 697 501
356 507 487 361 616 480 555 391
477 608 465 449 806 544 603 604
514 574 364 703 675 527 501 326
644 464 585 298 588 475 502 302
595 414 493 613 488 778 374 534
558 357 512 473 532 564 696 540
577 710 278 463 505 282 511 170
599 293 325 573 267 788 516 486
668 489 534 478 430 552 574 322
377 408 496 548 802 539 476 400
638 498 548 500 577 567 552 501
513 554 231 495 637 433 207 306
511 399 519 497 434 372 527 510
483 622 528 417 450 491 517 687
736 434 357 424 559 617 443 372
554 587 645 411 546 272 485 601
708 542 466 303 532 588 642 534
366 577 737 463 388 454 498 427
599 560 453 497 285 545 305 461
435 565 438 493 709 280 516 621
412 503 309 275 601 454 316 434
585 577 647 429 412 546 640 448
634 453 785 259 715 290 671 512
437 373 370 595 564 474 496 378
481 624 373 573 435 286 649 308
435 650 390 632 437 487 764 659
512 408 504 731 804 413 702 279
582 552 646 383 520 239 412 498
527 891 429 503 339 236 626 627
307 263 411 733 292 595 518 458
415 534 456 444 471 656 530 510
694 462 701 405 574 455 490 410
459 402 556 385 575 829 282 168
362 604 400 581 633 465 624 182
617 612 486 640 702 771 772 508
480 489 126 598 829 579 301 361
369 732 570 589 549 344 368 595
512 240 610 698 501 456 691 473
414 285 431 761 663 517 499 639
514 323 520 525 502 536 403 522
276 371 466 584 458 562 643 839
459 410 505 528 576 614 460 602
511 672 461 520 538 659 499 355
263 645 590 733 513 512 525 425
401 561 665 585 433 559 525 421
329 384 667 536 415 511 586 424
393 251 652 582 594 579 216 515
563 510 171 483 464 645 485 427
427 601 594 470 444 178 214 383
480 389 288 495 497 683 450 467
400 865 590 384 224 320 371 309
483 358 275 589 284 143 631 751
506 596 594 830 361 436 439 508
471 488 520 777 538 616 594 550
463 613 255 716 593 514 498 531
614 565 691 740 653 291 427 637
798 418 584 672 515 329 774 378
396 538 508 372 735 573 627 494
499 685 427 450 565 627 627 368
348 381 624 624 545 542 269 545
280 616 456 534 470 489 344 476
491 529 576 567 538 409 318 360
386 618 651 388 338 273 413 558
348 666 551 649 388 600 345 597
702 700 426 376 477 720 309 288
214 513 262 667 730 481 835 533
429 427 701 611 216 237 294 417
318 393 385 343 797 699 749 735
490 515 370 521 360 276 393 622
514 584 502 371 573 513 684 690
459 517 375 380 419 569 427 716
566 462 642 397 410 689 317 479
447 397 638 621 595 503 590 220
443 505 417 526 834 516 558 528
332 292 273 539 214 590 472 563
314 717 492 235 673 322 329 332
457 582 578 853 407 436 309 346
657 430 563 504 353 385 237 472
511 457 639 315 507 359 553 374
614 589 547 536 540 547 574 450
343 494 572 572 742 430 302 424
441 387 355 481 490 355 340 552
566 385 476 570 518 719 312 282
601 549 423 652 410 572 475 391
441 664 446 711 522 464 359 595
529 489 514 483 332 592 760 738
515 465 512 413 539 552 332 454
622 626 324 653 460 496 477 204
559 275 616 318 648 532 585 400
247 363 545 564 380 686 497 270
538 392 615 531 521 460 657 373
547 506 355 489 368 786 642 271
437 585 664 622 767 519 679 338
622 471 479 693 636 476 857 676
438 161 539 445 412 431 521 684
363 490 472 385 539 748 586 510
439 507 260 492 473 567 633 604
482 428 412 391 414 483 329 562
485 383 410 617 627 834 579 405
399 554 613 697 378 514 337 553
358 704 391 585 521 507 247 487
363 418 568 880 766 572 554 451
360 562 438 746 800 800 411 429
330 591 380 415 376 422 732 155
574 387 828 616 357 414 420 661
737 522 480 646 504 566 531 390
691 417 771 665 527 326 735 544
625 707 343 551 447 545 564 267
468 513 325 397 517 596 479 402
359 450 388 583 535 409 532 826
605 536 600 677 287 440 414 410
796 571 656 542 885 219 432 438
451 628 513 591 646 532 602 438
410 376 512 366 350 591 370 579
455 419 627 639 530 697 265 651
387 468 550 403 494 440 468 795
240 470 555 342 476 542 550 615
654 454 512 301 493 297 502 615
558 513 613 650 384 666 394 438
602 525 497 524 684 510 604 601
792 694 599 601 524 477 498 503
437 442 491 455 473 477 627 611
643 674 399 504 542 562 572 699
423 532 330 558 277 550 674 587
351 392 586 484 195 698 526 300
533 810 479 477 410 591 535 614
398 602 335 570 389 505 282 514
497 286 742 587 347 359 465 421
487 197 737 400 670 476 843 620
649 667 512 521 482 551 511 551
389 442 578 503 568 594 624 569
467 379 662 403 500 726 389 462
517 250 350 675 563 616 536 227
357 188 590 879 281 650 653 526
308 379 217 482 530 615 471 381
403 482 542 695 787 499 349 672
858 394 430 483 503 405 306 586
481 658 576 643 509 598 398 570
642 686 459 584 683 282 450 582
460 408 562 435 511 284 436 541
488 495 546 655 467 498 512 435
392 620 339 585 472 454 547 568
356 497 440 398 209 620 626 338
486 330 451 412 690 309 251 451
460 776 394 707 571 732 539 275
371 577 376 835 244 412 566 503
434 703 511 651 441 646 533 273
330 658 500 660 602 343 333 486
524 403 572 470 394 536 410 297
720 225 268 616 537 421 772 445
484 502 586 597 691 435 494 458
314 454 547 516 700 528 361 428
386 416 488 607 621 372 559 490
451 406 397 426 646 632 616 182
674 543 621 476 526 687 642 370
389 563 528 376 492 405 582 818
373 562 559 472 447 452 295 223
379 415 605 346 427 650 611 567
655 872 486 585 482 474 374 737
527 715 554 379 503 591 531 246
502 446 442 308 764 638 384 469
681 272 721 551 567 478 562 774
515 404 427 646 539 533 423 698
518 387 255 329 557 377 216 382
479 583 145 493 626 379 419 528
361 372 484 525 580 502 500 535
378 206 374 432 385 341 649 384
449 581 562 398 376 491 403 482
379 558 302 470 541 541 838 468
520 487 767 641 770 419 523 507
339 548 362 648 471 287 422 507
744 621 513 623 524 375 558 620
927 542 433 630 597 721 605 261
491 680 739 384 470 592 443 464
627 642 660 571 359 481 362 429
581 523 809 537 557 496 608 733
524 713 486 651 489 486 217 248
483 605 494 382 366 605 357 617
598 710 845 465 484 702 494 281
393 554 330 783 682 370 381 519
441 486 595 473 700 621 643 339
299 497 751 670 604 675 345 298
682 415 388 585 465 483 548 524
272 434 601 404 455 459 143 514
414 582 536 389 565 432 404 295
561 479 428 281 654 460 548 543
308 596 464 472 228 672 514 470
403 492 589 489 566 347 243 391
450 355 490 462 236 603 468 338
287 819 431 202 296 511 396 465
494 495 495 475 726 450 655 529
634 578 659 856 488 562 765 533
130 437 450 519 410 824 806 272
371 648 386 442 390 697 490 676
419 612 463 527 440 464 487 535
610 367 315 677 786 635 683 448
586 561 524 381 273 674 609 408
549 436 630 574 717 518 489 506
892 597 516 627 467 550 642 138
315 326 453 451 564 594 706 456
445 434 375 528 329 662 537 615
727 183 481 416 565 618 560 519
477 630 504 738 429 756 335 538
511 402 310 630 500 634 750 595
635 447 700 715 580 470 508 522
565 499 460 477 501 672 370 229
288 532 539 664 848 478 649 419
655 540 333 546 574 555 462 707
660 597 403 446 616 740 645 475
523 674 319 305 648 520 369 475
452 572 484 562 723 528 486 429
435 486 644 611 294 763 424 424
477 789 590 533 419 526 819 622
438 452 585 635 339 555 601 677
331 823 443 439 430 582 370 743
436 518 343 427 218 496 486 253
474 571 690 373 245 483 751 455
434 652 447 449 405 516 498 523
514 282 591 305 458 675 583 714
433 422 665 521 791 371 603 589
667 587 599 525 638 435 631 764
403 600 562 370 516 627 608 380
540 567 629 508 422 657 350 411
608 547 521 388 628 581 774 598
306 515 488 478 472 523 397 277
557 653 564 541 392 621 224 785
422 600 436 515 452 220 588 350
339 432 460 549 428 876 284 454
568 652 588 619 403 583 682 569
835 492 454 259 438 572 626 696
531 420 315 474 356 472 306 450
412 643 336 264 610 711 608 480
380 471 445 332 502 680 620 549
492 363 653 299 200 491 441 450
602 575 593 653 322 745 381 543
762 728 698 497 296 350 456 404
400 467 410 428 513 361 601 633
436 501 713 612 726 608 644 421
496 393 512 576 533 290 389 335
544 445 538 210 514 357 600 608
578 632 613 428 298 600 545 181
260 319 489 304 592 429 716 560
482 559 369 702 647 535 771 295
613 669 570 478 212 652 440 490
638 638 338 362 401 596 651 570
438 480 694 343 609 485 569 504
644 574 510 817 675 538 609 516
403 259 789 438 582 677 439 461
573 574 505 352 680 607 525 613
46 509 441 226 576 362 698 480
593 419 615 698 280 587 269 484
536 347 454 710 625 645 728 456
640 416 675 342 384 745 585 546
475 447 490 488 596 738 382 525
614 461 615 307 822 547 494 400
463 604 835 318 486 343 331 513
430 547 597 325 426 461 196 464
321 469 493 237 344 555 625 765
549 408 371 322 644 310 391 482
679 585 481 589 769 453 660 586
674 521 403 354 473 358 299 828
370 432 518 752 593 695 524 505
530 672 375 417 630 696 297 432
570 585 666 703 442 656 378 648
475 563 610 624 553 546 324 563
410 431 557 723 639 490 474 400
508 175 483 410 477 288 442 709
527 343 436 518 180 830 536 536
609 579 701 738 386 228 263 808
349 711 351 682 680 533 411 661
423 719 418 694 403 396 599 503
590 891 371 451 519 353 268 371
604 401 402 568 359 629 770 540
562 401 540 568 323 366 387 530
426 527 432 654 475 358 728 790
608 565 496 562 350 339 582 334
755 390 577 327 497 558 440 412
462 683 642 655 645 713 614 181
590 563 469 294 405 453 622 601
338 585 231 440 498 605 464 579
541 568 593 460 623 718 478 183
592 503 567 388 435 508 476 492
431 482 596 575 323 530 398 552
667 615 408 513 554 564 380 574
545 366 551 438 374 444 367 399
707 319 609 565 713 780 480 544
509 346 439 888 559 282 589 648
599 296 537 272 466 110 242 547
654 484 596 764 358 589 675 525
556 569 438 677 321 444 519 632
345 631 483 642 803 633 547 549
590 585 381 535 578 367 485 306
130 472 455 714 300 583 526 650
440 585 362 563 520 431 660 519
598 718 684 651 471 549 578 619
581 423 467 473 447 608 251 414
457 677 362 573 517 408 791 600
430 665 506 334 86 591 558 377
292 396 428 564 539 442 256 327
723 438 674 627 268 608 354 369
611 425 284 338 443 593 291 505
729 314 426 432 366 614 484 487
706 538 490 490 390 669 436 503
213 590 699 675 354 584 507 413
573 593 563 569 487 731 382 555
312 486 536 524 596 388 386 322
383 404 381 307 545 461 521 444
802 223 416 287 598 411 537 326
504 478 423 925 539 237 805 476
341 399 632 651 567 397 597 538
525 512 465 521 426 592 533 772
333 675 374 419 486 719 377 646
639 671 414 617 504 568 441 229
528 611 630 552 450 395 615 627
495 536 526 431 624 705 267 574
558 477 363 744 475 744 624 508
476 526 574 526 443 654 733 497
522 605 453 207 522 651 319 197
583 359 303 335 546 683 309 529
541 529 588 497 300 533 646 464
384 613 425 464 617 580 832 445
659 378 797 704 608 313 576 404
603 524 476 774 384 429 604 420
425 632 630 774 589 653 507 469
527 426 663 390 613 791 491 681
554 514 620 596 574 506 406 736
543 621 801 643 357 348 785 269
401 598 545 297 518 784 379 283
410 518 444 644 664 693 634 468
425 509 646 379 546 645 661 589
349 468 489 237 376 700 438 293
569 666 254 475 377 387 363 534
487 695 354 711 504 515 386 560
694 376 658 404 436 537 495 486
498 784 522 347 329 459 766 860
633 329 370 334 372 165 579 413
761 558 602 247 430 330 270 581
509 283 683 586 410 578 522 414
398 599 545 290 607 324 425 618
478 625 768 399 586 622 675 519
375 285 603 643 639 593 354 634
233 609 352 343 301 240 628 310
545 712 341 590 342 423 364 397
588 514 306 318 690 277 707 390
507 531 433 579 466 377 389 454
723 502 414 328 494 424 191 572
609 575 757 558 457 578 617 488
538 485 694 680 469 392 488 269
609 626 358 620 470 765 831 470
288 680 750 610 506 658 342 655
401 474 682 678 480 411 520 376
670 406 359 623 550 415 425 470
374 525 472 270 442 700 370 417
444 485 307 390 473 587 571 534
535 364 231 302 550 566 363 734
729 379 513 651 709 532 432 582
571 741 608 570 495 575 198 537
590 276 353 236 575 615 301 457
360 577 364 375 558 826 386 405
458 582 526 410 436 423 346 640
448 572 413 515 650 707 635 373
295 496 570 740 488 612 540 330
591 482 622 308 615 483 429 721
615 613 481 338 320 454 305 434
494 451 528 179 611 483 580 448
480 344 534 400 535 621 523 775
559 493 528 524 589 418 549 370
520 593 623 448 669 470 333 517
603 402 309 500 486 390 687 614
641 320 460 432 447 643 421 410
644 752 683 374 215 392 482 545
429 660 581 502 302 662 494 252
672 765 469 357 656 700 599 210
410 373 579 706 502 478 293 314
501 701 431 419 347 322 634 465
615 242 450 711 337 357 482 499
540 483 508 501 371 438 312 526
376 575 573 205 617 595 515 193
237 611 428 541 104 567 397 393
637 449 550 380 772 386 611 426
521 472 464 456 373 554 531 491
684 616 402 517 647 482 502 444
433 622 531 589 523 435 352 452
578 561 276 753 410 487 530 733
383 386 362 531 578 524 759 453
530 251 168 573 573 338 491 584
457 385 490 779 613 438 625 538
511 547 548 316 536 451 493 370
555 528 496 537 550 629 298 735
509 447 625 492 733 529 637 505
453 598 710 670 592 619 644 645
658 225 405 610 603 221 464 277
321 508 411 431 439 534 615 367
476 541 458 603 506 668 351 849
415 696 660 736 611 402 85 396
651 533 356 330 337 433 479 714
540 417 553 389 710 289 582 311
441 590 562 470 514 283 289 576
749 617 535 640 520 627 556 517
279 552 550 608 482 546 429 720
429 420 507 266 377 274 732 557
425 363 791 273 502 685 412 361
316 617 400 366 255 408 611 586
493 419 399 292 551 515 487 542
609 583 222 452 542 491 415 468
749 686 511 445 573 631 549 351
507 523 347 521 587 578 687 312
535 431 621 643 313 450 364 486
492 683 569 648 634 352 507 633
694 605 260 562 491 599 402 512
456 679 586 465 413 441 735 473
784 525 339 658 213 515 827 736
700 634 669 384 613 554 692 733
437 297 506 711 300 469 227 407
552 495 382 709 442 233 773 650
544 365 352 518 521 299 360 568
324 654 446 660 420 595 534 737
409 791 702 406 419 551 607 364
329 257 714 497 253 461 615 556
765 528 458 541 714 592 482 353
479 317 559 557 361 389 617 494
576 417 388 458 335 419 633 411
720 633 624 548 400 347 340 529
836 567 710 479 419 612 431 459
514 350 536 481 318 506 600 387
824 322 378 582 509 365 600 337
606 672 591 527 408 369 606 608
419 528 787 444 560 553 594 745
675 382 531 193 450 232 309 545
808 567 747 191 335 388 398 638
352 369 402 186 437 556 463 502
525 428 439 466 515 426 329 546
273 400 433 365 383 578 743 279
439 511 513 267 513 500 571 336
492 377 539 735 613 434 536 526
315 800 582 638 389 327 427 514
476 355 605 417 698 473 450 476
485 541 338 760 608 687 330 557
632 708 256 375 451 550 341 672
359 226 522 437 509 480 695 593
486 311 436 435 286 609 306 305
395 339 444 299 448 460 552 537
469 547 462 691 397 421 500 393
680 588 597 574 601 401 570 349
368 553 493 535 420 396 450 508
452 616 455 276 560 663 564 619
382 547 581 493 326 516 692 431
799 475 552 358 197 627 585 97
468 442 624 598 365 636 495 514
564 621 254 373 308 577 815 345
384 601 663 573 544 297 454 489
744 484 485 470 350 784 383 369
546 374 558 699 332 450 430 540
610 358 506 422 545 363 482 601
493 599 474 617 346 368 734 509
728 694 540 350 593 408 416 370
463 475 407 293 483 310 573 396
244 324 502 553 540 331 628 649
620 612 518 589 698 522 468 401
316 745 546 741 616 598 740 508
440 346 386 334 468 287 272 228
407 466 225 419 711 686 521 431
358 479 487 624 571 515 492 376
165 591 407 627 455 474 393 677
516 335 427 287 497 305 287 784
795 495 666 425 415 578 602 485
680 704 637 497 739 685 437 534
532 164 437 528 588 655 560 352
479 756 705 455 486 598 368 514
644 359 691 491 425 268 552 547
323 174 441 291 227 496 455 376
354 543 522 668 476 221 401 362
475 308 306 323 454 588 437 446
694 681 480 381 595 500 688 542
405 408 621 441 382 752 341 318
561 433 547 454 520 492 418 606
459 515 566 405 494 642 489 565
475 561 425 503 628 688 476 490
488 607 234 675 328 435 634 498
506 524 540 466 480 662 653 821
710 596 619 581 525 326 546 406
567 631 284 622 472 629 616 370
442 563 300 478 698 631 721 423
399 568 420 333 684 639 473 571
728 394 699 351 342 526 433 487
466 634 441 325 485 836 340 522
322 283 413 618 692 514 478 572
416 484 600 277 419 475 564 274
246 211 387 602 563 624 476 477
481 433 855 554 380 470 627 230
463 656 585 436 621 485 363 472
685 563 497 288 451 610 627 267
352 464 448 588 281 401 616 629
297 585 302 585 597 524 363 222
701 294 406 462 505 574 560 530
471 373 639 554 600 469 602 158
651 472 436 425 411 502 531 725
505 337 817 494 478 425 304 671
333 641 460 581 457 545 499 505
675 502 347 277 420 590 585 612
558 554 395 580 710 482 592 420
647 593 518 368 549 732 518 821
322 396 403 502 631 426 503 581
520 511 491 701 390 717 419 594
580 500 508 565 472 413 659 458
509 473 541 603 402 180 807 336
535 369 494 245 784 472 481 615
402 261 689 214 533 293 555 585
477 421 390 497 441 368 459 439
888 452 428 596 767 384 477 403
671 602 591 384 516 655 723 460
580 645 540 659 229 588 510 615
805 609 275 360 602 609 743 628
369 818 455 541 407 604 717 704
509 500 609 468 645 692 555 427
495 695 919 615 420 404 509 633
321 522 592 614 514 301 713 703
526 444 478 461 530 559 322 286
466 522 311 543 652 433 638 382
566 348 472 328 491 578 689 391
442 252 582 375 378 482 670 371
661 604 506 626 495 341 502 480
339 645 390 277 374 554 657 537
523 819 375 423 462 340 414 749
480 549 358 476 667 423 758 557
703 637 609 571 556 678 407 565
312 728 614 575 426 499 565 187
571 446 692 609 594 666 624 822
577 702 729 497 645 592 471 643
601 878 617 640 693 573 532 518
298 454 743 605 478 688 717 535
845 539 471 546 545 580 511 650
345 529 481 570 223 565 518 278
556 502 699 531 579 660 593 442
618 522 442 542 313 424 314 495
316 548 645 617 318 306 414 487
289 406 407 440 201 296 424 386
475 434 515 282 469 278 577 636
379 483 563 451 515 386 718 486
457 605 582 271 651 468 245 464
361 560 615 500 415 364 559 480
314 604 391 581 426 401 524 787
561 392 614 461 706 290 734 596
373 337 635 432 337 525 574 572
337 413 516 339 470 499 501 226
434 398 404 701 565 427 690 704
477 392 576 297 522 444 257 690
353 172 462 286 731 409 797 234
808 467 438 473 612 370 612 402
404 458 596 366 765 418 805 369
827 646 731 308 375 363 492 599
641 569 586 700 501 440 590 571
306 523 856 509 647 473 731 587
418 639 763 588 514 600 543 625
455 366 655 814 564 507 909 659
645 546 430 449 473 304 469 521
461 544 489 523 413 456 499 396
487 414 652 466 572 421 470 487
325 269 310 596 572 460 260 603
417 535 545 670 503 -16 587 380
286 367 181 603 340 610 482 475
585 102 592 526 643 439 551 388
587 608 127 546 363 471 465 529
564 462 416 409 297 237 675 300
723 346 594 665 443 488 529 523
395 279 536 555 405 668 422 607
604 269 614 166 536 391 516 667
579 580 638 433 575 519 433 545
394 582 311 691 449 564 439 393
487 718 504 383 252 509 516 383
581 528 510 545 331 533 496 656
419 591 498 634 847 543 421 525
570 427 466 450 707 509 566 353
321 323 531 388 378 583 637 407
0 308 259 720 457 344 739 312
522 383 292 359 662 472 617 414
398 441 646 415 368 307 422 298
796 537 290 577 407 504 335 470
541 458 626 644 713 307 533 718
425 665 524 376 426 532 422 656
598 446 312 513 761 652 641 610
748 537 770 531 459 716 512 550
542 597 513 340 603 542 456 387
597 371 418 227 458 631 501 353
733 575 397 545 464 241 573 415
739 675 361 296 443 612 593 733
520 298 453 323 645 573 418 486
691 690 472 440 639 410 375 534
482 436 740 483 466 453 519 462
505 266 338 713 648 662 483 330
635 623 386 888 582 616 335 791
522 580 487 565 302 623 563 281
656 499 713 397 256 538 565 773
412 565 649 534 531 311 635 497
823 674 431 416 321 497 645 569
677 417 659 492 678 289 403 404
611 278 484 662 602 505 712 560
539 462 754 726 551 553 529 509
481 574 398 391 382 625 227 745
416 330 494 351 412 434 487 209
558 414 228 514 758 256 471 514
686 350 641 396 613 651 443 326
543 518 335 551 490 492 513 497
422 585 353 773 116 613 622 457
333 510 365 455 375 637 490 662
493 252 524 695 482 328 453 342
632 340 361 491 676 366 469 436
449 194 307 385 541 420 282 451
544 719 546 362 501 459 299 505
697 682 119 476 439 462 513 314
461 463 751 320 511 246 686 445
529 454 305 532 542 367 516 479
721 627 613 532 512 424 366 639
342 485 325 458 432 586 334 137
552 638 417 510 464 448 583 571
597 499 523 505 547 478 309 518
540 528 660 591 619 341 591 478
368 645 299 273 461 881 524 635
518 383 617 337 572 202 342 730
729 370 603 636 579 491 228 732
405 633 651 452 542 524 373 494
555 703 714 341 645 211 463 333
632 568 275 388 523 487 453 461
280 701 655 609 499 546 696 423
480 222 522 505 432 578 546 687
354 422 613 479 495 822 326 487
393 637 417 548 604 604 535 495
390 497 525 572 479 754 478 664
858 753 603 460 686 353 384 555
543 530 636 437 699 597 429 672
649 547 342 298 505 314 718 803
395 745 540 490 686 618 439 577
616 833 582 557 625 413 603 361
834 537 494 765 394 411 475 437
734 354 561 375 299 194 651 360
415 551 605 373 578 729 536 407
323 522 499 626 570 421 297 304
516 493 504 418 590 569 716 533
507 561 448 628 541 554 639 733
528 455 568 419 438 737 479 356
453 408 449 267 473 413 672 643
426 291 406 629 479 323 501 644
451 424 408 456 527 683 533 614
536 370 689 377 415 596 560 355
315 630 643 516 363 501 683 545
411 611 773 798 574 493 291 396
680 610 525 384 606 586 572 394
405 318 192 425 531 434 657 319
684 617 325 861 468 359 365 433
449 418 541 674 406 538 652 428
402 524 52 491 784 438 732 557
468 532 562 411 296 462 402 586
595 438 573 559 187 635 308 467
725 617 314 510 506 538 308 806
561 518 633 474 587 396 408 578
501 494 552 336 134 463 309 550
655 473 302 482 380 660 501 669
386 497 394 568 458 399 302 617
587 422 395 568 676 -1 658 544
569 439 360 543 269 683 569 357
583 290 587 609 507 581 363 147
601 641 676 477 357 159 964 595
558 408 529 527 442 548 501 724
268 442 511 509 117 472 574 112
683 597 814 371 376 333 452 450
215 358 609 390 722 291 588 383
537 508 576 213 592 514 495 692
719 718 307 641 443 329 479 315
468 602 434 546 689 550 758 556
322 415 495 535 637 358 464 547
547 758 257 587 542 541 724 415
307 287 424 540 506 733 325 508
374 387 571 635 494 393 342 459
474 613 321 761 897 525 531 533
581 379 522 479 441 639 388 634
558 645 485 441 491 637 705 620
206 657 505 505 162 402 595 347
143 488 353 572 631 518 463 417
512 393 521 646 474 526 568 424
508 400 379 592 340 496 459 385
549 288 344 371 326 416 504 494
519 450 500 681 236 537 465 444
380 218 497 325 596 382 407 442
575 599 589 414 594 298 582 551
573 387 469 677 281 529 439 478
541 347 575 348 465 267 498 313
550 774 443 364 451 533 331 474
769 585 363 520 454 417 368 761
162 624 427 698 321 575 648 513
540 381 410 446 537 305 230 377
571 401 415 548 501 529 560 444
333 285 267 594 269 599 424 557
569 479 553 541 650 306 524 428
415 426 678 304 476 406 619 359
461 630 633 476 500 586 486 390
297 526 342 533 350 530 415 397
786 457 685 250 395 668 423 588
260 488 426 568 358 367 570 494
655 329 569 461 273 501 378 452
235 310 636 582 388 561 332 332
428 456 313 451 613 643 375 435
314 468 198 564 534 506 575 315
634 564 437 655 539 515 486 544
603 202 310 498 490 350 560 237
621 603 408 478 417 448 594 574
499 235 741 553 452 710 361 368
725 545 508 553 577 430 302 676
536 617 371 548 229 387 477 487
683 298 484 536 643 251 574 571
188 647 733 426 738 527 208 457
592 545 664 484 252 674 454 805
514 585 339 159 523 520 473 506
572 509 697 536 679 649 722 535
698 499 448 353 372 240 777 582
747 427 320 512 456 657 470 455
826 245 460 596 427 430 680 802
643 408 747 606 582 275 445 660
455 570 519 556 463 638 744 281
461 604 679 395 524 172 435 784
499 226 626 487 576 555 532 386
273 512 627 386 392 567 766 744
352 588 525 562 488 431 663 370
543 734 499 584 674 382 353 375
787 447 512 416 390 442 664 545
573 441 603 555 313 566 355 633
499 373 571 368 553 284 537 565
363 361 374 336 513 425 376 523
306 537 679 825 377 376 312 735
753 734 410 743 466 253 249 572
295 620 644 754 436 373 391 485
408 477 659 473 376 505 331 496
683 402 381 474 797 495 326 583
585 704 543 329 313 450 677 380
556 418 558 705 533 413 562 809
443 551 636 639 607 553 707 666
437 563 549 445 222 624 433 457
546 374 564 695 531 668 407 575
492 210 661 494 562 471 465 461
438 458 418 410 336 881 408 537
326 487 369 402 402 534 403 722
518 235 552 762 541 570 459 587
640 535 413 924 395 495 458 829
729 499 465 636 643 590 441 586
713 632 404 700 303 774 633 448
700 606 559 572 713 449 669 537
628 298 673 627 608 587 705 278
696 756 719 771 639 565 886 507
556 441 691 718 822 598 489 654
430 706 691 531 643 525 608 617
651 539 600 660 422 720 740 653
546 608 310 721 585 664 653 465
609 585 888 323 766 688 762 694
759 524 727 609 868 914 798 538
618 613 832 623 374 758 254 467
471 689 898 660 487 646 698 554
720 617 529 562 665 535 561 605
731 402 469 827 779 474 789 682
380 862 547 642 554 619 496 763
432 623 492 534 574 675 481 581
830 361 705 660 567 542 522 677
611 779 631 594 746 757 559 430
718 689 624 446 675 461 503 691
511 604 694 802 515 596 813 490
720 612 669 621 382 675 438 600
629 839 674 590 468 520 544 892
422 615 822 558 475 402 511 514
849 513 475 832 659 403 499 653
519 330 747 652 450 707 416 478
576 600 512 792 880 642 722 627
678 435 612 817 642 518 810 687
674 509 652 603 510 774 478 520
763 628 662 842 750 769 771 438
353 458 507 570 575 637 334 609
409 619 743 592 593 682 805 623
553 541 881 657 786 689 728 565
614 593 549 1004 784 780 364 506
718 370 655 646 461 536 419 759
417 774 353 779 732 405 655 724
569 452 397 612 434 641 812 856
466 624 463 636 582 732 482 617
711 608 599 626 636 631 547 417
646 719 538 599 681 609 818 398
523 577 529 594 534 517 673 787
509 572 616 742 330 539 626 505
601 712 587 367 542 651 663 465
741 680 631 491 780 287 516 606
657 941 440 552 777 546 610 450
441 657 542 478 469 482 651 672
621 507 214 523 326 683 657 519
475 225 759 642 607 474 759 620
497 287 582 591 547 526 825 587
467 736 579 598 785 624 671 590
810 739 859 587 287 520 592 580
493 400 623 750 654 384 395 594
664 527 521 376 689 598 556 615
393 372 501 675 607 557 691 336
917 673 559 432 700 463 445 662
500 488 658 390 654 542 391 610
681 647 505 823 545 694 630 722
597 623 646 678 434 488 917 527
454 733 301 515 665 173 718 649
444 432 584 412 478 793 585 542
209 690 509 505 547 439 669 797
632 733 706 717 644 704 622 592
452 811 574 453 466 612 573 632
500 596 664 662 542 778 770 638
418 423 390 540 627 689 375 462
599 343 490 324 981 616 626 505
516 619 764 770 813 591 650 411
931 880 679 325 578 306 896 786
780 519 633 448 669 416 473 526
830 608 788 769 652 648 559 637
707 380 736 609 805 771 460 499
627 555 618 665 555 577 465 264
668 485 544 580 708 433 708 693
608 432 563 440 643 824 695 407
554 908 366 630 653 554 696 634
523 477 765 419 575 530 425 620
633 603 703 525 615 593 555 797
340 752 681 783 777 675 602 505
530 551 615 398 689 550 554 337
581 487 209 818 509 701 385 813
550 295 518 884 708 685 509 436
494 566 511 678 748 807 426 290
619 541 757 977 533 574 848 650
816 409 546 709 481 311 511 728
516 593 749 667 506 816 750 436
195 532 714 709 709 347 804 636
651 756 838 436 597 651 749 758
464 796 404 775 649 677 653 573
373 670 697 761 622 588 475 609
636 440 578 752 275 799 679 738
702 792 775 759 669 546 602 658
606 229 701 677 534 505 438 619
431 882 360 520 525 650 780 617
550 552 672 626 737 573 712 640
532 366 483 394 731 600 593 653
638 508 557 863 685 360 708 754
720 507 787 653 678 382 758 474
564 400 690 658 367 834 551 517
636 342 529 598 798 743 753 423
810 687 822 619 878 589 758 758
558 544 488 741 769 563 538 675
298 563 518 803 688 549 451 313
702 832 685 676 300 581 734 737
646 583 456 810 741 741 678 726
663 414 778 629 458 649 501 791
609 534 582 593 676 797 590 565
556 441 636 545 526 716 540 585
437 404 592 501 640 445 538 424
686 657 566 494 258 671 524 770
638 461 451 802 618 490 719 507
780 789 459 633 443 590 718 645
561 761 674 553 556 664 543 534
416 634 565 569 704 500 626 804
581 350 520 378 475 689 716 760
560 704 599 665 668 585 645 663
536 741 667 372 418 804 440 613
682 526 691 733 839 799 556 368
667 518 423 648 644 496 544 875
587 339 266 578 604 898 931 791
636 612 754 633 540 942 745 669
620 383 515 497 556 614 480 761
658 581 515 601 632 591 573 531
571 668 682 517 768 418 756 317
430 787 339 645 521 367 735 707
395 654 565 153 639 723 861 853
425 635 552 358 684 656 694 472
725 703 786 439 498 719 501 677
458 350 730 453 942 716 686 600
504 430 788 536 630 581 613 473
679 786 686 511 547 746 686 762
675 799 524 774 420 707 654 849
981 536 409 698 794 812 429 386
758 673 690 554 795 425 367 588
671 687 518 572 298 726 472 863
719 577 614 474 575 708 650 578
801 651 310 609 638 363 399 539
408 793 676 672 479 581 450 903
583 680 759 271 478 718 677 535
583 498 658 415 730 603 625 540
527 662 420 740 561 645 521 697
621 642 803 528 413 351 659 424
591 525 373 418 717 716 695 583
497 553 401 422 599 847 967 713
445 708 752 843 491 426 647 508
739 676 640 830 676 591 683 735
576 630 780 623 469 591 763 640
662 572 687 763 729 409 772 536
538 631 291 547 690 609 293 717
396 568 377 701 612 465 784 541
512 557 721 517 623 666 574 526
704 658 379 531 468 704 352 615
661 633 761 516 708 635 519 572
616 549 397 414 755 596 622 647
429 795 815 391 448 620 771 453
868 623 684 400 532 536 363 596
564 762 834 568 685 912 723 705
728 737 663 668 662 530 542 669
884 504 703 296 528 837 723 493
362 593 615 658 662 727 727 696
561 539 450 625 685 651 512 420
350 404 820 348 520 757 362 427
586 720 548 656 589 572 665 442
705 899 312 706 574 470 666 468
585 492 348 424 642 794 840 600
479 651 594 810 535 590 699 783
419 388 813 913 710 495 682 900
669 579 694 621 645 686 925 769
539 430 582 606 434 555 576 469
871 575 670 522 574 523 634 616
523 670 579 819 347 516 620 450
746 627 574 525 469 839 649 654
472 665 780 758 823 675 437 685
915 530 666 419 570 611 683 873
585 827 871 695 789 463 670 840
552 402 348 502 686 520 496 687
436 547 478 673 816 600 570 722
822 703 641 731 872 888 469 523
730 504 573 717 489 363 624 582
593 622 675 1026 933 583 560 640
676 374 481 402 553 710 642 618
423 451 541 564 646 428 451 533
853 777 657 385 674 792 439 747
712 689 504 586 811 637 447 461
402 440 620 623 827 527 631 601
603 748 671 573 614 731 528 596
826 302 503 873 485 614 915 561
699 420 673 646 833 463 859 470
408 750 708 758 611 559 718 338
916 707 736 404 686 652 677 669
626 710 430 593 692 885 577 502
717 631 628 680 813 709 680 492
494 428 537 565 779 807 598 669
400 539 623 740 440 710 445 367
630 586 330 600 779 432 563 492
590 519 664 647 502 791 605 355
647 744 658 622 681 505 584 900
594 645 575 575 329 656 572 583
531 514 815 752 527 746 798 695
522 821 437 678 443 711 565 787
747 840 502 588 505 584 766 516
819 496 612 523 460 519 371 749
495 552 359 726 525 380 788 590
712 693 660 636 512 510 713 737
750 738 511 652 384 696 407 618
514 635 668 975 424 633 651 652
354 367 569 620 580 667 402 584
666 691 352 588 485 243 471 626
580 386 497 590 414 680 586 837
481 500 630 706 503 759 656 673
549 515 549 682 625 606 613 452
396 539 567 630 664 541 549 838
820 1021 662 459 624 723 846 531
441 703 333 673 802 674 750 631
787 374 580 604 686 384 730 479
566 316 498 517 723 535 723 472
541 592 712 597 613 707 423 783
667 634 676 855 601 625 388 589
635 493 847 851 485 575 498 620
669 734 556 505 721 529 448 658
565 640 683 586 471 527 709 432
469 757 803 840 536 571 703 595
535 650 650 625 311 778 348 709
654 471 543 347 543 717 421 353
567 764 674 804 766 276 660 623
519 447 639 682 722 626 547 648
555 455 551 537 509 591 294 571
444 600 535 336 649 427 407 761
802 726 490 542 554 855 596 662
621 433 649 636 498 582 541 784
504 362 623 785 572 683 300 480
609 539 650 987 492 593 489 490
698 837 555 455 431 548 666 554
753 816 608 503 571 518 682 720
908 624 733 594 622 646 749 374
739 408 732 447 715 653 388 482
733 466 616 753 714 722 708 461
539 508 436 491 547 682 532 727
579 584 264 432 710 708 472 794
712 691 732 820 443 753 622 583
624 489 747 483 797 661 804 839
608 752 594 629 542 525 679 516
706 824 661 740 684 702 588 572
698 487 756 583 817 664 420 660
871 528 780 607 561 553 508 644
672 606 454 618 766 770 562 747
421 740 605 679 779 796 733 740
394 736 460 528 670 312 761 458
606 562 813 520 603 422 570 510
548 542 405 507 531 298 742 714
558 494 588 626 757 675 534 631
475 432 666 582 848 644 232 495
678 561 573 421 539 451 553 518
535 854 585 471 726 722 614 766
508 701 816 511 629 490 400 713
197 521 745 386 512 462 518 500
745 855 543 572 493 618 790 364
464 412 708 563 577 522 749 533
574 574 504 727 341 707 459 478
369 672 530 573 712 622 676 433
506 338 823 768 413 645 667 558
532 526 536 552 638 660 361 550
947 581 710 481 570 684 628 762
646 611 877 659 607 466 705 660
447 464 678 609 172 824 750 514
535 702 421 731 652 779 662 625
821 554 711 694 568 702 476 803
434 524 392 667 698 692 512 694
503 712 644 735 602 766 591 612
444 816 435 581 862 227 409 710
783 641 567 795 458 464 727 684
557 449 456 651 490 694 365 710
315 583 419 810 531 463 627 802
801 824 811 585 847 461 667 614
527 695 581 449 607 530 569 430
605 537 627 589 551 799 562 390
692 343 477 818 535 580 334 585
738 606 410 642 901 417 411 523
551 804 504 553 521 864 710 590
699 471 511 741 585 418 493 642
729 603 728 778 500 649 399 662
267 478 594 611 739 617 746 757
575 531 596 945 622 462 816 611
492 642 926 231 533 545 412 551
734 583 621 753 630 523 677 511
698 500 510 463 544 393 673 761
503 791 484 673 809 739 610 512
587 861 565 534 702 644 724 443
416 752 726 574 475 508 401 650
905 439 685 761 734 797 601 679
753 616 506 634 708 727 545 534
597 956 510 733 756 368 803 413
631 415 498 533 704 526 586 898
483 864 704 720 386 389 449 426
862 720 586 617 521 597 655 362
461 596 647 467 836 609 443 680
481 787 769 586 517 706 640 657
740 467 534 655 630 651 590 749
747 611 453 436 611 449 772 624
572 597 556 634 621 558 549 423
725 823 497 772 501 662 406 558
495 661 801 750 705 713 525 622
495 716 388 515 667 749 739 563
398 628 481 525 681 650 879 632
861 618 640 403 838 260 555 448
811 616 463 534 681 559 677 631
482 623 469 539 527 381 754 643
442 551 563 451 696 652 305 414
412 654 804 497 574 670 603 758
491 634 423 501 703 689 844 787
851 609 627 766 494 668 700 405
590 557 654 388 602 604 753 724
658 878 758 755 586 308 567 604
597 675 613 694 625 603 602 526
464 543 923 476 839 428 461 988
693 689 495 412 450 324 745 824
612 805 551 801 825 662 759 645
571 481 689 579 938 693 408 430
319 655 577 508 896 684 555 606
704 738 481 587 493 382 585 677
752 400 325 794 473 703 510 555
417 375 488 566 540 709 526 570
675 552 571 686 731 523 650 631
608 659 795 728 460 566 830 824
500 662 662 417 586 611 383 767
526 473 507 462 441 722 742 462
704 475 581 539 498 749 732 617
658 827 815 477 572 569 588 435
731 600 532 650 653 635 720 399
631 660 600 661 650 498 587 539
448 605 867 666 602 840 748 645
774 566 538 475 675 621 649 857
470 672 589 697 788 685 278 411
514 759 853 440 681 570 619 619
821 531 412 627 627 545 512 995
509 531 685 541 785 623 582 383
473 674 561 843 743 569 1032 787
624 722 813 577 795 369 688 539
673 523 715 596 591 640 507 506
840 663 855 819 243 655 643 739
859 404 649 514 739 692 570 442
659 692 551 612 710 469 378 805
425 278 583 403 590 581 780 813
583 670 685 519 433 512 690 864
587 874 639 697 429 678 505 579
446 417 703 667 621 607 436 598
528 723 638 531 610 547 706 512
724 838 526 432 623 647 630 581
381 549 514 591 778 484 648 851
589 720 581 576 573 660 852 631
553 620 253 492 646 640 625 626
538 778 787 495 614 546 613 830
603 478 611 625 687 554 436 524
633 481 665 482 635 751 647 428
792 748 629 473 523 581 527 430
560 628 642 521 716 520 475 640
790 633 759 781 612 532 510 560
764 518 798 501 524 674 382 465
583 600 452 530 535 749 460 578
432 430 807 686 488 679 624 601
738 483 793 459 431 620 478 637
644 578 770 675 645 614 849 680
673 373 781 781 748 727 504 593
482 838 725 678 402 564 531 685
586 768 511 540 634 672 383 620
564 793 696 576 690 626 639 766
690 571 537 611 609 522 651 835
733 572 482 775 543 648 767 461
737 601 278 715 440 343 730 617
564 430 643 571 756 403 485 550
596 658 529 669 722 555 626 385
296 626 580 709 646 828 380 628
648 797 432 533 493 634 624 632
450 361 813 181 737 863 600 754
500 557 817 606 568 611 494 804
676 749 700 614 758 714 365 381
427 482 535 573 611 690 627 731
707 658 621 596 606 540 484 548
349 645 427 554 707 621 644 677
327 534 697 763 432 559 499 761
790 644 518 674 400 798 549 579
636 651 500 664 472 744 444 654
644 420 726 587 614 823 722 509
564 678 536 491 697 663 528 550
590 772 692 432 614 556 464 793
722 483 419 654 702 594 686 526
795 501 613 433 440 770 549 884
579 509 796 443 596 362 553 631
428 669 408 529 663 659 573 548
565 934 456 578 701 438 411 646
538 360 567 632 541 668 382 670
790 881 728 838 498 422 625 492
604 421 651 681 681 763 610 505
345 544 271 446 764 612 762 442
580 863 361 401 628 607 603 675
704 604 576 713 404 835 755 797
669 357 713 434 545 575 547 647
398 417 638 487 265 616 701 521
700 597 554 651 420 570 699 338
514 584 695 707 385 768 923 756
550 718 615 504 654 621 733 634
325 830 566 575 696 342 688 445
654 512 743 706 370 470 479 464
475 385 309 808 684 509 599 573
430 570 443 474 571 629 811 652
537 583 446 643 391 530 258 407
479 682 539 832 770 393 732 724
490 367 595 419 880 541 501 599
661 583 872 473 559 575 461 798
838 498 807 555 410 730 511 552
761 634 619 642 443 610 825 713
793 624 777 475 605 602 714 471
542 506 660 638 582 696 616 630
235 545 397 657 487 763 543 343
813 719 681 528 544 662 555 575
283 821 676 430 315 571 228 735
446 571 702 584 1025 516 691 626
604 306 470 788 606 507 683 387
750 484 626 889 632 504 561 685
413 582 457 746 821 625 701 706
585 646 618 489 586 677 551 586
600 888 494 375 741 484 501 507
729 547 420 736 592 740 462 690
464 422 433 645 724 597 945 451
440 601 507 605 595 547 649 411
713 485 594 498 523 500 620 683
533 525 824 794 430 406 535 471
701 704 530 591 571 672 623 498
566 551 884 562 604 610 527 583
569 558 642 548 623 537 396 639
538 479 648 749 412 450 576 657
806 704 583 563 557 724 599 698
535 172 670 379 765 437 743 719
514 614 844 706 419 644 730 580
325 398 529 427 635 445 553 593
616 947 721 447 702 590 316 691
574 702 767 657 592 802 710 715
525 656 886 416 567 543 573 726
560 383 666 571 682 537 582 814
654 755 536 751 500 301 446 752
731 493 654 638 738 396 462 347
781 732 525 723 599 744 665 563
670 711 675 796 748 715 478 693
778 546 574 758 633 807 552 613
440 526 736 538 579 592 628 280
429 584 735 615 658 481 648 475
667 439 439 761 499 553 308 700
675 865 373 744 686 539 410 845
478 541 563 426 615 451 596 551
774 810 698 832 902 375 540 721
447 361 815 558 635 565 437 707
600 703 373 411 846 771 744 477
667 336 628 661 922 457 617 499
225 576 407 373 569 675 466 490
653 564 526 744 661 522 472 553
549 566 659 695 654 767 707 714
469 465 752 758 476 655 554 461
654 696 370 413 760 507 567 471
584 617 489 734 552 651 542 573
398 890 277 704 629 475 704 493
456 400 552 607 446 930 479 221
777 636 656 612 563 603 660 591
603 270 659 646 622 616 802 544
638 586 561 696 504 496 830 403
604 678 564 624 407 358 525 587
470 690 596 491 828 554 437 779
757 689 640 510 512 604 550 675
631 498 708 678 547 663 640 765
649 552 437 821 673 383 804 520
345 448 710 590 457 339 635 474
586 562 546 420 691 513 613 769
747 950 729 724 905 887 449 659
557 627 559 738 546 653 683 562
869 700 756 474 937 617 583 710
462 628 535 495 387 707 558 534
756 570 305 735 602 509 767 588
633 809 638 630 729 605 676 902
672 728 618 670 581 694 724 792
401 868 408 515 435 558 783 617
654 549 584 354 634 584 423 604
420 737 724 505 478 692 672 582
511 658 457 669 414 493 729 627
667 705 345 596 795 674 508 823
612 408 486 666 547 648 527 432
526 739 610 681 618 530 601 912
769 610 716 549 792 683 684 642
699 644 415 727 681 593 608 796
602 676 893 637 679 238 436 524
643 852 517 730 459 371 406 604
411 732 751 861 404 759 455 551
544 349 679 563 689 485 532 609
517 701 744 601 691 524 516 814
645 448 532 447 663 352 493 610
726 758 386 680 523 295 494 864
523 447 402 680 682 456 725 535
701 723 461 521 649 820 941 483
850 800 774 400 683 543 536 593
559 607 390 601 616 451 487 618
577 589 679 642 451 449 399 798
549 502 504 464 705 540 464 629
384 611 756 606 673 767 767 358
748 698 502 426 618 574 414 440
320 791 794 760 667 451 631 647
568 398 530 751 674 609 527 718
584 569 455 555 608 607 786 488
434 436 850 663 713 591 848 798
672 574 558 708 481 490 490 568
807 677 441 878 724 827 628 139
931 624 892 738 822 385 329 555
554 814 666 509 520 744 561 529
397 606 387 578 543 701 814 638
434 521 390 689 648 515 551 564
578 761 724 511 751 296 523 572
460 798 525 659 643 686 696 604
563 396 535 692 763 561 658 715
476 401 335 515 790 706 678 624
623 446 583 805 575 525 452 570
871 582 713 735 640 581 584 476
327 753 489 854 721 616 761 454
658 622 705 531 361 433 909 524
309 626 334 563 560 569 526 542
601 691 695 556 689 754 905 542
804 481 664 490 506 338 558 574
359 405 376 444 328 660 585 481
573 752 615 805 601 798 370 549
562 759 521 697 602 821 1048 726
506 580 356 610 499 619 577 492
611 839 639 758 634 612 471 434
474 700 789 770 807 256 433 581
606 716 453 388 501 501 651 692
351 482 498 608 392 364 593 585
550 638 527 519 753 563 510 584
580 664 548 333 605 472 335 541
588 668 528 649 733 733 798 627
446 775 470 670 392 584 739 566
831 650 622 238 555 517 364 522
447 551 525 809 464 824 761 503
634 342 742 549 741 633 780 555
524 626 650 858 758 781 627 697
637 779 551 694 845 452 268 707
534 402 570 442 807 654 301 511
382 666 958 548 766 740 586 598
602 665 519 676 566 748 445 754
551 633 861 411 678 824 762 466
459 538 695 833 719 690 411 790
525 517 510 686 491 411 683 548
613 470 505 561 860 527 804 705
497 781 513 648 413 753 771 907
739 808 680 505 688 710 701 572
736 538 631 425 864 790 619 748
691 602 589 658 761 643 677 773
571 617 611 535 623 594 530 545
502 688 720 453 491 323 692 389
774 727 443 523 556 815 518 499
572 563 622 563 702 503 698 708
586 423 594 722 586 447 534 704
627 868 463 499 723 310 884 533
557 825 433 600 433 612 679 471
691 333 774 450 559 873 521 596
808 556 583 561 471 441 169 575
702 782 483 576 711 636 613 898
697 668 758 668 633 563 600 724
404 620 496 931 520 728 945 732
398 480 561 909 396 471 412 610
639 672 635 821 581 594 511 685
515 474 319 622 549 691 536 697
479 654 626 623 574 634 533 443
680 525 600 472 507 413 816 513
625 530 745 677 705 686 598 455
856 823 703 535 709 755 672 281
262 738 818 526 630 702 516 712
581 561 720 624 971 645 756 629
386 539 518 598 719 719 504 538
573 691 617 343 678 706 518 749
306 733 564 589 645 530 645 605
473 864 516 439 582 519 572 337
699 494 229 572 605 479 623 562
278 398 557 365 527 603 635 625
677 392 709 670 316 680 975 693
499 487 825 415 487 206 554 686
444 545 506 567 622 648 512 716
622 425 498 687 731 572 571 727
375 531 301 583 714 425 670 535
606 487 536 538 676 507 585 620
770 605 475 574 610 491 625 574
638 779 415 562 619 649 439 389
464 736 477 649 514 843 496 599
676 641 615 376 602 715 638 572
697 565 747 464 580 708 622 851
528 821 700 840 710 376 583 769
624 598 504 269 756 632 471 676
516 562 478 423 679 710 457 446
699 572 200 628 465 688 743 712
692 435 417 585 419 754 824 787
705 715 737 725 418 873 647 636
787 580 532 464 545 639 363 798
651 552 868 603 492 593 551 860
474 630 498 639 370 625 657 581
827 780 395 653 532 686 666 502
798 567 456 441 610 754 510 409
614 348 657 338 621 539 608 489
317 460 470 477 740 347 700 605
472 530 545 693 486 697 616 604
616 663 735 871 844 472 702 604
588 593 435 690 551 501 502 627
617 686 387 509 655 722 804 613
679 739 653 525 426 603 620 464
661 618 884 713 459 549 651 720
461 489 390 885 731 537 768 442
494 686 572 616 406 698 676 647
909 558 540 546 430 597 439 765
794 417 656 519 658 758 365 644
459 584 743 360 698 591 660 717
602 431 526 657 761 481 700 726
335 449 794 571 520 505 558 754
611 746 751 549 532 501 490 716
572 456 564 890 614 706 787 674
827 880 550 719 599 510 734 485
608 591 493 661 572 852 602 613
510 366 413 432 625 782 641 509
665 630 683 566 353 639 545 480
578 371 648 553 630 732 611 664
666 682 545 549 590 865 552 463
1010 667 513 539 533 648 509 587
413 492 595 761 516 446 521 500
414 486 399 551 518 693 620 305
534 705 638 442 691 436 426 614
438 473 645 472 819 736 597 621
425 202 755 609 770 576 685 527
570 474 696 557 553 694 590 606
476 764 665 567 389 329 683 592
376 504 643 661 549 672 384 932
489 718 644 526 752 745 758 270
606 520 704 424 577 582 631 662
533 713 639 481 788 433 600 471
534 450 768 496 645 685 756 390
587 765 763 588 631 509 812 771
775 724 722 361 374 443 398 834
427 298 545 489 529 505 701 917
531 633 529 851 686 576 642 477
834 697 650 691 738 602 547 581
608 504 706 532 545 528 631 899
572 880 667 821 474 474 679 905
437 646 575 465 604 506 538 710
610 489 598 657 454 612 491 565
578 522 765 731 558 545 650 546
415 867 726 562 763 327 732 574
581 471 638 484 337 686 766 311
544 690 483 558 550 537 504 647
551 682 776 712 626 467 603 677
525 382 571 351 496 506 402 592
839 381 641 638 610 584 616 778
583 563 912 581 937 531 426 413
580 519 620 535 637 799 815 640
563 578 554 818 457 605 876 578
343 718 449 414 609 392 575 455
238 541 613 595 865 624 374 712
675 638 521 606 609 567 653 516
706 649 440 741 549 828 840 612
495 766 370 716 589 767 782 612
679 726 729 691 628 720 527 565
331 618 737 655 564 680 633 704
698 768 927 495 667 613 530 801
431 579 614 574 869 605 516 634
520 677 608 378 723 571 599 659
435 593 501 291 601 611 595 177
577 473 504 403 568 583 526 507
716 543 578 623 456 530 507 669
511 545 374 482 551 561 794 502
435 643 439 774 581 690 741 874
318 604 611 658 483 805 580 700
811 684 760 498 492 469 609 690
756 588 716 257 586 559 679 518
652 785 437 559 538 495 661 644
537 965 671 739 768 531 555 451
624 704 409 769 545 783 674 474
627 431 520 601 594 430 593 641
659 822 437 862 564 561 542 563
340 406 460 585 307 577 525 391
640 578 466 509 532 648 1025 750
684 514 404 617 350 579 535 578
828 543 641 719 757 592 721 543
693 640 601 488 561 522 632 586
370 580 634 597 404 825 402 530
554 524 891 824 641 545 684 655
574 449 470 498 615 679 490 576
736 572 550 692 701 675 638 655
412 553 469 623 705 693 455 545
580 405 572 821 566 665 652 528
489 488 472 561 577 907 741 363
475 703 773 757 358 899 264 267
517 723 857 644 411 482 742 566
704 660 415 349 587 528 623 731
337 443 524 472 855 569 448 520
483 685 688 577 856 459 755 844
418 556 590 738 596 771 484 590
304 904 531 743 611 767 355 782
661 537 660 736 700 552 235 545
606 557 593 466 706 915 431 760
578 520 627 376 594 745 688 746
681 475 331 630 570 474 441 885
576 463 878 589 530 624 680 318
673 615 821 670 574 892 801 534
732 606 663 614 613 476 711 597
454 576 455 564 511 695 689 745
635 319 832 759 645 405 647 476
486 522 529 368 767 315 419 521
576 388 474 665 402 657 534 497
636 643 354 393 460 246 519 561
459 468 660 604 577 445 416 661
787 519 382 450 506 382 615 487
691 422 581 465 454 565 804 632
656 733 690 857 759 521 489 837
938 758 581 496 656 584 392 562
525 633 571 544 776 762 842 669
709 614 478 610 353 550 720 388
540 808 785 647 538 587 482 745
633 616 487 553 465 515 876 540
559 701 464 411 364 798 499 522
379 767 765 581 574 472 602 559
697 412 506 695 523 652 770 527
597 457 691 544 694 748 557 816
333 715 339 419 612 680 516 501
538 565 625 449 692 409 679 608
667 692 462 571 782 665 677 582
508 671 620 818 682 777 342 439
862 414 516 631 587 522 602 778
737 433 899 699 549 619 733 429
795 718 622 513 536 485 687 828
628 585 355 229 502 518 562 769
715 473 473 619 484 625 564 840
549 600 573 696 701 586 494 590
485 706 482 889 601 567 552 607
750 460 602 321 647 523 862 454
521 393 490 600 686 489 229 575
561 790 787 723 513 579 660 330
624 615 364 480 717 687 605 599
437 447 620 740 719 693 543 485
323 694 609 363 586 425 486 781
803 360 405 814 838 588 726 746
538 295 720 644 400 676 584 539
551 606 555 767 847 406 724 735
643 617 509 523 761 627 574 634
660 470 506 632 673 663 615 655
740 417 634 634 648 543 648 575
678 815 594 682 655 785 607 461
567 532 606 694 464 351 547 421
547 766 624 661 504 719 463 528
522 272 405 843 668 534 525 572
544 704 635 634 531 653 461 444
804 778 760 525 531 873 743 559
561 603 580 451 909 654 600 732
664 680 604 488 504 688 628 329
528 422 267 691 388 544 628 687
612 675 646 736 588 640 378 477
665 667 746 720 788 204 598 463
690 687 640 532 544 806 813 383
749 710 660 794 712 456 630 568
711 350 605 851 702 686 651 630
649 753 670 551 925 435 748 520
566 662 585 740 465 520 605 326
539 572 549 609 678 621 747 537
749 294 438 517 653 693 507 674
688 598 566 774 702 493 627 721
606 701 598 464 691 428 613 607
759 669 350 674 518 752 649 687
677 330 344 737 589 583 508 825
475 619 641 802 506 385 820 628
747 839 729 202 512 376 519 832
513 530 483 813 588 596 495 747
527 644 668 567 411 795 450 668
472 750 610 424 705 711 619 624
554 831 591 535 455 540 616 624
567 693 485 642 531 711 698 869
464 419 533 764 514 729 584 642
556 654 651 533 562 530 530 687
539 901 707 687 668 498 663 580
675 721 810 566 846 715 766 599
697 652 548 693 518 271 513 570
816 701 570 766 491 626 611 766
578 643 673 570 553 543 495 514
553 473 424 631 670 611 570 475
577 629 690 386 457 373 555 753
737 511 683 771 451 520 351 730
389 339 830 817 490 707 571 633
639 558 473 531 438 359 466 557
637 422 281 464 524 247 662 585
566 551 490 512 490 643 572 495
322 584 477 661 660 617 632 607
420 769 418 331 634 967 678 343
560 478 794 712 548 672 645 847
511 512 533 502 612 678 710 725
440 665 459 559 622 534 759 561
478 599 515 666 618 691 476 729
777 414 407 751 702 800 848 799
743 544 428 575 471 669 296 368
657 605 649 730 560 527 752 687
763 694 576 527 628 696 804 107
734 506 668 563 709 524 544 404
563 803 780 633 356 625 840 634
770 482 574 752 570 515 662 993
379 708 768 686 685 759 453 593
795 493 703 455 497 452 722 481
640 721 615 597 660 750 365 589
518 359 660 625 764 672 631 552
568 619 447 825 346 563 675 553
591 392 525 795 835 527 578 438
527 681 454 504 319 683 586 655
720 527 736 677 560 615 981 527
634 580 569 644 755 397 788 630
264 669 676 601 545 744 619 564
726 737 655 802 534 794 576 442
561 483 586 752 647 348 549 506
665 787 673 838 525 619 827 602
429 887 597 635 540 558 473 666
481 455 558 765 505 423 684 582
561 535 447 702 611 631 553 612
744 801 558 213 736 503 569 567
807 716 657 485 628 691 516 882
739 625 739 557 583 800 682 513
540 553 544 910 591 732 620 539
700 294 641 224 507 523 634 702
548 630 708 568 495 553 520 765
640 543 502 425 911 661 488 487
635 573 581 814 302 642 454 564
685 616 817 842 508 732 565 597
785 480 594 543 668 636 841 389
808 569 563 684 342 362 622 479
610 398 508 476 606 546 612 744
632 309 436 731 457 519 664 695
772 544 638 766 716 461 710 632
578 595 628 641 687 447 532 385
630 459 711 529 517 702 446 751
514 651 648 407 460 612 421 557
448 504 543 746 591 554 278 824
536 618 743 580 635 554 482 454
583 644 867 629 750 568 268 327
496 579 622 704 504 693 610 373
721 780 647 589 517 262 572 365
539 594 573 669 686 769 443 590
588 468 870 783 722 369 570 687
596 578 435 680 818 401 433 638
457 284 552 307 495 694 488 631
635 477 491 509 754 567 482 706
726 519 579 725 663 589 696 684
588 781 537 524 607 517 966 585
542 505 517 534 594 527 635 663
639 440 849 485 345 999 827 326
534 592 441 713 583 490 215 656
608 544 613 831 807 498 717 499
728 456 746 668 686 616 674 722
486 547 529 513 717 469 829 352
751 682 398 687 673 440 520 665
529 436 498 425 409 798 550 524
777 468 504 441 618 704 844 934
668 631 282 538 483 599 471 699
645 445 329 548 471 626 287 591
440 510 236 449 775 634 562 537
484 587 760 497 562 618 639 447
742 686 730 647 474 514 833 554
649 823 580 433 590 428 607 538
801 644 423 481 703 598 661 468
530 547 576 722 299 640 689 406
726 593 733 606 538 443 916 640
466 881 693 718 538 742 638 521
761 496 639 392 475 643 620 328
713 447 477 613 632 685 724 481
791 567 444 927 772 482 697 610
407 444 498 432 750 328 975 498
542 691 356 505 582 375 691 818
735 610 725 580 409 704 829 507
617 501 601 527 614 692 372 791
520 485 770 623 668 582 407 1038
360 616 518 849 661 746 465 409
495 828 519 727 606 607 694 393
738 748 636 513 500 434 747 428
92 642 479 623 685 63 690 749
607 327 668 662 547 851 769 712
719 615 747 396 499 456 713 739
557 624 786 648 554 706 832 494
391 756 645 681 639 556 651 723
585 494 598 630 629 572 691 511
536 795 352 537 614 563 495 397
678 589 777 651 575 499 401 715
756 459 393 609 547 690 586 683
677 310 819 805 603 539 664 676
373 579 561 637 690 481 426 572
560 399 637 705 574 709 661 539
749 599 884 749 488 647 554 671
601 541 764 596 410 463 389 662
701 588 793 632 299 433 653 635
604 581 485 914 639 493 550 582
737 408 467 528 630 721 390 633
491 676 557 646 547 781 686 634
682 890 622 576 754 318 665 502
516 1182 705 508 597 583 527 645
817 686 405 455 588 443 543 515
793 655 617 660 286 726 262 242
801 907 897 929 680 430 283 663
796 808 644 711 516 859 583 774
429 715 691 586 797 722 825 887
960 555 581 597 397 569 511 537
464 799 752 424 793 623 419 400
458 766 517 508 690 540 677 479
462 631 729 410 758 563 524 605
356 547 484 763 465 648 556 606
679 432 700 786 505 685 750 393
847 631 550 599 708 509 500 774
711 646 660 514 587 530 530 772
478 587 701 632 600 430 537 809
577 620 644 592 1112 577 792 538
578 591 548 511 572 829 737 642
542 555 631 527 634 457 797 610
325 529 586 603 547 419 779 744
553 584 532 405 595 653 501 474
708 732 599 649 675 715 669 601
574 645 599 565 855 371 619 566
500 241 821 757 196 510 363 530
745 449 347 650 638 313 477 509
733 517 633 682 547 372 657 507
637 586 861 549 863 683 788 588
766 626 438 434 651 726 595 804
560 511 511 616 497 455 675 619
595 653 660 395 403 882 623 836
910 696 389 342 682 214 602 518
399 543 534 846 492 667 724 696
600 669 477 505 549 449 643 398
686 447 804 389 664 749 624 741
756 633 446 345 718 711 665 352
760 354 788 680 523 768 581 534
573 317 701 507 538 799 429 596
809 1003 553 583 761 368 892 1014
394 381 495 550 526 802 538 950
521 839 450 591 630 664 624 628
477 819 741 777 363 572 633 501
602 595 549 714 739 485 693 733
622 517 649 711 698 382 754 496
360 633 618 529 559 617 616 737
724 491 610 527 572 760 658 516
734 660 361 428 416 621 427 656
754 628 607 806 440 481 633 495
722 504 481 627 440 544 655 848
570 801 455 676 734 754 523 528
624 504 570 530 616 578 823 717
809 470 745 603 822 544 695 668
652 687 622 579 602 579 688 741
567 770 488 547 731 585 463 699
576 615 701 581 620 414 741 548
778 439 652 653 603 607 768 601
778 481 567 725 503 664 805 480
817 655 504 628 772 447 688 461
740 1091 766 609 592 569 609 298
390 601 692 656 764 667 562 571
299 392 699 667 811 671 650 573
266 681 622 772 591 619 543 373
371 592 520 715 401 427 707 659
589 715 593 774 789 660 528 537
483 922 717 808 463 687 402 646
538 485 564 574 708 435 386 124
648 918 587 701 563 437 710 637
673 788 592 658 653 526 467 679
666 594 840 516 689 362 540 435
722 549 711 482 679 612 591 536
629 489 678 627 555 741 619 580
709 526 649 433 746 632 651 531
687 652 594 312 585 498 572 868
590 847 843 587 619 502 559 818
497 693 445 837 576 613 667 758
616 617 511 645 794 757 603 659
1004 439 514 623 724 469 446 642
476 729 550 747 605 408 537 869
688 632 604 615 778 517 502 377
296 454 722 598 405 772 474 475
465 811 777 641 568 813 642 700
618 637 570 514 634 660 614 540
708 776 865 516 608 557 673 718
637 566 335 729 560 704 661 571
791 606 665 518 571 719 589 635
765 781 720 602 719 529 726 634
815 700 609 591 542 824 572 250
650 412 847 627 565 590 637 489
428 691 730 555 636 374 568 491
357 611 716 697 440 413 604 602
427 434 802 662 598 748 680 769
709 562 758 518 614 570 811 478
703 617 527 475 488 475 724 614
759 464 169 582 762 777 585 571
536 460 732 343 646 529 666 746
824 745 448 720 552 590 494 449
452 751 610 540 653 710 890 782
583 638 552 820 669 398 503 560
723 810 513 782 671 485 709 581
767 478 460 883 581 429 624 691
546 515 723 612 586 553 555 575
475 683 626 745 418 651 826 653
836 650 509 972 675 460 871 834
640 378 503 723 273 713 833 459
653 609 779 637 246 361 493 565
548 546 703 474 618 699 475 629
657 541 585 523 511 595 542 849
544 834 723 453 586 806 738 485
521 616 575 633 524 621 467 468
760 393 549 755 769 617 701 365
545 732 573 654 482 695 767 655
617 515 437 683 795 617 452 643
721 576 419 586 701 376 552 659
490 1158 664 634 669 735 441 745
423 405 522 623 522 433 696 546
476 599 537 791 504 711 869 677
560 636 524 929 564 765 544 486
599 705 590 727 655 454 770 631
835 743 421 611 604 978 500 501
650 414 573 639 516 356 612 582
654 474 514 562 444 737 773 468
508 928 711 500 705 479 515 572
719 630 482 713 830 400 787 769
668 652 695 702 628 362 495 655
475 616 538 497 783 546 717 534
435 614 542 595 485 728 593 612
643 363 627 554 693 336 234 581
501 731 466 650 625 584 666 450
691 607 625 500 492 512 507 592
701 387 497 577 731 566 598 484
551 567 663 835 855 629 693 543
