305 680 551 229 396 797 63 423
728 344 378 483 768 385 420 422
897 894 681 570 633 768 332 712
274 385 663 243 475 345 454 -4
181 374 667 469 501 624 342 551
355 189 430 603 561 498 931 574
676 903 267 313 814 356 505 692
660 816 769 692 361 643 557 261
755 645 508 458 284 536 584 350
709 303 118 687 427 477 349 211
726 376 799 645 443 305 368 282
876 530 707 272 533 712 440 686
305 255 568 432 616 144 628 968
496 506 532 165 577 211 423 724
368 590 682 550 253 440 853 135
450 401 522 635 790 451 646 590
585 398 320 302 364 558 637 558
401 825 773 436 352 523 728 560
600 462 582 778 457 526 546 551
246 162 316 530 600 404 748 474
504 465 524 627 620 338 774 303
514 451 311 486 367 513 573 765
555 390 430 525 517 763 751 435
401 40 401 324 436 570 532 495
536 477 535 -82 452 480 439 461
627 392 896 624 499 463 484 335
483 550 604 604 451 245 380 790
661 567 363 501 274 401 456 435
672 245 344 253 277 522 212 636
456 512 558 422 686 465 607 464
552 550 545 325 578 443 613 113
236 565 835 650 377 195 634 485
606 521 505 1033 499 471 478 395
678 436 614 551 719 576 282 261
754 390 262 379 728 244 344 380
275 287 227 417 436 377 202 726
261 550 307 620 672 342 154 625
838 575 529 648 638 351 381 610
474 737 373 635 562 477 712 622
319 615 747 477 455 379 498 624
353 258 432 252 594 423 184 437
465 581 474 836 407 489 481 449
526 597 741 218 408 419 669 436
159 516 494 532 313 809 442 466
338 332 280 429 328 870 160 297
428 621 426 622 322 511 814 326
576 537 95 394 704 524 282 624
414 565 568 299 642 319 265 341
438 520 361 634 545 375 660 709
482 461 181 427 448 544 470 544
776 405 412 264 498 676 185 380
506 653 569 559 460 587 683 192
631 482 405 60 252 806 376 305
418 366 522 773 394 528 293 774
534 305 663 716 529 205 821 556
711 401 428 520 700 526 274 547
793 512 523 273 247 385 441 519
530 788 511 692 493 761 163 392
677 469 668 569 670 610 621 769
678 679 504 395 381 635 61 265
327 455 26 727 608 857 691 685
905 397 229 458 352 454 311 602
592 495 556 474 635 513 452 667
727 741 322 404 194 457 575 476
848 427 304 602 527 599 555 544
118 369 394 437 419 574 608 296
624 605 584 245 579 515 673 821
786 520 500 614 299 239 415 720
440 770 -2 214 478 660 487 483
478 183 708 377 696 487 692 562
481 541 235 501 809 735 323 591
545 647 517 458 740 539 726 675
442 470 847 534 363 284 675 529
357 621 529 201 606 740 961 506
542 789 530 550 386 249 664 271
705 358 548 433 711 554 853 305
574 509 550 787 605 293 596 425
415 688 392 432 506 670 605 458
451 291 363 382 473 858 378 447
131 608 216 337 688 121 517 644
775 334 388 825 495 367 371 325
421 696 660 289 539 428 641 472
567 471 106 508 271 634 378 391
498 604 469 796 797 809 458 233
720 425 507 613 211 793 657 563
660 600 521 445 367 552 565 695
536 346 216 477 495 482 225 693
693 352 645 672 507 329 790 569
455 639 792 411 624 850 299 401
392 472 462 554 352 388 554 528
657 574 639 294 431 833 571 635
549 577 458 1143 429 493 64 699
401 489 405 475 449 492 490 472
470 736 659 660 368 726 704 400
774 377 168 698 478 676 364 273
722 247 219 153 -3 313 110 494
97 303 920 562 510 208 456 509
211 523 714 437 464 132 248 690
381 333 375 490 291 523 255 639
310 738 498 348 664 253 402 500
478 138 334 530 262 728 589 407
460 835 668 568 245 793 689 473
401 466 284 415 637 175 443 520
519 288 287 696 280 682 413 694
424 290 654 497 761 661 459 419
504 534 341 652 428 424 403 542
375 524 998 490 422 200 509 300
432 527 188 528 555 267 429 170
784 560 468 471 704 483 560 773
438 303 352 757 516 410 675 680
414 325 217 177 452 339 835 511
150 755 529 627 623 553 594 543
301 566 684 462 599 576 827 455
447 479 482 91 384 554 499 356
380 436 356 408 403 661 683 668
577 373 673 443 504 741 515 545
246 588 324 682 467 97 436 459
587 621 441 682 -70 371 300 274
673 649 360 712 518 424 375 360
585 617 543 131 553 602 380 508
165 279 442 444 563 286 439 412
595 756 810 218 491 300 488 576
515 491 767 630 451 504 657 610
423 180 287 526 178 473 418 680
263 152 424 614 693 336 585 300
365 602 629 320 585 164 464 296
355 270 600 600 376 568 547 477
888 349 503 431 433 529 447 345
522 713 670 537 368 534 695 714
565 434 464 639 624 184 619 628
340 362 364 378 245 556 359 487
410 546 318 544 570 649 854 123
558 372 153 651 740 430 538 488
578 658 562 562 727 470 666 352
789 633 427 119 500 287 554 761
529 468 562 551 75 543 612 453
676 477 638 909 483 150 439 189
610 736 625 558 384 784 636 551
537 520 581 390 775 527 608 422
567 89 299 494 262 939 200 562
798 587 444 401 621 356 478 624
445 516 445 325 714 751 443 452
468 597 337 484 547 616 -1 573
562 681 405 407 716 219 793 960
586 647 232 375 690 565 467 542
591 447 495 493 311 558 825 812
234 603 622 426 326 262 420 563
472 390 275 563 692 333 581 162
382 631 299 391 755 368 346 604
852 457 638 742 559 451 342 243
700 533 740 678 389 286 574 386
568 368 345 475 668 555 712 278
310 484 890 621 308 486 540 398
610 472 446 727 192 327 353 347
369 588 697 665 316 481 581 543
735 378 528 429 545 306 333 369
399 779 712 462 531 213 468 529
706 559 578 554 548 249 425 758
648 589 512 619 330 216 431 597
519 683 563 508 739 704 482 301
337 471 434 798 198 488 308 521
569 427 595 464 468 425 617 525
783 729 600 111 233 678 414 542
387 593 672 282 354 201 542 200
434 594 870 566 726 547 556 462
431 711 567 561 391 438 872 488
739 406 644 552 427 617 222 603
642 549 736 488 473 564 656 603
459 321 619 358 353 382 510 357
296 381 467 582 512 306 541 558
418 357 357 404 899 340 548 371
409 373 644 568 477 591 634 347
599 371 651 633 573 462 405 453
638 377 509 185 547 314 263 593
538 420 446 909 465 464 617 516
678 550 637 580 616 492 540 451
609 258 631 680 634 481 591 360
651 302 607 596 573 420 637 169
640 534 689 536 831 330 610 341
477 634 613 874 437 731 454 374
208 529 406 653 405 414 564 810
304 683 657 460 622 449 927 480
514 441 195 453 542 770 589 466
511 559 432 623 793 435 717 658
597 520 561 461 831 371 704 779
442 710 526 511 487 210 599 760
373 653 485 303 680 803 357 539
241 492 587 816 780 796 405 456
200 371 239 566 375 302 436 287
556 551 443 368 259 600 541 584
445 461 760 392 444 634 555 132
196 381 664 621 594 613 326 608
334 671 408 551 163 257 696 625
281 731 304 504 414 334 710 803
532 775 449 519 524 292 590 628
469 195 566 227 354 524 361 546
459 207 530 606 682 434 489 231
854 771 494 478 -27 686 601 646
427 416 278 640 725 702 534 441
311 374 584 449 795 707 392 281
401 692 406 598 398 562 595 677
758 736 405 474 289 458 504 427
409 686 663 572 270 536 431 737
176 399 394 416 672 77 463 653
676 401 378 562 527 512 -184 297
345 616 241 312 472 268 616 430
830 387 396 645 382 772 587 445
471 1013 588 527 476 687 227 467
-10 404 653 749 609 615 191 378
765 406 476 355 332 415 381 672
539 683 250 721 504 831 491 231
731 475 113 526 542 694 -146 707
415 847 191 598 574 424 361 433
438 274 679 303 684 178 468 471
497 672 464 418 464 677 283 316
148 865 291 161 354 390 764 416
553 178 537 203 444 363 510 614
260 295 535 624 755 415 232 534
357 334 753 611 369 497 485 530
427 158 324 404 505 305 534 431
363 271 580 576 644 599 612 569
183 450 242 746 497 729 315 483
547 440 534 767 314 25 788 358
702 617 461 568 295 515 607 361
432 556 738 499 422 474 709 385
446 386 463 538 686 118 600 340
607 723 679 528 650 330 488 774
358 536 434 465 573 451 499 409
171 535 579 749 476 249 364 597
485 550 436 837 811 332 664 555
502 345 792 710 238 749 493 392
324 670 572 343 354 430 408 595
568 386 202 260 657 321 520 183
571 846 261 599 549 665 476 549
533 603 349 535 646 710 589 296
220 574 318 652 448 682 883 489
479 682 692 806 535 386 501 388
543 344 662 626 525 505 465 736
714 526 346 288 552 385 586 430
639 537 680 98 459 899 49 652
575 731 469 714 719 535 290 664
325 475 670 697 437 613 222 415
764 742 620 474 653 496 530 516
360 631 307 640 327 370 -11 472
534 649 736 232 677 416 487 481
419 340 550 646 273 496 387 697
589 772 221 686 529 369 588 782
789 648 322 556 562 724 470 503
382 620 461 533 415 509 306 529
392 626 833 652 298 435 210 502
181 284 697 655 226 419 583 571
207 547 391 716 464 565 480 620
362 620 718 830 785 403 604 645
606 636 576 402 537 652 583 303
342 426 463 528 324 643 166 595
591 616 -52 257 437 530 485 354
731 558 429 322 512 727 506 494
512 522 458 325 775 615 881 590
458 330 441 292 878 497 641 673
695 959 483 467 530 635 532 452
371 361 549 320 173 521 709 619
497 573 204 376 802 713 372 816
371 352 776 735 394 491 438 591
782 596 479 258 640 280 466 672
646 651 626 526 554 517 587 596
524 592 377 445 541 846 595 476
460 634 482 615 592 276 585 584
643 349 697 470 858 815 391 254
626 352 707 595 238 641 525 574
774 477 636 392 397 461 388 602
262 649 363 568 286 586 695 502
779 475 574 333 579 398 370 784
271 479 628 542 167 609 252 420
456 -26 481 620 469 533 907 703
511 966 385 594 216 572 480 511
567 550 307 431 501 243 644 839
555 405 86 226 561 727 460 232
343 397 152 444 661 197 399 136
353 473 684 582 287 517 440 498
464 556 533 656 521 804 593 766
630 379 724 713 -17 401 760 690
237 655 811 609 234 359 572 461
730 632 853 684 599 443 753 501
315 509 483 321 649 475 571 359
470 639 456 434 893 557 632 634
517 595 325 761 724 534 501 277
685 454 610 241 614 468 502 245
622 390 492 645 485 858 338 543
574 317 516 465 541 582 752 552
598 770 215 453 507 220 514 76
627 234 275 594 200 870 521 483
717 486 543 472 410 567 595 271
341 381 495 562 888 550 469 371
677 498 562 500 599 586 567 501
517 569 154 494 677 414 124 251
514 370 524 497 416 335 535 512
478 657 536 393 435 489 522 741
804 416 317 402 576 650 427 335
569 612 686 385 559 206 481 629
767 554 456 247 541 614 682 544
328 600 804 453 356 441 498 406
627 578 440 496 223 558 249 450
417 584 420 492 769 218 520 656
387 504 255 210 630 441 264 415
609 599 689 409 387 560 680 433
672 440 867 190 776 230 720 515
418 336 333 623 583 466 495 343
476 659 337 594 417 225 691 253
416 692 358 670 419 483 839 704
516 382 505 797 891 388 760 216
606 567 687 350 526 165 387 497
535 1003 408 504 293 160 662 663
252 196 386 800 232 623 524 446
391 544 444 428 463 700 538 512
749 452 758 378 596 442 488 384
447 374 573 352 597 922 220 73
322 634 372 604 671 455 659 91
650 644 482 681 759 848 849 510
475 486 19 626 923 602 244 321
331 798 590 615 564 300 330 623
516 166 641 755 501 443 746 465
390 223 412 836 709 521 499 678
518 272 526 532 502 546 375 528
211 334 456 608 446 579 684 936
447 384 507 536 598 646 449 631
515 721 450 525 549 704 499 313
195 686 615 799 517 516 532 404
373 579 713 609 413 576 532 399
280 350 715 546 390 514 610 403
362 180 696 606 620 601 135 520
581 513 77 478 454 687 481 406
406 630 621 461 428 86 133 350
474 358 227 493 496 736 435 458
371 969 616 351 145 268 335 255
479 317 211 615 223 40 669 822
507 624 621 924 322 418 421 510
463 485 526 856 549 649 620 564
452 645 185 777 620 518 498 540
646 583 746 809 697 232 406 676
883 394 608 721 519 281 852 344
367 548 510 335 802 594 663 492
499 738 406 436 584 663 663 330
305 347 659 659 558 553 203 557
217 649 443 544 462 486 300 470
489 537 598 586 549 383 266 320
353 652 694 357 291 208 388 575
304 714 566 692 357 628 300 625
759 757 404 341 470 783 255 228
132 517 194 714 795 475 931 542
409 406 758 643 135 162 235 393
266 362 352 298 882 755 820 802
487 520 333 527 320 212 362 657
517 609 503 335 594 517 737 744
447 522 339 345 396 589 406 778
585 452 683 368 384 743 265 473
432 368 677 655 622 504 615 140
427 507 394 533 929 520 574 536
284 232 208 551 133 616 464 581
261 779 489 159 722 271 280 284
444 606 600 954 381 418 255 303
702 409 581 506 311 352 162 463
514 445 679 262 508 319 569 339
646 615 560 546 551 560 596 436
298 492 592 592 811 410 246 402
424 355 313 475 488 313 294 567
585 353 469 589 524 781 258 220
630 563 401 696 384 592 468 360
424 711 430 771 528 454 319 622
537 486 518 478 285 618 834 806
519 454 515 388 551 567 283 441
657 662 274 697 449 495 471 120
576 210 649 266 691 542 610 371
174 323 558 582 345 739 497 205
548 361 648 540 527 448 702 336
561 508 314 486 330 867 683 206
419 610 711 657 843 524 731 291
657 462 474 749 674 470 959 727
420 64 550 430 387 411 528 737
324 487 464 352 551 819 611 513
421 508 191 489 465 586 671 634
476 407 387 359 389 478 280 580
480 350 385 651 663 930 602 378
370 570 645 753 343 518 291 568
318 762 360 610 527 509 175 484
324 395 588 989 842 593 569 437
320 580 420 816 886 885 386 409
282 617 346 391 340 400 798 56
595 355 922 649 317 390 397 707
805 528 474 688 505 584 540 358
745 393 849 712 535 276 802 557
661 766 298 565 432 558 582 201
459 516 275 368 522 624 474 374
319 436 356 607 546 383 541 919
635 546 629 728 226 423 389 384
881 592 701 554 996 138 413 421
437 665 516 617 688 541 631 421
384 340 515 328 307 617 333 602
442 396 664 679 539 754 197 695
355 458 565 375 492 423 459 879
166 461 571 296 470 555 565 648
697 440 516 245 491 239 502 648
574 516 645 693 351 714 364 420
631 532 496 531 736 512 634 630
876 749 627 630 530 471 498 504
419 426 489 442 465 470 663 643
684 724 370 505 554 580 592 756
401 542 281 575 213 565 723 612
309 361 611 480 108 755 533 243
542 899 474 471 384 616 545 646
369 631 288 589 357 507 219 518
496 225 812 612 304 319 455 398
483 110 805 371 718 470 941 655
691 715 515 527 477 565 514 565
357 425 600 504 587 621 660 589
458 344 708 375 500 791 357 451
521 178 308 725 581 649 546 148
317 99 616 988 218 693 696 534
253 344 136 477 539 648 463 347
376 476 554 750 868 499 306 721
960 364 410 478 504 378 250 610
476 703 598 684 511 626 369 590
682 739 447 608 735 220 436 605
449 382 580 416 515 223 417 552
484 494 559 699 458 498 516 416
361 654 293 609 464 441 560 588
315 496 422 368 125 655 662 292
482 281 437 386 744 254 179 437
448 854 364 766 591 798 550 210
334 599 341 931 171 387 585 504
415 761 514 694 425 688 542 209
282 703 501 706 631 299 286 482
531 375 592 461 364 546 384 239
783 146 202 649 547 398 849 429
480 503 610 624 745 416 492 446
261 441 560 521 757 536 322 407
353 392 484 637 656 336 576 488
437 380 368 404 688 669 649 91
724 555 656 469 533 740 682 333
357 581 536 340 490 377 605 909
337 580 576 464 432 438 237 144
345 391 634 302 406 693 643 586
699 978 482 610 477 467 338 805
535 776 569 344 503 617 539 173
503 430 426 254 840 677 351 460
733 207 784 565 586 471 579 852
520 376 406 688 550 543 401 754
524 355 185 280 573 341 134 349
473 607 44 491 662 344 396 536
321 335 479 532 603 503 500 545
343 122 338 412 353 295 691 350
434 604 579 369 340 488 375 476
345 575 246 462 552 553 935 459
526 483 843 681 848 396 530 509
293 562 322 690 462 226 399 508
814 656 517 658 531 340 574 655
1049 553 413 668 624 785 635 192
489 732 808 350 461 618 426 454
664 683 706 591 318 475 323 409
604 530 898 547 574 495 639 800
531 774 482 694 486 481 136 176
478 636 492 348 327 636 316 650
625 770 943 455 479 760 492 219
362 570 282 863 734 332 347 525
424 482 623 465 757 656 684 292
242 497 822 719 634 724 300 241
734 391 356 610 455 478 562 531
207 416 630 376 442 448 41 518
390 605 547 357 584 413 376 237
579 473 407 218 698 449 561 555
253 624 454 464 151 721 519 461
375 489 615 485 585 303 170 360
435 313 487 452 161 633 459 292
226 910 411 116 238 514 367 456
492 494 493 468 791 435 699 537
672 601 705 957 485 580 841 543
24 419 435 524 384 917 893 207
334 690 353 426 358 754 487 726
396 644 453 535 423 453 484 545
641 329 262 727 867 673 736 433
611 578 531 347 208 724 641 381
564 418 667 595 779 523 485 508
1004 624 520 663 458 564 683 35
262 276 439 437 582 621 765 443
429 415 339 536 281 708 548 648
792 92 476 392 583 652 578 525
470 667 505 806 409 829 287 549
514 374 256 668 500 672 821 622
673 432 757 776 603 461 510 528
584 499 448 470 501 721 333 152
227 541 551 711 947 471 691 396
699 552 285 559 595 570 451 766
706 625 376 430 649 808 687 468
530 724 268 249 690 526 332 467
438 592 479 580 787 536 482 409
416 482 685 643 235 838 402 403
470 871 616 542 396 533 911 657
421 438 609 674 294 570 630 727
283 915 427 421 410 606 333 813
417 523 298 406 138 495 481 183
467 591 744 337 173 478 823 442
415 695 432 435 377 521 497 529
519 220 617 249 446 725 607 776
414 400 712 527 874 334 632 614
714 612 628 532 678 417 668 840
376 629 580 332 520 663 639 345
551 586 666 510 400 702 307 386
639 560 527 356 665 604 852 626
251 519 484 472 464 530 367 214
574 697 583 553 362 655 146 866
400 628 418 519 438 140 613 308
293 413 449 563 408 983 223 441
587 696 613 652 375 607 735 589
931 489 441 190 421 592 661 751
540 398 263 467 315 464 250 436
386 683 289 197 641 771 639 474
345 462 429 284 502 732 654 564
490 324 696 241 114 489 424 436
631 597 620 696 272 815 346 556
837 793 754 496 237 308 443 377
371 458 385 407 517 322 629 670
418 502 773 644 791 639 686 398
495 363 515 598 542 230 358 288
556 429 549 127 518 316 628 639
600 670 646 407 240 629 558 90
191 267 486 248 618 408 778 577
477 576 332 760 689 544 848 236
646 717 589 472 129 695 423 487
678 678 292 322 373 624 694 590
421 474 750 298 640 481 588 505
686 596 513 908 725 549 640 521
376 190 872 421 606 728 421 450
593 595 506 310 732 637 533 645
-84 511 424 147 598 323 755 474
620 396 648 755 217 611 203 479
547 303 440 769 661 686 793 443
680 392 725 297 351 815 610 559
468 431 487 484 623 806 349 532
646 450 648 252 914 561 492 372
452 633 930 266 482 298 282 516
410 560 625 275 404 450 110 454
270 460 492 162 300 571 660 841
563 382 334 271 685 255 360 477
730 610 475 614 846 439 706 611
724 526 376 312 465 318 242 922
333 413 523 825 620 751 531 506
538 721 339 394 668 752 238 413
590 609 714 761 426 700 344 691
468 581 642 660 568 559 274 581
384 412 574 786 678 487 466 371
510 82 478 384 470 228 425 769
534 299 418 523 89 925 547 546
641 601 759 806 353 151 195 896
306 771 308 733 732 542 385 707
401 781 395 750 375 366 627 504
615 1002 334 437 525 311 202 334
633 373 374 587 318 665 848 551
580 372 551 587 272 327 355 538
405 535 412 698 468 318 794 872
639 583 495 580 307 293 605 286
828 359 599 277 497 575 423 386
451 735 682 699 687 774 646 89
616 581 460 235 377 440 657 630
291 610 154 423 497 634 454 601
553 588 619 449 659 780 471 93
618 504 587 357 417 510 469 490
411 476 623 597 272 538 369 567
715 648 382 517 569 582 346 595
557 328 565 420 338 428 329 371
767 267 640 584 774 860 474 557
512 301 421 998 576 220 614 690
628 237 548 206 456 -2 169 560
698 479 623 839 317 614 725 533
573 589 421 727 270 427 524 669
301 668 478 682 890 671 560 563
616 609 348 545 601 329 481 250
25 464 442 775 243 607 534 692
423 609 322 581 526 411 706 524
627 781 737 694 463 563 600 654
604 401 457 465 432 638 180 390
445 727 323 594 521 381 874 628
410 713 507 287 -33 617 575 342
233 366 407 583 550 426 186 278
787 420 723 663 202 639 312 332
643 403 222 291 427 620 232 506
795 261 405 413 328 646 480 484
765 549 487 487 359 718 418 504
131 615 756 724 312 608 509 388
594 620 581 589 483 797 348 571
258 482 546 531 623 357 354 271
350 376 347 252 558 450 527 429
888 144 393 226 626 386 548 276
505 472 401 1047 551 162 892 469
296 371 669 694 586 368 624 548
532 515 455 527 405 619 543 849
285 725 338 396 482 781 342 688
679 720 389 650 505 587 424 151
536 643 667 567 436 365 648 664
493 547 534 411 659 764 200 595
575 471 324 814 468 814 659 511
469 534 595 533 427 698 800 496
528 635 439 123 528 694 267 111
607 319 247 287 559 735 254 538
553 538 613 496 243 543 688 453
351 645 404 454 650 603 927 429
705 344 881 762 639 259 598 376
633 531 470 853 351 408 634 397
403 669 667 853 614 697 509 461
535 404 710 358 645 875 488 733
570 518 654 624 595 508 380 804
555 655 887 684 316 304 866 203
373 625 557 239 523 865 344 221
384 523 428 686 711 748 673 459
404 511 687 345 559 687 706 615
306 459 485 162 340 757 420 233
588 713 184 468 342 355 324 544
484 750 312 771 505 520 353 577
749 341 703 376 418 547 493 482
497 865 528 304 280 447 841 963
671 280 333 286 336 69 602 389
835 574 631 175 410 281 204 604
512 221 736 611 385 600 529 390
369 627 558 230 638 273 403 652
472 661 844 370 611 657 725 524
339 224 633 684 678 619 313 672
156 640 310 298 245 165 664 256
557 772 295 616 297 400 325 368
613 519 250 266 744 213 766 358
509 540 413 602 456 342 357 441
786 503 390 279 493 403 103 593
640 596 830 574 445 600 650 485
549 481 749 731 460 361 484 204
641 662 317 654 462 841 926 461
228 732 821 642 507 704 297 699
373 466 734 728 474 385 525 340
718 379 318 658 564 391 403 461
337 532 464 205 425 757 333 394
428 481 251 359 465 612 591 544
545 325 155 246 564 585 324 801
795 344 517 694 768 541 413 605
592 810 639 590 493 597 112 548
616 212 311 161 596 648 244 445
320 599 326 340 575 919 353 378
446 605 534 384 418 401 302 680
433 593 388 519 693 767 674 337
237 495 590 808 485 644 551 281
617 477 656 254 648 478 408 784
648 645 476 291 269 441 250 415
492 437 536 87 643 479 603 434
474 300 543 371 546 655 529 853
576 491 536 531 615 394 563 333
526 619 658 434 717 461 285 521
632 374 254 500 481 358 740 647
681 268 449 413 432 684 398 384
686 824 735 338 133 361 477 558
409 706 604 502 246 709 492 181
721 841 460 316 700 758 628 128
385 337 602 765 502 472 234 260
501 758 411 395 304 271 672 454
648 169 435 771 291 316 477 498
552 479 510 501 335 420 259 534
341 597 594 121 650 622 519 105
162 643 407 552 -9 586 367 362
676 435 564 346 850 354 642 405
527 464 453 444 337 570 540 488
737 649 373 522 689 477 503 428
414 656 540 614 529 416 310 438
600 579 212 825 385 484 538 800
349 354 322 540 601 531 833 439
538 180 73 594 594 292 488 609
444 352 487 859 646 421 661 549
514 561 562 263 547 437 491 333
570 536 495 548 564 666 240 802
512 431 661 489 799 537 676 507
440 625 770 719 618 653 685 686
703 146 378 642 632 141 454 213
270 510 386 412 422 544 648 329
469 553 446 632 507 716 308 949
391 752 705 804 643 374 -33 366
694 542 315 281 290 414 473 775
551 394 568 357 770 229 606 257
424 616 580 462 518 221 229 598
821 650 546 680 526 663 572 522
216 566 565 638 477 559 409 783
408 398 509 199 342 210 798 574
403 324 874 209 503 738 387 321
263 650 372 328 185 381 643 611
491 396 371 232 565 519 483 554
640 606 142 439 554 488 391 459
820 739 514 429 593 669 564 308
510 529 303 527 611 601 741 259
545 411 655 684 259 435 325 483
490 735 589 690 673 310 509 671
750 635 191 580 488 627 374 516
443 730 611 455 388 424 802 465
865 533 293 704 131 519 920 804
757 673 717 351 645 569 747 799
419 239 508 771 243 460 149 380
567 493 349 768 425 157 850 692
556 326 309 523 527 241 320 587
273 699 430 705 397 622 544 804
383 874 760 380 395 565 637 325
280 188 775 496 182 450 647 572
841 536 446 553 775 619 477 311
473 265 576 574 322 357 650 492
598 393 356 447 288 396 671 385
783 671 660 562 372 303 295 537
932 586 770 473 396 644 411 448
518 307 546 475 265 508 629 355
916 272 343 605 511 326 628 291
636 721 617 535 382 331 636 639
396 536 869 429 578 569 621 815
725 348 540 105 436 155 255 557
897 586 818 103 288 356 368 677
310 331 374 96 420 572 453 503
533 407 422 457 519 405 281 559
208 371 414 327 350 600 812 216
422 514 517 201 517 500 591 289
490 342 551 802 645 415 546 533
263 886 605 677 357 278 407 518
469 314 635 393 755 465 436 469
481 552 292 835 638 740 282 573
670 767 186 339 437 565 296 721
319 148 528 419 511 474 751 620
482 258 418 416 225 641 250 249
365 293 428 242 433 449 567 547
460 561 451 746 367 398 500 363
731 613 625 595 629 373 590 306
330 568 491 546 397 366 436 511
439 649 442 212 577 709 583 653
348 560 604 491 276 520 747 411
885 467 566 317 110 664 609 -18
459 426 660 626 326 675 493 519
582 655 183 337 253 599 905 300
350 630 709 594 557 239 441 486
813 479 480 461 307 865 350 332
560 339 574 756 284 435 410 551
641 317 507 399 558 324 477 630
491 628 467 651 302 330 801 512
794 749 551 307 619 382 392 333
452 468 381 234 478 256 593 366
171 274 503 568 552 282 665 691
654 644 524 614 755 529 459 373
264 815 559 809 649 626 809 510
423 302 354 286 459 226 206 150
380 456 147 396 771 739 527 411
317 473 484 660 591 520 490 341
69 617 380 663 442 467 362 728
520 288 407 226 496 250 226 865
880 493 713 403 391 600 631 481
732 762 676 496 808 738 419 543
541 68 419 536 613 699 577 309
473 829 764 442 482 626 330 518
685 319 745 488 403 201 567 560
272 80 424 231 149 495 442 341
313 555 528 716 469 141 373 323
468 254 250 272 441 613 419 430
750 733 474 347 622 501 741 555
378 381 656 425 348 824 296 266
579 414 560 441 526 490 395 636
447 519 585 378 492 683 485 584
467 578 404 504 665 741 469 488
485 637 158 725 279 417 673 498
508 531 551 457 474 708 697 912
769 623 653 605 532 277 559 379
586 668 223 657 464 666 649 333
425 582 243 472 755 668 784 401
370 587 398 286 737 678 466 591
793 363 756 308 296 533 414 484
457 672 424 275 481 932 294 529
271 221 389 651 747 518 472 593
392 479 629 214 395 467 582 209
173 128 355 631 581 660 470 471
475 414 956 569 345 462 663 153
452 700 609 418 656 481 324 464
738 581 496 228 438 642 663 200
309 454 433 613 219 372 649 665
238 609 245 609 625 531 324 143
758 236 379 452 506 596 577 538
463 336 679 569 628 461 631 60
694 464 418 404 385 503 540 789
506 291 907 492 472 403 248 720
285 681 449 605 445 558 498 506
726 503 303 213 398 616 609 643
574 570 365 603 770 477 619 397
689 620 524 330 563 798 523 913
271 366 375 503 668 405 504 604
526 514 489 759 359 780 395 621
603 500 510 583 465 388 704 446
511 465 552 633 373 88 895 289
545 331 492 172 865 464 476 648
375 193 742 132 542 234 570 609
471 399 359 496 424 330 448 421
999 438 408 624 843 351 471 375
720 632 618 351 521 699 787 449
602 686 552 704 152 613 513 647
892 640 211 320 631 640 813 665
332 909 442 552 380 634 779 762
512 500 640 458 686 746 571 406
493 751 1039 648 397 377 511 670
270 528 618 646 518 244 773 761
534 428 472 450 539 576 272 225
457 529 258 556 696 414 677 348
584 304 465 279 488 600 742 360
425 181 605 339 343 477 719 334
707 633 508 662 494 296 502 474
292 686 359 213 338 570 702 548
529 910 339 401 451 294 390 821
475 563 318 469 715 401 832 573
761 676 640 591 572 729 380 584
258 794 647 596 404 499 584 97
592 430 746 640 621 714 660 914
598 760 794 496 686 618 463 684
630 986 651 680 748 594 542 523
241 441 812 634 472 741 779 546
944 550 463 560 558 602 514 692
301 538 476 590 143 584 524 215
572 502 756 540 602 706 620 426
652 528 425 555 260 402 261 493
263 562 686 650 265 250 389 483
229 379 380 422 115 238 403 353
468 415 519 220 461 215 599 675
344 479 581 438 519 353 780 482
445 635 605 206 694 459 172 453
321 577 647 501 391 326 576 474
261 634 360 604 405 373 531 869
578 361 646 450 765 230 801 624
336 290 673 413 290 533 595 592
291 388 521 293 461 499 501 148
415 368 376 758 584 407 744 762
470 361 598 239 529 428 187 744
310 78 451 225 796 383 882 157
895 457 421 466 644 333 644 374
376 446 623 327 841 395 892 331
921 688 797 254 339 323 490 627
681 589 611 758 501 422 616 591
250 530 957 511 689 465 797 612
395 679 838 613 518 628 555 661
443 328 699 904 582 509 1026 704
687 559 410 435 465 249 460 527
450 556 486 529 388 443 499 367
483 389 696 456 592 398 462 483
274 203 256 624 593 449 191 633
393 545 557 719 504 -163 612 345
224 329 90 632 294 642 477 468
610 -12 618 534 684 421 566 356
612 639 21 559 324 462 455 537
583 452 392 383 239 162 725 243
787 301 621 713 427 485 537 530
365 216 546 571 377 716 400 638
633 203 647 71 546 359 520 714
601 603 677 414 597 524 414 558
363 606 256 746 435 582 421 363
483 780 505 349 181 511 521 349
604 536 512 557 283 543 494 701
395 618 498 672 946 556 398 532
590 407 456 436 766 511 584 311
270 272 540 356 343 606 676 381
-143 254 190 783 445 299 807 258
529 350 233 319 709 464 650 390
368 424 687 391 331 252 400 241
881 548 230 599 380 505 287 461
553 446 662 685 774 252 542 780
404 712 530 340 405 541 399 701
626 431 258 517 836 696 682 641
819 547 847 540 447 777 515 564
553 625 517 294 633 554 443 355
624 334 394 149 447 669 502 311
800 596 367 558 454 167 594 391
807 725 322 238 426 644 619 799
526 241 439 272 686 594 394 482
745 744 464 423 679 384 339 543
477 417 808 478 456 440 524 451
506 200 292 774 690 708 478 281
674 658 353 999 606 649 288 874
528 603 483 583 245 658 582 219
701 499 773 368 187 548 583 852
387 583 691 543 540 258 673 496
915 723 412 392 269 497 687 589
728 393 705 490 729 229 376 376
643 214 479 708 631 506 772 578
550 451 826 790 566 568 538 511
475 595 368 359 348 661 149 815
392 281 492 309 387 415 484 126
575 390 150 518 832 186 463 517
739 307 681 367 646 694 427 276
555 523 287 565 487 490 517 496
400 609 311 851 7 645 656 445
285 513 327 442 340 677 487 708
491 182 530 751 477 279 439 297
670 294 321 488 727 327 460 418
434 107 252 353 552 397 219 438
556 781 559 322 501 448 241 506
753 734 10 469 421 451 517 261
450 452 823 268 514 173 739 429
537 441 250 541 554 328 521 473
784 664 645 542 515 402 328 678
297 481 275 446 413 610 287 33
567 677 394 513 454 433 607 592
625 499 530 506 561 471 255 523
552 536 706 617 653 296 617 471
330 687 242 208 450 989 531 673
524 350 650 291 593 116 297 795
794 333 632 674 601 489 151 798
378 671 694 439 555 531 337 492
571 761 775 295 686 128 453 286
670 587 211 356 529 483 439 449
217 759 699 640 499 560 752 400
474 142 528 507 412 601 559 740
312 399 645 473 493 914 276 484
363 676 393 562 633 633 545 493
359 497 532 592 474 827 471 711
960 825 632 449 739 310 351 571
555 539 675 419 756 625 409 721
691 561 296 240 507 261 780 890
365 815 552 487 739 652 422 598
649 928 605 573 661 388 633 321
929 548 493 841 364 386 467 419
800 312 578 339 241 107 694 321
391 565 635 336 600 795 547 381
272 528 499 662 590 398 239 248
521 492 505 394 616 589 778 543
509 579 433 664 552 569 679 800
536 442 588 396 420 804 473 315
439 382 434 201 466 388 722 684
405 232 379 666 473 272 502 685
437 402 382 444 535 736 543 647
546 333 743 342 390 623 577 314
262 667 683 520 323 502 735 557
385 643 851 883 595 491 231 367
731 641 532 351 636 610 593 364
378 266 104 404 540 416 702 268
737 650 275 965 459 319 326 414
435 395 553 724 380 549 695 408
374 531 -76 488 866 420 799 574
459 542 580 386 237 451 374 611
622 420 594 576 97 674 254 458
789 650 261 512 508 549 254 894
579 523 671 467 612 366 382 600
501 492 566 290 30 452 254 564
699 465 245 477 346 706 501 717
353 496 363 588 447 370 245 651
612 400 365 587 726 -145 704 557
589 422 320 556 203 735 588 316
606 230 612 640 509 605 324 46
630 682 727 470 316 62 1096 622
574 382 537 535 426 561 501 788
202 425 515 512 7 464 596 1
735 625 904 334 341 285 438 435
134 317 641 358 785 232 613 349
547 510 598 130 619 517 494 746
782 780 252 681 427 280 473 262
459 631 416 559 742 564 832 573
271 391 494 544 676 318 454 561
561 831 188 611 554 552 788 390
252 226 402 551 508 799 275 510
338 355 592 674 492 363 297 448
466 646 270 836 1010 532 539 543
605 345 529 473 424 679 356 672
574 686 481 424 489 676 763 654
122 701 507 507 65 374 622 303
40 485 311 593 668 523 453 393
515 362 527 688 466 534 587 402
510 372 344 618 294 495 447 353
563 227 299 335 276 392 506 493
524 436 501 733 161 548 455 428
346 137 496 274 624 348 381 425
596 628 614 389 620 241 605 566
594 355 460 727 219 537 422 472
552 303 597 305 455 200 497 259
565 852 427 325 437 542 282 466
846 609 323 526 441 394 330 836
65 660 406 755 270 596 690 517
552 347 384 431 547 250 153 341
592 373 391 562 501 538 577 428
285 223 201 621 203 627 402 574
588 472 569 553 693 251 531 407
390 405 729 248 469 379 653 319
450 668 670 469 499 611 482 358
238 533 297 543 308 538 391 367
868 445 738 179 364 716 401 613
191 484 405 587 318 329 590 492
700 280 588 450 208 501 343 439
159 255 674 606 356 578 284 284
408 443 260 437 645 683 339 417
261 459 112 582 543 508 596 263
673 583 418 699 550 520 482 556
632 117 256 498 487 307 577 162
655 632 382 472 393 433 621 595
499 159 810 568 438 770 322 330
790 557 511 569 599 410 245 726
546 650 335 562 151 355 470 483
736 240 479 547 684 180 595 592
99 689 799 404 806 535 125 445
618 558 711 479 181 723 440 892
518 609 293 62 530 525 466 507
592 511 753 547 731 691 785 545
754 499 434 312 336 165 856 605
818 406 269 515 444 702 461 443
919 173 448 623 407 410 732 888
683 381 817 637 605 211 430 706
442 590 524 571 452 677 813 218
450 634 730 365 531 78 416 865
499 148 663 483 598 571 541 354
208 516 663 353 361 586 841 813
309 613 532 580 484 411 710 333
555 801 499 609 723 348 311 339
869 432 515 392 359 425 710 558
594 424 632 571 259 584 313 670
499 337 591 330 568 222 547 583
324 321 339 289 517 404 341 530
251 547 730 918 342 341 258 802
825 800 384 812 456 182 177 593
236 654 685 827 417 336 359 481
382 470 705 465 341 506 283 495
735 374 346 467 882 494 276 606
609 763 555 280 260 436 728 346
572 395 574 764 543 388 580 898
427 566 674 679 637 568 766 714
419 581 563 430 143 659 413 445
559 338 582 750 540 716 381 597
489 127 707 493 580 463 454 449
420 446 394 384 289 990 382 548
277 483 331 374 374 543 376 785
523 160 567 837 553 590 447 611
652 517 359 1017 336 465 417 894
766 470 426 646 655 587 396 582
745 642 348 729 218 823 643 404
729 608 547 565 745 406 688 519
635 211 694 635 610 583 735 186
723 801 754 820 651 556 968 481
544 396 717 752 885 597 457 670
382 736 718 511 655 504 611 622
665 521 600 677 372 754 780 668
531 610 227 755 580 683 668 426
611 581 970 244 813 713 808 721
805 503 764 611 945 1004 854 520
624 616 898 630 310 803 155 430
434 715 983 677 455 660 726 540
755 621 508 551 684 517 550 607
769 346 432 892 830 438 843 705
317 937 531 655 541 625 466 810
384 630 462 515 567 696 448 575
896 293 734 677 558 526 499 699
614 830 640 592 787 802 548 381
751 714 631 402 696 421 476 717
485 605 721 860 491 595 874 459
754 616 689 626 320 696 391 600
638 908 695 587 431 497 528 975
371 620 885 546 439 346 486 489
920 488 439 899 676 347 470 668
496 252 789 667 407 738 363 443
569 600 486 847 960 653 757 635
700 387 616 878 654 495 870 712
695 483 667 604 484 824 443 497
809 636 680 911 793 817 820 392
283 417 480 561 568 647 258 611
354 625 784 590 591 706 863 629
539 524 962 673 839 715 765 554
618 590 535 1119 837 832 296 479
751 305 670 659 421 518 368 804
365 823 283 831 769 349 670 759
561 410 339 616 386 652 873 930
428 630 424 646 577 769 448 621
742 611 599 633 646 640 532 364
660 753 520 599 704 612 881 340
501 571 509 592 515 493 693 841
483 564 621 782 253 522 633 478
601 744 584 301 525 666 682 427
781 703 640 460 832 197 492 608
673 1039 395 538 828 531 612 408
396 673 525 444 432 449 665 692
627 480 104 501 247 706 673 496
439 118 804 654 608 438 805 625
468 197 577 589 532 505 890 583
429 775 572 597 838 631 691 588
871 778 933 584 198 497 590 574
462 343 629 793 669 322 336 592
683 506 499 312 714 598 544 620
334 306 473 696 609 544 716 261
1007 694 547 384 728 424 401 680
471 456 674 330 670 526 331 612
704 661 478 887 530 720 638 757
596 630 659 700 386 456 1008 506
412 772 215 491 683 51 751 662
399 383 579 359 443 848 581 526
97 716 483 478 532 393 689 853
642 772 736 750 657 733 628 590
410 872 566 411 428 615 565 641
472 595 682 680 525 829 819 648
366 373 330 522 634 715 311 423
599 269 459 245 1089 621 633 478
492 625 811 819 873 588 665 357
1025 961 701 246 571 222 981 840
832 496 643 405 689 364 437 505
896 610 842 817 666 662 547 648
737 317 774 611 863 820 420 470
635 542 623 684 543 570 426 168
688 452 528 574 739 385 739 719
610 383 552 395 655 888 722 352
541 996 299 639 669 541 723 644
501 442 812 368 568 511 375 625
642 604 732 504 619 591 542 854
265 796 704 835 827 696 603 478
510 537 619 340 715 536 541 262
576 455 98 880 483 730 323 874
535 208 495 965 739 709 483 389
464 557 486 701 790 867 377 201
625 524 802 1084 514 567 919 664
877 354 531 740 448 228 485 765
492 592 792 686 479 878 793 389
80 513 746 740 740 275 862 646
666 801 906 389 596 666 792 804
426 853 348 826 662 699 668 566
309 690 724 807 628 584 440 611
646 394 572 795 182 856 701 777
731 847 825 805 689 531 603 674
608 123 729 699 515 478 392 624
383 962 292 497 504 664 831 622
535 538 692 634 776 565 744 652
513 299 449 335 768 600 591 668
649 482 544 938 710 292 739 798
754 480 840 668 700 320 803 438
554 343 715 674 301 901 536 494
646 268 509 597 855 784 796 372
870 712 885 625 958 586 803 803
545 527 456 782 817 552 521 696
211 553 494 861 713 534 409 231
731 898 709 698 214 576 772 776
659 579 415 870 782 782 700 762
681 361 829 637 418 663 473 846
612 516 576 591 698 853 587 555
543 396 647 529 505 749 522 581
390 348 590 473 651 400 520 373
711 673 557 464 161 692 502 818
648 422 409 860 623 458 753 480
831 843 418 642 398 587 752 658
550 807 695 540 543 682 526 515
364 644 555 560 734 472 633 862
576 279 497 315 439 715 749 806
548 734 598 684 687 580 658 681
517 781 686 307 366 863 394 617
705 505 717 771 908 856 544 302
687 495 373 662 657 466 528 954
583 265 171 571 606 984 1025 846
646 615 799 643 523 1040 787 689
625 321 491 468 543 618 445 807
674 576 491 601 641 588 565 511
563 687 706 493 815 366 800 236
381 841 265 658 498 301 774 737
336 670 555 25 650 758 936 925
375 644 538 288 708 672 721 435
761 733 839 393 469 754 473 699
417 279 768 411 1040 749 710 600
477 381 842 517 638 575 616 437
701 839 710 485 532 787 711 808
697 856 502 824 369 738 670 920
1089 517 354 726 849 873 380 325
803 694 716 541 850 376 301 584
692 712 495 564 211 762 435 939
753 570 618 438 568 739 664 572
858 666 227 611 649 295 342 522
353 848 698 693 445 575 407 989
578 703 805 177 443 752 699 516
579 469 675 362 767 604 632 523
507 680 369 779 550 658 498 725
627 654 861 508 360 280 676 374
588 503 309 365 751 749 722 578
468 539 344 371 599 918 1072 746
401 739 795 913 459 377 660 481
779 697 651 896 698 589 707 774
569 639 831 629 431 589 810 651
680 564 712 810 766 355 821 518
520 640 202 532 716 611 205 750
337 559 313 729 616 426 837 524
487 545 756 494 630 685 567 505
734 674 316 512 431 734 282 619
678 642 807 492 739 645 495 564
620 534 339 360 799 595 628 660
380 851 877 331 404 625 820 411
945 629 708 343 513 518 295 594
553 808 901 559 709 1001 758 735
765 776 681 688 680 510 525 688
966 477 733 210 507 905 758 462
294 591 619 674 680 763 763 724
550 521 407 633 709 666 486 369
278 348 883 276 498 802 294 378
582 754 534 672 586 564 684 396
735 985 230 736 566 433 685 431
581 461 276 374 654 850 909 600
445 665 593 869 517 587 727 835
367 328 874 1003 742 465 706 986
689 573 721 627 657 710 1018 817
521 381 577 608 386 542 569 432
949 568 691 500 567 501 643 620
500 690 573 882 275 493 626 408
788 634 566 504 431 908 664 670
435 684 832 803 886 696 391 709
1005 510 685 368 561 614 707 951
580 892 948 722 843 424 690 909
538 346 276 474 711 497 466 712
389 532 443 694 878 600 561 757
885 733 653 768 950 971 432 500
767 476 566 750 457 295 630 577
591 629 696 1148 1028 578 549 651
697 309 447 346 540 741 655 624
372 409 524 554 660 379 408 514
926 828 673 324 696 847 393 789
744 714 476 582 872 647 403 421
346 395 626 629 892 506 639 602
603 790 691 566 618 768 508 595
891 217 475 952 452 617 1005 550
728 368 694 660 900 424 933 433
353 793 739 803 614 548 751 264
1006 738 775 348 711 667 699 688
633 742 381 590 719 966 571 474
751 640 636 703 874 740 703 461
463 379 518 555 830 866 597 689
343 522 629 780 394 741 401 301
639 582 253 600 830 384 552 461
587 495 682 660 474 846 607 285
661 785 675 629 704 478 580 986
592 658 568 567 251 672 564 578
511 490 876 795 506 788 855 723
499 884 390 700 399 742 556 840
789 908 474 585 478 579 813 492
882 466 616 502 420 496 305 792
465 538 290 762 504 317 842 588
744 720 678 646 487 485 745 776
793 777 486 667 322 724 352 623
490 645 687 1082 374 642 666 667
284 301 560 626 575 686 346 579
685 717 282 584 452 141 434 633
574 325 468 587 361 703 582 904
447 471 638 736 476 805 672 693
534 491 534 706 632 608 617 410
338 521 558 639 682 524 535 906
883 1141 679 418 631 758 916 512
395 732 257 694 859 696 792 639
840 309 574 605 711 322 767 444
557 235 469 494 758 517 759 436
524 589 744 596 617 737 372 835
687 643 697 928 601 632 328 586
646 463 917 922 453 567 468 626
689 772 543 478 755 509 404 674
555 652 707 582 434 506 740 383
431 801 860 909 517 562 732 594
516 664 664 632 228 828 276 740
670 435 527 275 527 750 370 283
558 811 695 862 814 183 678 629
496 403 651 705 757 633 532 662
542 414 537 520 483 589 207 563
399 599 517 260 663 377 352 807
860 762 458 525 541 928 595 680
627 385 663 647 468 577 524 836
477 293 630 838 563 706 214 445
612 522 664 1098 461 591 458 458
726 905 542 413 383 533 685 541
797 878 610 475 563 494 705 754
996 630 772 592 629 659 791 309
778 353 769 403 748 669 328 448
771 427 621 797 746 757 739 421
522 481 389 460 532 706 513 763
573 580 168 383 741 739 436 850
745 717 770 883 399 797 629 579
630 458 789 449 854 679 862 908
611 795 592 637 526 504 701 492
736 888 678 780 707 731 584 564
726 455 801 578 879 682 368 678
948 507 831 609 550 540 482 657
693 608 412 623 814 819 551 789
370 781 606 701 830 852 771 780
335 775 420 507 690 230 807 417
607 552 874 498 604 371 562 484
533 525 349 480 511 211 782 746
546 463 584 634 802 696 515 640
439 384 684 577 919 657 127 465
701 550 566 370 522 409 539 495
516 926 581 434 761 757 618 813
482 729 877 486 638 459 343 745
82 498 787 325 487 423 495 472
786 928 527 564 463 624 844 296
426 358 739 553 570 500 792 513
566 566 477 764 267 737 419 443
303 692 511 566 744 629 698 386
480 263 887 816 360 658 686 546
513 504 517 538 648 677 292 536
1046 575 742 447 561 707 636 809
659 614 956 676 609 428 735 678
403 425 700 612 50 888 793 489
517 731 370 769 667 830 680 633
884 541 742 721 559 731 441 861
386 502 333 686 727 718 487 721
475 744 656 774 602 813 588 616
400 877 388 576 936 120 354 741
835 652 558 851 418 426 764 708
545 406 415 666 458 720 298 742
234 578 367 870 511 424 635 860
859 889 871 581 917 421 686 618
507 722 576 406 609 510 560 382
607 519 634 586 537 855 551 330
718 270 442 880 517 574 258 580
778 608 356 654 988 364 357 501
537 862 477 540 498 940 741 587
728 434 485 781 581 366 462 654
766 604 764 829 471 663 342 679
172 443 592 614 778 622 788 802
568 511 595 1044 628 423 878 614
461 654 1019 125 514 529 358 537
772 578 627 797 638 501 698 486
726 472 485 424 528 334 693 807
475 845 450 694 869 778 612 486
583 935 556 515 731 657 759 399
363 796 762 567 439 482 344 665
992 393 709 807 772 853 601 702
796 620 479 644 738 763 529 515
596 1057 484 771 801 302 861 360
639 362 469 513 734 505 582 983
449 940 733 754 325 329 406 376
937 755 582 622 499 596 671 294
421 594 660 430 904 612 399 703
447 840 817 582 494 736 652 673
780 429 515 671 639 666 588 791
790 615 411 389 615 405 821 631
564 596 543 644 627 546 534 372
761 887 468 822 473 680 351 546
465 678 859 792 735 745 504 629
465 749 327 491 686 792 779 552
341 636 447 504 704 664 959 642
936 623 651 346 907 162 542 405
871 620 424 516 704 548 699 640
448 629 431 521 506 318 797 656
397 537 552 408 724 666 221 361
358 670 862 468 567 690 604 803
460 643 372 473 732 715 914 840
923 611 634 814 464 687 729 349
587 545 669 328 603 605 796 760
675 957 804 799 582 225 558 605
596 696 616 721 632 604 603 505
425 527 1015 441 907 378 422 1098
720 715 465 358 407 245 787 888
616 863 537 859 890 679 804 658
563 447 714 573 1034 720 354 382
239 671 570 482 981 707 542 607
734 778 446 583 462 320 581 699
796 342 247 849 436 733 484 542
365 310 455 557 523 740 505 562
696 539 563 711 769 501 665 640
611 676 851 764 420 556 895 888
471 680 680 364 582 614 321 814
505 437 481 423 395 757 782 422
734 439 576 522 469 792 769 622
675 892 876 441 564 560 585 388
768 600 513 665 668 645 754 342
640 677 599 678 664 469 584 521
404 607 943 685 602 909 790 658
823 556 521 439 696 626 662 931
433 692 586 724 842 710 186 357
489 805 926 394 704 561 625 625
884 511 358 635 635 529 487 1107
483 511 710 524 838 630 577 320
437 695 549 912 784 561 1155 840
630 757 873 570 851 302 713 522
694 501 748 595 588 651 480 479
908 681 928 881 142 671 655 779
933 348 662 489 779 719 561 397
676 718 537 616 741 432 314 864
375 186 578 347 587 575 831 874
578 689 709 496 385 487 716 939
583 953 650 725 380 701 478 573
401 365 732 687 626 609 389 598
507 758 649 511 613 532 737 487
759 906 505 384 629 661 639 575
318 534 489 588 829 451 661 923
586 754 576 569 565 677 924 640
540 626 153 462 659 651 632 634
521 829 841 465 618 530 616 896
603 443 614 633 712 541 390 503
642 447 684 448 645 794 661 378
847 790 637 437 501 575 506 382
549 637 654 498 749 497 440 652
845 643 805 833 616 513 485 548
811 495 854 473 503 695 319 426
578 600 410 510 517 791 420 572
384 381 866 710 456 702 631 601
777 449 848 418 382 626 443 647
657 572 818 697 658 618 920 703
694 308 833 832 791 763 477 591
448 906 761 700 345 554 511 710
582 816 485 523 643 693 321 625
553 848 724 569 716 634 650 813
715 563 519 614 611 499 666 902
771 564 448 825 527 661 814 421
776 602 187 747 394 270 767 622
554 382 655 563 800 346 452 536
595 674 509 689 757 542 634 324
209 634 575 740 659 893 317 636
662 853 384 514 463 643 631 641
407 293 874 61 776 939 600 798
471 545 879 608 559 614 464 862
697 792 729 618 803 747 298 319
378 448 516 565 614 716 635 769
738 675 627 595 608 523 451 533
278 658 378 541 738 627 657 700
249 515 725 810 384 548 470 807
844 657 495 695 343 855 534 573
646 665 471 683 436 785 399 669
656 369 762 584 618 886 757 483
554 700 518 460 725 681 508 536
587 821 719 384 619 544 425 848
756 450 368 670 731 592 711 505
851 472 617 386 394 819 534 965
573 484 852 398 595 294 540 640
379 689 353 509 681 675 565 533
555 1030 415 572 730 392 357 659
520 292 558 641 524 688 320 690
844 962 764 906 469 371 632 461
605 370 666 705 704 810 613 477
273 528 177 401 811 616 808 397
575 938 293 345 636 610 603 697
733 605 569 745 348 902 799 854
689 288 745 386 530 568 532 660
340 365 649 454 169 621 729 498
728 596 541 666 369 561 727 263
490 579 722 737 324 817 1016 801
536 751 620 477 670 626 771 644
246 896 556 568 723 269 714 401
670 487 784 737 304 433 445 425
440 323 226 867 708 482 599 565
382 562 399 439 563 638 871 666
518 578 402 656 331 511 160 352
445 705 522 898 819 333 770 759
458 301 593 368 960 524 473 599
678 578 950 437 547 567 421 854
906 469 866 542 355 767 486 538
806 644 625 654 398 613 889 745
848 631 828 439 607 603 746 434
526 479 677 649 576 724 621 638
130 529 339 673 455 810 527 269
874 754 704 507 528 679 542 568
193 884 698 381 234 563 121 774
402 563 732 580 1146 492 717 634
605 221 432 842 608 480 707 326
793 451 633 972 641 476 550 709
359 577 416 787 885 632 730 736
581 659 623 457 582 699 537 582
601 970 464 311 781 451 472 481
766 532 368 775 590 781 422 715
425 371 385 658 759 596 1044 409
395 601 480 607 593 531 663 357
745 452 592 469 501 471 626 707
514 504 888 850 381 351 516 435
730 734 510 588 563 692 630 469
556 537 965 551 605 613 506 578
560 546 654 533 629 519 338 650
520 444 662 791 358 407 569 673
865 733 578 552 545 759 599 726
517 50 690 316 812 391 784 753
489 618 914 736 367 656 767 575
246 340 509 378 645 401 540 591
621 1046 756 404 731 587 234 717
566 732 815 673 590 859 741 748
504 672 968 363 557 527 566 762
549 321 684 563 706 519 576 875
669 799 518 794 472 215 402 796
768 463 670 649 777 338 422 274
832 770 504 758 599 785 683 553
690 742 696 852 790 748 443 719
828 531 566 803 642 866 538 616
394 505 775 521 573 590 636 189
380 579 773 619 675 447 662 439
686 393 393 807 470 540 225 729
697 941 309 785 711 522 355 916
444 524 552 376 620 409 595 538
823 870 726 899 988 311 522 755
404 292 876 546 645 555 391 738
600 732 308 357 917 820 786 442
686 261 636 679 1014 416 622 470
118 569 352 308 560 696 428 458
668 554 505 785 678 500 436 540
534 557 676 722 669 815 737 746
431 426 795 803 440 671 541 421
670 724 304 360 806 480 558 434
579 622 458 773 539 665 526 566
340 972 185 734 637 440 734 462
415 342 539 609 402 1024 445 113
828 647 672 616 553 604 677 588
604 176 676 659 628 621 859 528
648 582 550 724 477 466 895 347
605 700 554 631 352 289 503 584
433 716 595 460 893 541 391 830
802 714 652 484 487 605 536 697
640 468 739 701 532 681 651 812
664 538 391 885 694 321 862 497
272 404 741 587 416 264 646 438
582 552 530 369 717 489 617 818
789 1050 766 759 992 969 406 676
545 634 547 777 530 668 706 551
945 729 801 438 1033 622 579 742
423 637 516 465 326 738 545 515
801 561 221 774 603 483 815 584
642 869 649 639 766 606 698 989
692 764 623 691 576 721 760 847
344 945 353 491 388 546 835 621
669 534 579 283 644 580 373 605
369 776 759 478 443 719 692 576
486 674 416 688 361 463 766 635
687 734 272 595 851 696 481 887
616 353 454 685 532 662 506 384
505 778 613 704 623 510 601 1001
817 612 750 534 847 706 708 653
728 656 363 763 704 591 610 852
602 698 977 648 701 134 389 502
655 924 493 767 419 305 350 605
357 770 795 936 348 805 414 537
528 277 701 553 715 453 512 611
493 730 785 601 717 502 492 875
657 405 513 403 681 281 462 613
762 803 325 703 501 207 464 939
501 404 346 702 705 415 761 516
729 759 421 498 662 882 1038 449
921 857 823 343 707 526 518 591
548 609 330 602 621 408 455 623
571 586 701 654 408 405 342 854
534 474 476 425 735 522 426 638
322 614 801 608 694 815 814 288
790 726 474 376 623 567 361 395
240 846 849 805 686 409 640 660
559 341 510 795 695 611 506 752
580 560 414 542 611 609 840 456
386 389 921 681 746 588 919 854
693 566 546 739 446 458 459 559
866 699 395 957 760 891 636 7
1026 631 975 777 886 324 252 543
540 876 685 483 497 785 549 509
339 608 326 572 527 729 875 649
387 498 329 714 661 490 536 554
572 807 759 486 795 209 501 565
420 854 503 676 655 710 724 605
553 338 517 719 809 550 674 748
441 344 259 490 845 736 700 631
629 401 578 864 568 504 409 561
949 577 745 774 652 576 579 440
249 796 458 926 756 620 808 412
675 629 736 511 293 385 998 502
226 633 258 552 548 560 505 525
601 717 723 543 715 798 993 526
862 446 682 458 479 264 546 566
290 350 312 399 251 678 581 447
566 795 619 864 602 854 304 534
551 804 499 725 602 884 1176 762
479 574 286 613 470 624 571 462
614 907 651 803 644 616 435 386
437 729 843 819 867 157 385 575
608 749 411 327 472 472 666 719
280 449 469 610 332 296 591 580
535 649 506 496 797 552 484 580
574 683 533 257 607 436 259 524
584 688 507 663 771 771 854 634
402 825 433 690 333 579 779 556
897 664 628 134 542 494 297 499
403 537 504 868 425 888 807 475
644 269 782 534 782 642 831 542
502 633 665 931 804 833 634 724
647 830 537 721 915 410 173 738
515 345 562 397 866 670 215 486
320 685 1060 534 813 780 582 598
602 684 495 698 557 790 401 798
537 643 936 357 700 888 808 428
418 520 722 900 753 716 358 845
504 494 484 711 460 356 707 534
617 433 477 549 934 507 863 736
468 832 488 662 359 796 820 994
779 867 703 477 714 741 730 564
775 521 639 374 940 844 625 790
717 602 586 674 806 655 699 822
563 622 615 516 630 593 511 529
474 713 754 411 459 244 719 329
824 763 398 502 543 877 495 470
564 553 629 552 731 475 726 739
582 373 592 756 583 403 515 734
634 945 423 470 758 227 965 514
545 890 386 600 385 615 702 434
717 257 824 408 547 951 499 595
867 544 579 550 434 395 46 568
731 835 449 569 743 646 617 983
725 687 803 687 643 553 600 759
347 626 466 1025 497 765 1043 770
340 446 550 997 338 434 358 612
650 692 645 884 575 592 486 710
491 438 238 628 535 717 517 725
444 669 633 629 567 644 514 398
702 503 600 435 480 359 877 488
632 510 786 699 735 711 597 413
929 886 732 517 740 799 692 190
165 778 880 505 638 731 493 745
576 550 755 631 1076 658 800 637
324 521 494 597 754 754 476 520
565 717 621 270 700 736 495 792
222 771 554 586 658 510 658 607
436 940 492 392 577 495 564 262
727 463 123 564 607 445 630 551
186 340 545 297 506 603 645 633
699 332 740 690 235 703 1083 719
470 455 889 362 455 94 541 710
400 529 479 558 628 662 487 749
628 375 469 711 769 564 563 763
311 512 216 578 746 375 690 516
608 454 518 520 698 481 581 626
818 607 439 566 613 460 632 567
649 830 363 551 624 663 393 328
425 775 441 663 489 912 466 598
697 653 620 311 602 747 649 564
724 555 789 425 575 739 629 923
507 884 728 908 742 312 578 817
630 597 476 175 800 641 434 698
492 551 443 372 702 742 416 402
727 564 86 636 427 713 784 744
718 387 365 581 367 798 888 840
735 748 776 761 367 951 660 647
840 574 512 426 530 650 296 855
665 538 944 604 461 591 537 934
438 639 469 650 305 632 673 576
892 832 337 668 513 711 685 474
854 558 415 395 613 798 485 355
618 276 674 263 627 522 610 457
236 420 433 441 781 274 729 606
435 510 529 720 453 725 621 605
621 681 773 948 913 435 731 606
584 592 387 716 537 472 474 634
622 711 326 483 670 756 863 617
701 779 669 503 376 604 625 425
678 623 965 746 419 535 665 754
422 457 330 966 769 519 816 397
463 711 564 621 351 726 698 661
997 546 523 530 382 596 393 813
850 365 672 496 674 803 298 657
419 579 783 292 726 589 677 751
603 383 505 673 808 447 728 762
259 405 850 563 497 477 546 798
614 788 795 534 512 473 458 749
565 414 554 972 618 737 841 695
892 961 536 754 599 484 772 452
610 589 462 678 564 924 603 617
485 299 360 385 632 834 653 483
684 638 707 556 282 650 529 446
572 305 661 540 639 769 615 683
685 706 530 535 587 940 538 423
1128 687 488 521 513 661 484 583
359 461 594 807 492 401 499 471
361 454 342 536 495 719 626 221
515 735 649 396 717 389 377 618
392 437 657 436 881 775 597 627
375 88 800 611 819 570 709 506
561 438 724 545 540 721 587 608
440 810 684 557 328 252 706 589
311 477 655 678 534 693 322 1026
457 752 657 505 795 787 803 176
608 497 734 374 570 576 640 680
513 745 651 447 842 386 600 435
515 407 816 466 658 709 800 330
583 812 810 584 640 483 873 819
825 760 757 293 309 398 341 901
378 212 529 457 508 477 730 1007
512 643 509 922 711 570 653 442
901 725 664 717 778 602 532 576
611 477 737 512 530 507 640 984
564 960 686 884 438 438 702 993
391 659 568 427 605 480 521 742
613 457 597 674 412 616 459 555
572 500 812 768 546 529 664 530
362 943 762 552 809 248 770 566
576 434 649 451 262 711 813 228
529 715 449 546 536 519 477 660
538 705 826 744 634 429 604 699
503 320 563 280 466 479 345 589
907 318 652 648 613 579 620 829
578 552 1001 575 1034 512 376 359
574 496 626 516 648 856 877 651
553 572 541 880 416 606 955 571
269 751 406 361 611 333 568 414
134 524 617 594 941 631 309 744
697 648 499 608 611 558 668 492
737 663 395 781 534 894 909 615
465 814 305 749 586 814 834 615
701 763 765 717 635 755 506 555
254 623 776 671 554 702 643 734
726 816 1021 465 686 617 510 858
382 574 618 566 946 606 491 644
497 699 610 315 759 563 599 676
388 590 473 203 601 614 594 57
571 436 477 347 559 578 505 480
749 526 572 630 415 511 481 689
485 529 310 448 538 550 850 473
387 656 393 824 575 716 782 952
238 605 614 675 449 864 574 729
871 707 806 469 461 431 612 716
801 585 749 158 583 547 701 494
667 838 391 547 520 465 679 656
519 1069 692 779 816 512 542 408
631 733 355 817 529 836 695 438
635 382 497 601 592 381 591 652
675 886 390 937 554 550 526 553
266 351 420 580 223 571 504 331
652 571 427 483 512 662 1146 793
708 489 348 621 279 573 517 571
893 527 653 753 802 589 755 527
719 652 601 456 549 500 641 581
304 575 644 597 349 890 345 510
541 503 975 887 652 530 708 671
566 406 433 468 620 702 459 570
775 563 536 719 730 697 649 670
359 539 432 630 735 719 413 530
575 350 564 885 557 684 667 507
457 456 435 550 570 995 781 295
439 733 823 802 288 985 168 171
493 758 931 657 356 448 783 557
734 677 362 278 584 507 629 769
262 398 503 436 928 560 405 497
449 710 714 570 929 419 799 914
366 544 587 777 595 819 451 588
220 991 511 784 614 814 286 834
678 519 677 775 728 539 131 529
608 544 591 427 737 1005 382 806
572 497 635 313 592 786 713 788
705 439 255 639 561 438 395 966
569 424 957 586 510 631 702 237
694 620 885 690 567 976 858 515
769 608 681 618 617 440 743 596
412 570 413 553 486 723 715 786
645 239 898 804 657 349 660 441
453 500 508 301 814 234 367 498
569 327 438 683 346 673 515 467
647 655 284 334 420 145 495 550
418 430 677 605 570 401 363 678
841 495 319 407 479 319 619 454
717 371 576 426 412 555 862 642
672 771 716 930 805 499 457 905
1035 803 576 466 672 579 333 552
503 643 562 528 826 809 911 689
740 618 443 613 283 536 754 327
523 867 838 661 520 584 448 786
643 621 454 540 426 490 955 523
547 730 425 358 297 855 470 499
316 815 812 575 566 436 603 547
725 358 479 722 501 667 818 507
597 416 717 528 721 790 544 878
257 748 264 368 615 703 492 473
520 555 632 405 719 355 702 610
687 718 423 562 835 683 699 577
482 691 625 881 705 828 268 393
937 360 491 640 583 500 603 829
776 385 984 727 535 625 772 380
851 751 629 488 518 452 711 893
636 580 285 123 474 494 551 818
748 436 436 624 450 633 553 908
534 600 565 723 730 582 464 587
452 736 449 971 601 557 538 609
792 421 603 241 661 501 936 412
498 333 459 600 710 457 124 567
550 844 840 759 488 573 677 253
631 619 297 446 750 712 606 599
390 403 626 780 753 719 526 452
244 721 611 296 582 376 454 832
861 292 349 875 906 584 761 788
521 208 754 656 343 698 579 522
537 608 542 814 918 351 759 774
655 622 483 501 806 635 567 643
677 432 479 641 693 682 619 671
780 365 644 643 662 527 661 568
701 876 592 706 670 837 610 421
558 513 608 721 425 279 532 369
532 813 631 679 476 753 424 507
499 178 349 912 687 515 503 564
528 734 645 644 512 668 421 400
863 829 806 504 512 952 784 548
550 604 575 408 997 669 601 770
683 703 606 457 476 713 636 251
508 371 172 717 328 528 636 712
615 696 660 775 585 651 315 441
684 686 788 754 842 90 598 424
715 712 651 513 528 865 873 321
792 741 678 849 744 415 639 559
743 279 607 923 731 711 665 638
663 797 690 537 1017 387 790 498
556 680 580 780 426 497 606 247
522 564 534 612 701 627 789 519
791 206 392 494 668 719 481 695
713 597 556 824 731 462 635 755
608 730 598 425 717 379 616 609
804 688 278 695 495 795 662 712
699 252 271 776 585 578 482 889
439 625 653 860 479 324 883 636
789 908 766 88 487 312 495 898
488 511 449 873 584 595 465 789
506 657 687 557 356 850 407 687
435 792 613 374 735 743 625 630
541 897 588 517 413 523 620 631
557 720 452 654 511 742 727 946
425 367 514 811 489 766 579 654
543 669 666 514 551 510 510 712
522 986 737 712 687 468 681 574
696 755 870 556 917 748 814 599
725 667 533 719 495 177 488 562
878 730 561 813 460 634 615 813
572 655 694 562 540 527 464 489
539 436 374 640 690 615 561 439
570 637 715 325 416 308 543 797
776 485 707 819 409 498 280 767
329 265 895 879 459 737 562 643
651 546 437 512 391 290 428 545
648 371 190 425 502 146 679 580
557 538 459 487 458 656 564 465
242 579 442 678 677 621 642 609
368 817 366 254 643 1071 700 269
549 443 849 744 534 692 658 917
486 487 514 474 615 700 741 760
395 684 418 547 629 515 804 550
444 598 490 685 623 717 440 766
827 361 352 794 731 857 919 856
784 527 379 568 434 689 210 302
673 607 664 767 549 506 796 712
809 721 569 506 636 723 863 -33
772 479 687 553 740 503 529 347
552 860 832 642 287 632 909 644
819 448 566 795 561 491 679 1105
315 739 816 711 710 804 411 591
850 463 732 413 467 410 757 448
651 756 619 596 677 793 298 586
495 290 678 633 811 693 640 538
559 625 403 890 273 553 696 540
588 332 504 851 902 506 572 392
506 704 412 476 238 707 582 670
754 506 775 700 549 619 1089 506
644 574 561 657 799 339 841 639
168 688 698 601 529 786 625 554
761 776 671 859 515 849 569 397
549 449 581 796 660 276 534 479
684 840 693 906 504 625 891 603
380 969 596 645 523 546 437 685
447 413 547 812 478 373 708 576
550 516 403 731 614 640 539 616
785 858 546 102 775 475 560 558
867 749 673 452 636 717 492 963
778 632 778 544 578 857 706 488
522 540 528 998 589 770 626 522
728 206 653 116 481 501 643 731
533 638 739 559 465 539 497 812
652 527 474 375 999 678 456 455
645 565 576 876 217 654 412 554
709 620 879 911 482 770 555 597
837 446 593 526 688 646 910 329
868 560 553 708 268 295 628 445
612 340 482 441 608 530 616 785
641 226 389 768 416 496 682 723
821 528 648 813 750 422 741 641
571 594 636 653 712 403 513 324
638 419 743 509 494 731 402 794
490 665 662 352 421 616 370 544
404 476 526 788 589 540 185 889
518 623 784 574 645 541 449 413
579 657 943 637 793 559 173 249
467 573 628 734 477 720 613 308
756 832 661 586 493 165 564 298
521 592 565 689 711 818 398 587
585 430 948 835 757 303 562 711
594 571 388 702 881 345 386 649
416 194 538 224 465 721 456 640
645 442 460 483 798 557 449 737
762 496 573 761 681 585 723 708
585 832 519 502 609 493 1071 580
525 477 494 515 593 506 645 681
650 394 920 452 272 1113 892 248
515 589 395 746 578 459 105 672
610 528 617 897 866 469 750 470
765 415 788 688 710 620 696 756
454 532 509 488 750 432 894 282
794 705 340 712 694 394 498 684
509 389 469 375 354 854 536 502
828 430 477 395 623 734 914 1030
687 640 191 520 450 599 435 727
658 401 252 533 434 634 197 588
394 485 132 406 825 644 551 519
451 584 806 467 551 623 651 403
782 710 768 661 438 489 900 541
662 886 575 385 587 379 609 521
858 657 372 446 733 598 678 430
510 532 569 756 213 652 714 350
763 591 771 608 521 398 1006 652
428 961 720 751 520 782 649 499
807 466 650 333 439 656 626 250
745 403 442 617 642 709 760 447
845 557 399 1021 821 448 725 613
352 400 468 385 793 251 1082 469
526 717 286 478 577 311 717 881
773 612 760 574 354 734 895 480
622 473 601 507 618 718 307 845
497 452 819 629 687 577 352 1164
291 621 495 920 679 788 427 354
465 893 496 763 607 609 721 334
778 790 646 488 471 386 789 378
-53 654 445 630 709 -91 716 792
609 249 687 679 532 923 817 744
753 619 789 338 470 415 745 779
545 630 839 662 541 737 898 464
332 801 657 705 650 543 665 758
581 464 598 638 637 564 717 485
517 851 281 519 618 552 466 339
701 585 828 666 568 470 344 748
801 419 334 612 532 715 582 706
699 227 881 863 604 522 682 697
308 572 549 648 716 447 376 564
549 341 647 735 566 741 678 522
792 599 965 791 456 661 541 691
601 525 811 595 356 424 328 680
730 585 848 641 213 385 668 645
606 576 452 1003 650 462 536 577
776 353 429 507 639 756 330 642
460 698 545 659 532 833 710 643
705 973 629 570 799 237 683 474
492 1348 735 481 597 578 506 658
879 710 350 413 585 398 527 491
849 670 621 677 196 762 165 140
859 995 982 1023 702 382 192 681
852 867 656 743 492 933 578 824
380 748 717 582 853 756 890 969
1063 542 576 596 338 560 486 518
426 856 795 374 848 629 367 343
418 813 494 482 715 523 699 444
423 640 766 356 803 552 502 606
287 531 451 810 426 661 543 607
702 383 729 839 478 710 792 334
918 639 536 599 739 483 472 824
742 659 677 490 584 511 511 822
443 583 729 642 600 382 519 868
571 625 657 589 1258 571 846 520
572 588 533 486 565 894 777 653
525 542 640 506 643 417 853 613
247 509 582 604 532 367 830 785
540 580 512 349 594 668 472 437
739 769 599 663 697 748 688 601
567 657 599 555 927 305 624 556
471 138 885 802 81 484 295 510
786 406 275 664 649 231 442 483
771 493 642 706 532 306 673 480
648 582 935 534 939 707 842 584
813 634 392 386 665 762 593 862
549 486 485 620 467 414 697 624
594 669 677 336 346 963 630 904
998 724 329 268 706 104 603 495
342 527 515 916 461 686 759 723
600 689 442 478 534 406 655 340
711 404 863 329 682 792 631 781
801 642 402 272 752 742 683 281
805 284 841 703 501 816 575 515
565 236 730 480 521 856 380 595
868 1118 540 578 808 302 976 1133
335 319 465 536 505 860 520 1050
498 907 408 588 639 682 631 636
442 881 781 828 296 563 642 473
603 593 534 746 778 452 719 771
628 493 663 742 726 320 798 466
292 642 623 509 547 621 620 776
759 460 612 506 564 806 675 492
772 677 293 379 364 627 377 672
798 636 610 865 395 448 643 466
757 477 447 635 394 528 671 919
561 858 413 697 773 798 501 507
631 476 561 510 620 572 887 751
868 433 786 604 886 528 722 687
666 712 628 573 602 573 714 782
557 818 456 531 769 581 423 728
569 619 730 575 626 361 781 534
829 394 667 668 604 610 816 601
829 447 558 760 476 683 863 445
879 670 477 636 821 403 713 421
780 1231 814 612 590 560 612 212
331 602 718 672 811 687 551 562
213 333 728 686 871 691 665 565
171 704 628 821 589 625 527 308
305 590 497 748 344 378 737 676
586 748 592 823 843 677 507 519
450 1015 750 867 423 712 346 659
520 452 554 567 738 388 325 -12
662 1008 583 730 552 391 742 648
694 842 589 675 668 504 429 701
685 592 908 492 715 294 523 387
757 534 743 448 701 616 588 517
637 457 700 635 542 781 625 574
740 505 662 385 787 641 665 512
712 667 593 230 581 469 565 944
587 918 913 583 625 474 547 880
467 720 401 904 569 617 686 803
620 622 485 658 849 802 604 676
1120 393 490 630 759 431 402 654
441 766 535 788 607 353 519 946
713 641 605 620 828 494 474 314
210 413 757 597 349 821 438 440
426 871 828 652 558 873 655 729
623 648 562 489 644 678 618 522
739 827 941 492 610 545 694 752
647 557 260 765 548 734 679 563
846 608 684 495 563 753 585 645
812 832 755 603 753 509 763 644
876 728 611 588 526 888 564 151
665 358 918 634 555 587 647 458
379 717 767 542 647 309 559 459
288 615 749 725 394 360 605 603
378 387 859 680 598 790 703 817
740 551 803 494 619 562 871 443
732 622 507 439 456 439 759 618
805 425 45 577 808 827 581 563
518 420 769 270 659 509 685 787
888 786 404 755 539 587 464 406
409 794 613 522 668 742 973 834
578 649 538 883 688 340 475 548
759 871 488 834 691 452 740 575
815 443 419 963 576 381 631 717
531 491 759 616 582 539 542 568
439 707 633 786 367 666 891 669
903 664 483 1079 696 421 948 901
651 314 476 759 179 745 899 419
668 612 830 647 145 292 463 556
533 530 732 439 623 728 439 638
673 524 581 501 485 594 526 920
527 901 758 411 582 864 778 452
499 621 567 642 503 626 429 431
805 334 534 799 818 622 730 297
529 769 565 669 448 722 815 670
621 491 391 707 850 621 410 655
756 569 368 582 730 311 538 676
459 1318 682 644 689 774 396 786
372 350 500 629 500 385 724 531
441 599 520 846 477 743 946 699
548 647 503 1023 553 812 528 453
599 735 587 763 670 413 818 640
902 784 369 614 605 1086 471 472
664 361 565 651 492 286 616 577
669 438 490 551 399 776 823 430
482 1022 742 471 735 444 490 564
753 638 448 745 896 343 841 818
687 667 722 731 636 294 466 670
439 620 521 468 835 531 751 516
388 618 526 593 453 764 591 616
655 296 635 540 719 261 130 575
473 769 428 665 633 580 685 407
717 608 632 472 462 486 481 590
730 326 468 571 769 556 598 451
537 557 681 902 928 638 719 527
