457 540 511 440 477 566 403 483
551 465 473 496 560 474 482 483
588 587 540 515 529 560 463 547
450 474 536 443 494 466 490 388
429 472 537 493 500 528 465 511
468 431 484 523 514 500 596 517
539 590 448 458 570 468 501 543
536 570 560 543 469 532 513 447
557 532 502 491 452 508 519 467
546 456 415 542 484 495 466 436
550 472 566 532 487 457 471 451
583 507 546 449 507 547 487 541
457 445 515 485 526 421 528 604
499 501 507 426 517 436 483 550
471 520 541 511 445 487 578 419
489 478 505 530 564 489 532 520
519 477 460 456 470 513 530 513
478 572 561 486 467 505 551 513
522 492 518 562 490 506 510 511
444 425 459 507 522 479 555 494
501 492 505 528 527 464 561 456
503 489 458 497 470 503 516 559
512 476 484 506 504 558 556 486
478 398 478 461 486 516 507 499
508 495 508 371 489 496 486 491
528 476 588 528 500 492 497 463
496 511 523 523 489 443 473 564
536 515 470 500 450 478 490 486
538 443 465 445 451 505 436 530
490 503 513 483 541 492 524 492
512 511 510 461 517 487 525 414
441 515 575 533 473 432 530 497
524 505 501 618 500 494 495 477
540 486 525 511 549 517 451 447
556 476 447 473 551 443 465 473
450 453 439 482 486 473 434 550
447 511 457 527 538 465 423 528
575 517 506 533 531 467 474 524
494 553 472 530 514 495 547 527
460 526 555 495 490 473 499 527
467 446 485 445 521 483 430 486
492 518 494 575 479 498 496 489
506 522 554 437 480 482 538 486
424 504 499 507 458 569 487 492
464 463 451 484 462 582 424 455
484 527 483 527 461 502 570 461
517 508 410 476 545 505 452 528
481 514 515 455 532 460 448 465
486 504 469 530 510 472 536 546
496 491 429 484 488 510 493 510
561 479 480 448 500 539 430 473
501 534 515 513 491 519 541 432
529 496 479 402 445 568 472 457
482 470 505 561 477 506 454 561
508 457 536 548 506 434 571 512
547 478 484 504 545 506 450 510
565 503 505 449 444 474 487 504
507 564 502 543 498 558 425 476
539 493 537 515 538 525 527 560
539 540 501 477 474 530 402 448
461 490 395 550 524 579 542 541
590 477 440 491 467 490 458 523
521 499 512 494 530 503 489 537
550 553 460 479 432 490 517 495
577 484 456 523 506 522 512 510
415 471 476 486 482 517 524 455
527 523 519 443 518 503 538 571
564 505 500 525 455 442 481 549
487 560 388 437 495 536 497 496
495 429 546 473 544 497 543 514
496 509 441 500 569 552 461 520
510 533 504 491 553 509 550 539
487 493 577 508 470 452 539 506
468 527 506 434 524 553 602 501
509 564 507 511 475 444 537 449
546 468 511 485 547 512 578 457
517 502 511 564 523 454 521 483
481 542 476 485 501 538 523 491
489 454 470 474 494 579 473 488
418 524 437 464 542 416 504 532
561 463 475 572 499 471 471 461
482 544 536 453 509 484 531 494
515 494 413 502 449 530 473 476
500 523 493 566 566 569 491 441
549 483 502 525 436 565 535 514
536 522 505 488 470 511 514 543
508 466 437 495 499 496 439 543
543 467 532 538 502 462 565 515
490 531 565 480 528 578 455 478
476 494 492 512 467 475 512 506
535 516 531 454 485 574 516 530
511 517 491 643 484 498 403 544
478 498 479 494 489 498 498 494
493 552 535 535 471 550 545 478
561 473 426 544 495 539 470 450
549 444 438 423 388 458 413 499
411 456 593 514 502 435 490 502
436 505 548 486 492 418 444 542
474 463 472 498 454 505 446 531
458 553 500 466 536 445 478 500
495 420 463 507 447 551 520 479
491 574 537 515 443 565 542 494
478 492 452 481 531 428 487 505
504 453 453 544 451 540 481 543
483 453 534 499 558 536 491 482
501 508 465 534 484 483 478 509
472 505 611 498 483 433 502 456
485 506 431 506 512 448 484 427
563 513 493 493 545 496 513 561
486 456 467 557 504 480 539 540
481 461 437 428 489 464 574 502
422 557 506 528 527 512 521 510
456 515 541 492 522 517 573 490
488 495 496 409 474 512 500 468
473 486 468 479 478 536 541 537
517 472 538 487 501 554 503 510
443 519 461 540 493 411 486 491
519 527 487 541 373 471 456 450
538 533 469 547 504 483 472 469
519 526 510 418 512 523 473 502
425 451 487 488 514 453 486 480
521 557 569 437 498 455 497 517
503 498 559 529 489 501 535 524
483 429 453 506 429 494 482 540
447 423 483 525 543 464 519 456
470 523 529 460 519 425 492 455
468 449 522 522 472 515 510 495
586 466 501 485 485 506 488 466
505 547 538 508 471 507 543 548
514 485 492 531 527 430 526 528
465 469 470 473 443 513 469 497
480 510 460 510 516 533 579 416
513 472 423 534 553 484 508 497
517 535 514 514 550 493 537 467
564 530 484 415 500 453 512 558
506 493 514 511 405 510 525 490
539 495 531 591 496 422 487 431
524 552 528 513 474 563 530 511
508 504 518 475 561 506 524 483
515 409 455 499 447 598 433 514
566 519 488 478 527 468 495 528
488 504 488 461 548 556 487 489
493 522 464 496 511 526 389 516
514 540 479 479 548 437 565 602
519 533 440 472 542 514 493 509
520 488 499 499 458 513 572 569
441 523 527 484 461 447 482 514
494 476 450 514 543 463 518 425
474 529 455 476 557 471 466 523
578 490 531 554 513 489 465 443
544 507 553 540 475 453 517 475
515 471 466 494 537 512 547 451
458 496 587 527 457 497 509 477
525 494 488 550 432 462 467 466
471 520 544 537 459 496 518 510
552 473 506 484 510 457 463 471
477 562 547 491 507 436 493 506
546 513 517 512 511 444 483 557
533 520 503 526 462 437 485 522
504 541 514 502 553 545 496 456
464 494 485 566 433 497 457 505
515 484 521 492 493 483 526 506
563 551 522 414 441 539 481 509
475 521 538 452 467 433 509 433
485 521 582 515 550 510 512 492
485 547 515 513 476 486 583 497
553 479 532 512 484 526 438 523
531 511 552 497 494 514 535 523
491 460 527 468 467 474 502 468
455 474 493 518 503 457 509 513
482 468 468 479 589 464 511 471
480 472 532 515 495 520 530 466
522 471 534 530 516 492 479 489
531 473 502 430 510 459 447 521
508 482 488 591 492 492 526 503
539 511 530 518 526 498 509 489
524 446 529 540 530 496 520 469
533 456 524 521 516 482 530 427
531 508 542 508 574 462 524 465
495 530 525 583 486 551 490 472
435 507 479 534 479 481 514 569
456 541 535 491 527 489 595 496
503 487 432 489 509 560 520 492
502 513 485 527 565 485 548 535
521 504 514 491 573 471 545 562
487 547 506 502 497 435 522 558
472 534 497 456 540 567 468 509
442 498 519 570 562 566 479 490
433 471 442 515 472 456 486 453
512 511 487 471 446 522 509 519
488 491 558 476 487 530 512 418
432 474 536 527 521 525 461 524
463 538 480 511 425 446 544 528
451 551 456 501 481 463 547 567
507 561 489 504 505 454 520 528
493 432 515 439 468 505 469 510
491 435 507 523 540 485 498 440
579 560 499 495 383 541 523 533
484 481 451 531 550 545 507 487
458 472 519 489 566 546 476 451
478 543 479 522 477 514 521 539
557 552 479 494 453 491 501 484
480 541 536 516 449 508 485 553
428 478 477 481 538 406 492 534
539 478 473 514 506 503 348 455
465 526 442 458 494 448 526 484
573 475 477 532 474 560 519 488
494 614 520 506 495 541 439 493
387 479 534 555 524 526 431 473
559 479 495 468 463 481 474 538
509 541 445 549 501 574 498 440
551 495 414 506 509 543 357 546
481 577 431 522 516 483 469 485
486 450 540 456 541 428 493 494
499 538 492 482 492 539 452 459
422 581 454 425 468 476 559 481
512 428 508 434 487 470 502 525
447 455 508 527 557 481 440 507
468 463 556 525 471 499 497 507
484 424 461 479 501 457 507 485
470 449 518 517 532 522 525 515
430 489 443 555 499 551 459 496
511 487 508 559 459 394 564 468
545 526 491 515 454 503 524 469
485 513 553 500 483 494 546 474
488 475 492 509 541 415 522 464
524 550 540 506 533 462 497 561
468 508 485 492 516 489 500 480
427 508 518 555 495 444 470 522
497 511 486 575 569 463 536 512
501 466 565 547 442 555 498 476
461 538 516 465 468 484 479 521
515 475 434 447 535 460 504 429
516 577 447 522 511 537 495 511
507 523 466 508 532 547 520 455
438 516 460 534 488 540 585 498
495 541 543 568 508 475 500 475
510 465 536 528 506 501 492 552
547 506 466 453 512 474 519 485
531 508 540 411 491 589 400 534
517 551 493 548 549 508 453 537
461 495 538 544 486 525 438 481
559 554 527 494 534 499 507 504
469 529 457 531 462 471 386 494
508 533 552 440 539 481 497 496
482 464 511 532 450 499 475 544
520 560 438 541 507 471 520 563
564 533 460 512 514 550 493 501
474 527 491 507 481 502 457 506
476 528 574 534 455 486 436 501
429 452 544 534 439 482 519 516
435 510 476 548 492 514 496 527
469 527 548 573 563 479 523 532
524 530 517 478 508 534 518 456
465 484 492 506 461 532 426 521
520 526 377 446 486 507 497 467
551 513 484 460 503 550 501 499
503 505 491 461 561 525 585 520
491 462 487 454 584 499 531 538
543 602 496 493 507 530 507 489
471 469 511 460 427 505 547 526
499 516 434 472 567 547 472 570
471 467 561 552 476 498 486 520
563 521 495 446 531 451 493 538
532 534 528 506 512 504 519 521
505 521 473 488 509 577 521 495
491 530 496 525 520 450 519 519
532 467 544 493 580 570 476 445
528 467 546 521 442 531 505 516
561 495 530 476 477 491 475 523
447 533 470 515 453 519 543 500
562 494 516 463 518 477 471 563
449 495 529 509 426 524 445 482
490 383 496 527 493 507 590 545
502 603 475 521 437 516 496 502
515 511 457 485 500 443 532 575
512 479 408 439 514 550 491 441
465 477 423 488 536 433 478 419
467 494 541 518 453 504 487 499
492 513 507 535 505 568 521 559
529 473 550 547 385 478 558 542
442 534 569 524 441 469 516 491
551 529 579 541 522 487 556 500
459 502 496 460 533 494 516 469
493 531 490 485 587 513 529 530
504 521 461 558 550 508 500 450
541 490 524 442 525 493 500 443
527 475 498 532 497 579 464 510
517 459 503 492 509 518 556 512
522 560 437 490 502 438 503 406
528 441 450 521 433 582 505 496
548 497 510 494 480 515 521 449
465 474 499 514 586 511 493 471
539 500 514 500 522 519 515 500
504 515 423 499 539 481 416 445
503 471 505 499 481 463 508 503
495 535 508 476 486 498 505 553
568 481 459 478 517 533 484 463
515 525 541 474 513 435 496 529
559 512 490 444 509 525 541 510
462 522 568 490 468 487 499 479
528 517 487 499 438 513 444 489
482 519 482 498 560 437 505 535
475 501 446 436 529 487 447 481
524 522 542 480 475 513 540 485
538 487 581 431 561 440 549 503
482 464 463 527 518 492 499 465
495 535 464 521 482 439 542 445
481 543 469 538 482 496 575 545
503 474 501 566 587 475 558 437
524 515 542 467 506 426 475 499
508 612 480 501 454 425 536 536
445 432 475 567 440 527 505 488
476 510 488 484 492 544 509 503
555 489 557 473 521 487 497 474
488 472 516 467 521 594 438 405
460 530 472 523 538 490 535 409
533 532 496 540 558 577 578 502
494 497 393 528 594 523 443 460
462 566 520 526 514 456 462 527
503 426 531 557 500 487 555 492
475 438 480 575 547 505 500 540
504 449 506 507 501 510 472 506
436 463 490 524 488 518 541 597
488 474 502 508 522 533 489 529
503 549 489 506 511 545 500 459
432 541 526 566 504 503 507 479
472 518 547 524 481 517 507 477
451 467 548 510 476 503 524 478
469 429 544 524 527 522 419 504
518 503 406 495 490 542 496 479
479 529 527 491 484 408 418 467
494 468 439 499 499 552 486 491
471 604 526 467 421 448 463 446
495 459 436 526 438 398 537 572
502 527 527 594 460 482 482 502
492 497 506 579 511 533 527 514
489 532 430 562 527 504 499 509
533 519 555 569 544 440 479 539
585 477 524 549 504 451 578 465
470 511 502 463 567 521 536 498
500 553 479 486 519 536 536 462
457 466 535 535 513 512 434 513
437 533 487 510 491 497 455 493
497 508 522 519 511 474 448 460
467 534 543 468 454 435 475 517
456 547 515 543 468 528 456 528
558 557 479 465 493 563 446 439
418 504 432 548 566 495 596 509
480 479 557 532 419 425 441 476
448 469 467 455 585 557 571 567
497 504 463 506 460 436 469 535
504 524 501 463 521 504 553 554
488 505 464 466 477 520 479 562
519 489 541 471 474 554 448 494
485 471 539 535 527 501 526 420
484 501 476 507 595 505 516 508
452 440 435 511 418 526 492 518
447 562 498 424 549 449 451 452
488 523 522 601 473 482 445 456
545 480 518 501 458 467 425 492
503 488 540 447 502 460 515 464
533 525 513 510 511 513 521 486
455 498 521 520 569 480 444 478
483 468 458 495 497 458 454 515
519 467 493 520 505 563 446 438
529 514 478 543 474 520 493 469
483 547 485 560 506 490 460 527
508 497 504 495 452 526 574 568
504 490 503 475 511 515 452 487
535 536 450 544 489 499 493 415
517 436 533 448 542 509 524 471
428 461 513 518 466 553 499 434
511 469 533 509 506 488 545 464
513 502 459 497 462 582 541 435
482 524 547 535 576 505 551 454
535 492 494 555 539 493 602 550
482 403 511 484 475 480 506 553
461 497 492 467 511 571 525 503
482 502 431 498 492 519 538 530
495 479 475 469 475 495 451 518
496 467 474 534 536 596 523 473
471 516 532 556 465 504 454 515
459 558 469 524 506 502 428 496
461 477 520 609 576 521 515 486
460 518 482 570 586 586 475 480
452 526 466 476 464 478 566 401
521 468 594 533 459 476 477 546
568 506 494 542 501 519 509 468
555 476 578 547 508 450 567 513
536 559 455 515 485 513 518 433
491 504 450 471 505 527 494 472
460 486 468 524 510 474 509 593
530 510 529 551 439 483 475 474
585 520 545 512 610 420 481 482
486 537 504 526 542 509 529 482
474 465 503 462 457 526 463 523
487 477 536 540 509 556 433 543
468 491 514 472 498 483 491 584
426 491 516 455 493 512 514 533
544 487 504 443 498 442 500 533
517 504 532 543 467 547 470 482
529 507 499 507 553 503 530 529
584 555 528 529 507 494 500 501
482 483 497 487 492 493 536 532
541 550 471 501 512 518 521 557
478 509 451 517 436 514 550 525
457 469 525 496 413 557 507 443
509 589 494 494 474 526 510 532
471 529 453 520 468 502 438 504
499 439 569 525 456 460 490 477
496 413 568 471 548 493 598 534
542 548 503 506 495 514 503 514
468 483 522 501 519 527 536 520
491 465 546 472 500 565 468 489
505 429 457 550 518 533 510 422
459 411 526 608 437 543 544 507
445 465 419 495 509 533 492 466
472 495 512 556 582 500 457 549
602 470 480 495 501 473 445 524
495 545 522 541 503 528 471 520
540 553 488 524 552 438 486 523
489 474 518 481 503 438 482 512
496 499 513 544 491 500 503 481
469 534 454 524 492 487 513 519
459 499 483 471 417 534 536 454
496 451 486 475 554 445 429 486
489 579 470 559 520 566 511 436
463 522 465 596 427 475 519 501
481 558 503 543 483 542 509 435
452 545 500 546 529 455 452 496
507 472 520 491 470 510 474 442
563 421 434 533 511 477 578 484
496 501 524 528 554 481 498 488
447 487 513 505 557 508 460 479
467 476 496 530 535 463 517 497
486 473 471 479 542 538 533 409
550 512 535 493 507 553 541 463
468 518 508 464 498 473 523 591
464 518 517 492 485 486 441 421
466 476 530 456 479 543 532 519
544 606 496 524 495 493 464 568
508 561 515 465 501 526 509 427
501 484 483 445 576 539 467 491
552 435 563 515 519 494 518 578
504 473 479 542 511 509 478 557
505 468 430 451 516 465 419 466
494 524 399 498 536 465 477 508
460 463 495 507 523 501 500 510
465 416 464 481 467 454 543 467
485 523 518 471 464 497 472 495
466 517 443 491 512 512 597 491
506 496 576 540 577 477 507 502
454 514 460 542 492 439 478 502
570 535 504 535 507 464 517 534
622 512 481 537 528 563 530 432
498 552 568 467 491 526 484 490
536 541 546 520 460 495 461 480
523 507 588 511 516 499 531 567
507 561 496 543 497 496 419 428
495 530 498 466 462 530 459 533
528 560 598 490 495 558 498 438
469 515 451 581 552 463 466 505
483 496 527 492 557 535 541 454
443 499 572 549 530 550 456 442
552 476 468 524 490 495 514 507
435 481 529 473 487 488 398 504
476 523 510 468 519 481 473 442
518 494 479 437 544 489 514 512
445 527 490 492 422 549 504 491
472 498 526 497 519 456 427 469
486 458 497 489 425 530 491 454
439 591 480 415 442 503 470 490
498 499 498 493 565 486 544 508
538 522 546 602 497 518 576 510
394 482 486 505 474 593 587 435
463 542 467 484 468 556 497 550
477 532 489 508 483 490 496 510
531 462 447 550 582 538 552 485
525 517 507 466 435 550 531 474
514 482 537 521 562 505 497 502
612 528 504 536 491 514 541 397
447 450 487 486 518 527 559 487
484 481 464 508 451 546 511 533
565 409 495 476 519 534 517 505
493 537 501 568 480 573 453 511
503 472 446 537 500 538 571 527
539 485 557 561 523 491 502 506
519 500 489 493 500 549 463 423
439 509 511 547 599 494 543 477
544 512 452 513 521 516 489 559
546 528 472 485 533 568 542 493
507 550 448 444 542 506 463 493
486 520 495 518 564 508 496 480
481 496 541 532 441 575 478 478
493 582 526 509 477 507 591 535
482 486 524 539 454 516 529 550
452 592 484 482 480 524 463 569
482 505 455 479 419 499 496 430
493 520 554 464 427 495 572 487
481 543 485 486 473 505 499 507
504 438 526 444 488 550 524 561
481 478 547 506 583 463 529 525
548 525 528 507 539 481 537 575
472 529 518 463 505 536 531 466
511 519 537 502 478 545 457 475
531 513 506 468 537 523 578 528
445 504 496 494 492 507 470 436
516 544 518 512 469 534 421 581
478 529 482 504 486 420 525 457
454 481 489 514 480 607 438 487
519 544 525 534 472 524 552 520
596 498 487 431 482 521 536 556
509 477 447 493 459 492 444 486
475 541 453 433 531 560 531 494
466 492 484 452 501 552 534 514
498 461 544 443 414 497 483 486
529 522 527 544 449 570 466 512
575 565 557 499 442 457 487 473
471 491 474 479 504 460 529 538
482 500 561 532 565 531 541 477
499 469 503 522 509 440 468 453
512 484 511 417 504 459 529 531
522 538 532 479 442 529 513 409
431 448 497 444 526 480 562 517
495 517 463 558 542 510 577 441
532 548 520 494 418 543 483 497
539 540 454 460 472 528 543 520
482 494 555 455 531 496 520 501
541 521 503 591 550 511 531 505
472 431 583 482 524 551 482 489
521 521 501 458 552 531 507 532
370 503 483 422 522 461 557 494
527 477 533 557 437 525 434 495
510 456 487 560 536 541 565 487
540 476 550 455 467 570 524 513
493 485 497 496 527 568 466 507
532 489 533 445 592 514 498 471
489 530 596 448 496 455 452 504
480 513 528 450 479 489 413 490
449 491 498 425 455 516 536 576
514 474 463 449 541 446 469 495
551 524 495 525 577 487 546 525
550 506 472 458 492 460 443 594
463 481 505 572 527 556 507 501
509 549 464 476 537 556 442 481
520 524 548 558 483 544 465 542
493 518 531 535 515 513 450 518
474 480 516 564 540 497 492 471
502 407 495 474 493 440 483 560
508 455 482 505 409 594 510 510
531 522 558 568 467 422 432 588
457 560 457 552 551 509 475 546
478 562 477 555 472 470 528 501
526 612 463 486 505 458 434 463
530 472 472 519 460 537 577 511
518 472 511 519 449 462 468 508
479 508 480 544 493 459 565 583
531 519 499 518 457 454 523 453
573 469 522 450 499 517 483 475
489 552 540 544 542 561 532 409
526 518 491 441 473 487 535 529
454 524 423 483 499 530 490 522
512 520 527 489 535 562 494 410
526 501 519 468 481 502 493 498
480 495 527 522 449 509 471 515
548 533 474 504 515 518 466 521
513 462 514 482 464 484 462 471
559 448 531 519 561 580 494 513
503 456 483 611 517 438 525 542
528 442 511 435 490 389 426 513
544 495 527 575 459 525 550 507
516 520 482 550 449 484 505 538
456 537 495 540 587 538 513 514
526 524 466 510 522 462 496 444
394 492 487 561 443 524 508 543
483 524 460 518 506 480 546 505
528 562 553 543 492 514 522 534
523 478 490 492 485 531 429 476
488 550 461 521 505 474 583 529
480 547 502 453 382 526 517 465
441 470 479 518 511 484 430 451
564 482 550 536 434 531 458 463
532 478 438 454 484 527 440 501
565 447 479 481 462 532 496 496
559 511 497 497 469 548 482 501
418 526 557 550 458 524 502 475
521 527 518 520 496 566 466 516
446 496 510 507 527 468 467 449
467 473 466 445 513 489 506 484
586 421 476 439 528 475 511 450
501 494 478 622 511 425 587 493
455 471 538 543 519 471 528 511
507 503 490 506 479 526 509 578
452 550 464 477 496 562 465 542
540 549 475 533 501 519 483 422
508 532 537 515 486 470 533 536
498 510 508 480 535 559 433 521
517 494 461 570 493 570 535 502
493 507 521 507 484 544 567 499
506 530 486 416 506 543 448 414
524 460 444 453 513 552 445 508
512 508 525 499 443 509 542 490
467 532 479 490 533 523 595 484
545 465 585 558 531 446 522 472
530 507 493 578 467 480 530 477
479 538 537 578 525 544 502 491
508 479 547 469 532 583 497 552
515 504 534 528 521 502 473 568
512 534 586 541 459 456 581 434
472 528 513 442 505 581 465 438
474 505 484 541 547 555 538 491
479 502 542 465 513 542 546 526
457 491 497 425 465 557 482 441
520 547 430 493 465 468 461 510
496 556 458 560 501 504 467 517
555 465 545 472 482 511 498 496
499 581 506 456 451 488 576 603
538 451 463 453 464 404 523 475
575 516 529 428 480 451 434 523
503 438 552 525 474 522 506 476
471 528 513 440 531 450 478 534
494 536 577 471 525 535 550 505
464 439 530 541 540 526 458 538
424 531 458 455 443 426 537 446
513 560 455 526 455 478 461 471
525 504 445 448 554 436 559 468
502 509 481 523 490 465 468 487
564 501 476 451 498 478 412 521
531 521 573 516 488 522 533 497
511 496 555 551 491 469 497 434
531 536 459 534 491 576 595 491
440 551 571 532 502 545 455 544
472 492 552 551 494 474 506 465
549 473 460 535 514 476 478 491
464 507 492 434 483 557 463 476
484 496 445 469 492 525 520 510
510 461 423 443 514 519 461 567
566 465 504 543 560 509 481 523
520 569 531 520 499 522 414 511
526 436 458 425 521 533 443 488
460 522 461 464 517 593 467 473
488 523 507 474 482 478 456 540
485 521 475 504 543 559 539 464
441 499 520 569 497 532 511 451
526 495 535 445 533 495 480 563
533 532 495 454 449 487 444 481
498 486 508 408 532 495 523 485
494 456 510 471 510 534 507 578
517 498 508 507 526 477 514 463
506 526 535 485 548 491 452 505
529 472 445 500 496 469 553 533
540 448 489 481 485 541 477 474
541 572 552 464 419 469 495 513
480 546 523 500 443 546 498 429
549 576 491 459 545 557 528 417
474 464 523 559 500 494 441 447
500 557 480 477 456 449 538 490
533 426 486 560 454 459 495 500
512 495 502 500 463 482 446 507
465 522 521 416 533 527 504 412
425 532 479 512 387 519 471 469
539 485 514 466 578 468 532 479
506 492 490 488 464 516 509 497
553 533 472 505 542 495 501 484
481 535 509 525 506 481 458 486
522 518 436 572 474 496 508 567
466 467 461 509 522 507 574 486
508 429 405 521 521 454 497 524
488 467 497 580 532 482 536 511
503 513 514 447 510 486 498 463
516 508 499 511 514 537 442 567
503 485 536 498 566 508 539 502
487 528 560 549 526 534 541 541
545 421 473 531 529 420 490 436
449 502 475 480 483 510 533 462
493 512 488 529 502 548 457 600
476 556 546 568 532 472 382 470
543 509 459 451 453 481 494 561
511 476 515 468 560 440 524 446
483 526 518 492 504 438 440 522
571 533 510 540 506 536 516 505
437 515 514 531 495 513 480 563
480 477 502 433 465 436 566 516
479 461 583 435 501 553 475 460
447 533 472 462 430 474 532 525
498 477 471 440 514 504 496 512
531 524 421 486 512 497 476 491
571 553 503 484 521 537 514 457
502 506 456 506 525 522 554 446
510 480 535 541 447 486 461 496
498 552 520 542 538 458 502 538
556 530 431 518 497 528 472 504
487 551 525 490 475 483 567 492
581 507 454 545 418 504 593 568
557 538 548 467 532 515 555 567
482 442 502 560 443 491 422 473
515 499 466 560 483 424 578 543
513 461 458 505 506 443 460 519
450 544 485 546 477 527 510 568
474 583 558 473 477 514 531 461
451 431 561 499 429 489 533 516
576 508 488 512 561 526 495 458
494 448 517 516 460 468 533 498
522 476 468 488 453 477 538 475
563 538 536 514 472 456 454 508
596 519 560 494 477 532 480 488
504 457 510 494 448 502 529 468
593 449 465 523 502 461 528 454
530 549 526 508 474 462 530 531
477 508 582 484 517 515 527 570
550 466 509 412 486 423 446 513
588 519 571 412 453 468 471 539
458 462 472 410 482 516 490 501
507 479 483 490 504 479 451 513
435 471 481 461 467 522 569 437
483 503 504 434 504 500 520 453
498 465 511 567 532 481 510 507
447 586 523 539 468 451 479 504
493 459 530 476 557 492 486 493
496 512 454 574 531 553 451 516
538 559 430 464 486 514 455 549
460 422 506 482 502 494 556 527
496 446 482 481 439 531 444 444
470 454 484 443 485 489 515 511
491 514 489 555 471 477 500 469
551 525 528 521 529 472 520 457
462 515 498 510 477 470 486 502
486 533 487 436 517 547 518 534
466 513 523 498 450 504 555 480
585 493 515 459 413 536 524 385
491 484 535 528 461 539 498 504
518 534 430 464 445 522 590 456
467 529 546 521 513 442 487 497
570 495 496 491 457 581 467 463
513 464 517 557 452 486 480 511
531 459 502 478 513 461 495 529
498 528 493 534 456 462 567 503
565 555 511 457 526 474 476 463
489 493 474 441 495 446 521 470
427 450 501 515 511 452 537 543
534 532 505 525 557 506 491 472
448 570 513 569 533 528 569 502
483 456 468 452 491 439 435 422
473 490 422 477 560 553 506 480
459 494 496 536 520 504 498 465
404 526 473 536 487 493 469 551
504 453 479 439 499 444 439 581
584 499 547 479 476 522 529 496
552 558 539 499 568 553 482 510
509 404 482 508 525 544 517 458
494 573 559 487 496 528 462 504
541 460 555 497 479 434 515 513
449 407 483 440 422 499 487 465
458 512 506 548 493 420 472 461
493 445 444 449 487 525 482 484
556 552 494 466 527 500 554 512
473 474 535 483 466 572 455 448
518 481 513 487 506 498 477 530
488 504 519 473 498 541 497 519
493 517 479 501 537 554 493 497
497 530 424 550 451 481 538 500
502 507 511 490 494 546 544 592
560 527 534 523 507 450 513 473
519 537 438 535 492 537 533 463
483 518 443 494 557 537 563 478
471 519 477 452 553 540 492 520
565 470 557 457 455 507 481 496
490 538 483 450 496 596 454 506
449 438 475 534 555 504 494 521
476 495 529 436 477 493 518 435
427 417 468 529 518 535 493 493
495 481 601 515 466 491 536 423
489 544 524 482 535 496 461 492
553 518 499 439 486 531 536 433
458 490 485 525 438 472 533 537
442 524 443 524 528 507 461 421
557 441 473 489 501 521 517 508
492 464 540 515 528 491 529 402
543 492 482 479 474 501 509 564
501 453 590 498 494 479 444 549
452 540 489 523 488 513 500 501
550 501 456 436 477 526 524 532
516 515 470 523 560 495 526 477
542 527 505 462 514 566 505 592
449 470 472 501 537 479 501 523
506 503 497 557 469 562 477 527
523 500 502 518 492 475 545 488
502 492 512 529 472 408 588 453
510 463 498 427 581 492 495 533
472 432 554 418 509 441 516 524
493 477 469 499 483 462 488 483
611 486 479 528 576 467 494 472
549 529 526 467 505 544 564 489
523 541 511 545 423 525 503 533
587 531 436 460 529 531 570 537
463 591 487 512 473 530 562 558
503 500 531 491 541 555 516 479
499 556 620 533 477 473 502 538
449 506 526 532 504 443 561 558
508 484 494 489 509 517 449 439
490 506 446 512 543 481 539 466
519 457 492 451 497 522 554 469
483 429 523 464 465 495 549 463
546 530 502 536 499 455 500 494
454 541 469 436 464 516 545 511
506 591 464 478 489 454 475 571
494 514 459 493 548 478 574 516
558 539 531 520 516 551 473 519
446 565 533 521 479 500 519 410
520 484 555 531 527 547 535 592
522 558 565 499 541 526 492 541
529 608 533 540 555 521 509 505
442 487 569 530 494 554 562 510
599 511 492 513 513 523 503 543
456 508 495 520 421 519 505 437
516 500 557 509 523 546 527 484
534 506 483 512 447 478 447 499
447 514 541 533 448 444 475 496
440 473 473 483 414 442 478 467
493 481 504 438 491 437 522 539
465 495 518 486 504 467 562 496
488 530 523 435 543 491 427 490
460 517 533 500 476 461 517 494
447 530 469 523 479 472 507 582
517 469 533 489 559 440 567 527
464 453 539 481 453 507 521 520
453 475 505 454 491 500 500 422
481 471 472 557 519 479 554 558
493 469 522 442 506 484 430 554
458 406 489 439 566 474 585 424
588 491 482 492 532 463 532 472
472 488 527 462 576 477 587 462
594 542 566 445 464 461 498 528
540 520 525 557 500 483 526 520
445 507 602 502 542 492 566 525
477 540 575 525 504 528 512 536
487 462 544 590 518 502 617 545
541 513 480 485 492 444 491 506
489 513 497 507 475 487 500 470
496 475 543 490 520 477 492 496
450 434 446 527 521 489 431 530
476 510 513 549 501 353 525 466
439 462 409 529 454 532 495 493
524 386 526 507 541 483 515 468
525 531 394 513 461 492 490 508
518 489 476 474 442 425 550 443
564 456 527 547 484 497 508 507
470 437 510 516 473 548 478 531
530 434 533 405 510 469 504 548
522 523 539 481 522 505 481 513
470 524 446 555 485 518 482 469
496 562 501 467 429 503 505 467
523 508 503 513 452 510 499 545
477 526 499 538 599 512 477 507
520 479 490 486 559 502 519 458
449 449 509 468 465 524 539 474
357 445 431 563 488 455 568 446
506 467 441 460 546 492 533 475
471 483 542 476 462 445 478 442
585 511 440 522 473 501 453 491
512 488 536 541 561 445 509 562
479 547 507 464 479 509 478 545
528 485 446 504 575 544 540 531
571 510 577 509 488 562 503 514
512 528 504 454 529 512 487 468
528 463 476 422 488 538 500 458
567 521 471 513 490 426 521 476
568 550 460 442 484 532 526 566
506 442 486 449 541 521 476 496
555 554 492 483 540 474 464 510
495 482 569 495 490 487 505 489
501 433 454 561 542 546 495 451
539 535 467 611 523 533 453 583
506 523 496 518 443 535 518 437
545 500 561 471 430 511 518 578
475 518 543 510 509 446 538 499
592 550 480 476 449 499 541 520
551 476 545 498 551 440 472 472
532 436 495 546 529 501 561 517
511 489 572 564 515 515 508 503
494 521 471 469 466 536 422 570
476 451 498 458 475 481 496 417
517 475 422 504 574 430 492 504
553 457 540 470 532 543 484 450
512 505 453 515 497 498 504 499
478 524 458 578 390 532 535 488
452 503 462 487 464 539 497 546
498 429 507 556 495 451 486 455
538 454 460 497 550 462 491 482
485 413 445 467 512 477 438 486
513 563 513 460 500 488 443 501
556 552 391 493 483 489 504 447
489 489 572 449 503 427 553 484
508 487 444 509 512 462 505 494
563 536 532 509 503 478 462 540
455 496 450 488 481 524 453 396
515 539 476 503 490 485 524 520
528 500 507 501 513 494 446 505
511 508 546 526 534 455 526 494
462 542 443 435 489 609 507 539
505 467 533 454 521 415 455 566
565 463 529 539 522 497 422 566
473 538 543 486 512 507 464 498
516 558 561 454 541 417 489 452
538 519 436 468 507 496 486 489
437 557 544 531 500 513 556 478
494 420 506 502 480 522 513 553
458 478 532 494 498 592 450 496
470 539 476 514 530 530 510 498
469 499 507 521 494 573 494 547
602 572 529 489 553 458 467 516
512 509 539 482 557 528 480 549
543 514 455 442 502 447 562 587
470 570 512 497 553 534 483 522
533 595 523 516 536 475 530 460
595 511 498 576 470 475 493 482
567 458 517 464 443 413 543 460
476 514 530 464 522 566 510 474
449 506 500 536 520 477 442 444
505 498 501 476 526 520 562 509
502 517 485 537 512 515 540 567
508 487 519 477 482 568 494 459
486 474 485 434 492 475 549 541
479 440 473 537 494 449 500 541
486 478 474 487 508 552 509 533
510 463 554 465 476 527 517 459
447 537 541 504 461 500 552 513
474 532 578 585 521 498 440 470
551 531 507 467 530 524 521 470
473 448 412 479 509 481 545 448
553 533 450 603 491 460 461 481
486 477 512 550 473 511 543 480
472 507 372 497 581 482 566 516
491 509 518 475 442 489 472 525
527 482 521 517 410 539 445 491
564 533 447 503 502 511 445 587
518 505 538 493 525 470 474 522
500 498 515 453 396 489 445 514
544 492 443 495 466 546 500 548
467 499 470 520 488 471 443 534
525 478 470 519 550 357 545 513
520 483 460 512 434 552 520 459
524 440 525 531 502 523 461 399
529 540 550 493 459 403 632 527
516 474 508 508 483 514 500 564
434 483 503 503 390 492 521 389
552 528 590 463 465 452 486 486
419 459 531 469 563 440 525 467
511 502 522 418 526 504 499 555
563 562 445 540 484 451 494 447
491 529 481 513 554 514 574 516
449 476 499 510 539 459 490 514
514 574 431 525 512 512 564 476
445 439 478 511 502 566 450 502
464 468 520 539 498 470 455 488
493 532 449 575 613 507 509 509
523 466 506 494 483 540 468 538
516 541 496 483 498 539 559 534
416 545 501 501 403 472 527 456
398 497 458 521 537 505 489 476
503 469 506 542 493 508 519 478
502 472 465 526 454 499 488 467
514 439 455 463 450 476 501 498
505 486 500 552 425 511 490 484
466 419 499 450 527 466 474 483
521 528 525 475 527 442 523 515
521 468 491 551 438 508 483 494
512 456 521 457 490 433 499 446
514 578 484 461 486 509 452 493
577 524 461 506 487 476 462 575
403 536 479 557 449 521 542 504
512 466 474 485 510 444 423 465
520 472 476 514 500 508 517 484
452 438 434 527 434 528 478 516
520 494 515 512 543 445 507 479
476 479 551 444 493 473 534 460
489 537 538 493 500 525 496 468
442 507 455 509 457 508 476 470
582 488 553 429 470 548 478 525
431 497 479 519 459 462 520 498
544 451 520 489 435 500 465 486
424 446 539 524 468 517 452 452
479 487 447 486 532 541 464 481
447 491 414 518 510 502 521 447
538 518 482 544 511 504 496 512
529 415 446 500 497 457 517 425
535 529 474 494 476 485 527 521
500 424 569 515 486 560 460 462
564 513 502 515 522 480 443 550
510 533 463 514 422 468 493 496
552 442 495 510 541 429 521 520
411 542 566 479 568 508 417 488
526 513 547 495 429 550 487 587
504 524 454 403 507 506 492 502
521 503 556 510 551 542 563 510
556 500 485 458 464 426 579 523
571 479 449 503 488 545 491 487
593 427 489 527 479 480 552 586
541 474 571 530 523 436 484 546
487 520 505 516 489 539 570 437
489 530 551 470 507 406 481 581
500 422 536 496 522 516 509 468
435 504 536 467 469 519 576 570
458 525 507 518 497 480 547 463
512 567 500 524 550 466 458 464
582 485 503 476 469 483 547 513
521 483 529 516 446 519 459 538
500 464 520 462 515 438 510 518
461 460 464 453 504 479 465 507
445 510 551 593 465 465 446 567
572 567 474 569 490 429 428 521
441 534 541 573 482 464 469 496
474 493 546 492 465 501 452 499
552 472 466 493 585 499 450 524
524 558 512 451 447 486 551 466
516 477 516 559 510 475 518 588
484 515 539 540 530 515 559 548
482 518 514 484 421 535 481 488
513 464 518 556 509 548 473 522
498 417 546 498 518 492 490 489
482 488 476 474 453 609 474 511
450 496 462 472 472 510 472 563
505 424 515 575 512 520 488 525
612 581 546 693 541 570 559 665
637 571 561 610 612 597 555 596
632 609 544 629 515 650 609 556
629 602 588 592 632 557 620 582
608 514 621 608 602 596 630 508
627 645 634 649 611 590 682 573
587 555 626 634 663 599 568 615
551 630 626 580 612 579 602 605
614 582 600 617 549 634 640 615
585 602 517 634 596 618 615 561
602 596 682 521 647 625 646 627
646 578 636 602 677 690 657 582
605 604 666 607 535 645 501 562
563 625 685 617 568 613 628 587
634 605 580 589 619 582 589 602
637 544 563 665 651 564 654 623
537 675 585 612 587 605 570 647
552 607 569 581 593 621 566 595
666 532 630 617 591 583 578 622
603 651 609 598 642 645 588 551
634 625 607 556 621 560 572 626
574 601 627 658 576 599 661 569
634 603 620 606 538 621 554 600
608 668 621 597 562 577 584 683
549 604 663 588 564 544 575 575
671 575 564 666 617 544 571 615
577 523 642 615 557 631 547 565
593 600 575 655 680 612 635 608
622 553 604 662 612 577 660 625
621 574 615 601 574 650 565 577
647 608 618 669 643 648 649 554
530 559 573 591 593 610 524 603
545 606 641 598 598 624 658 606
586 583 680 616 653 626 637 590
604 598 586 715 653 652 533 573
634 534 616 613 560 582 548 645
548 650 529 651 638 544 616 635
591 558 542 603 553 612 661 673
562 607 561 610 595 638 566 605
632 602 600 607 610 609 585 548
613 634 582 600 623 603 662 542
578 594 580 598 581 576 621 654
574 592 605 640 523 583 607 573
600 632 596 533 583 615 618 562
640 623 609 569 652 510 576 602
616 698 554 586 651 585 603 557
555 616 583 565 563 566 615 620
606 573 490 578 522 624 616 577
564 493 645 612 602 564 645 606
571 510 595 597 585 579 664 596
562 639 594 599 653 607 620 597
660 640 674 596 511 577 598 594
569 543 606 643 615 538 541 598
618 579 577 536 625 600 588 604
541 535 572 621 602 588 626 525
691 621 588 552 628 561 556 618
571 568 616 540 616 584 540 603
623 614 573 664 584 627 608 635
599 607 613 622 552 568 691 579
558 638 515 576 619 478 634 614
555 552 595 546 565 655 596 584
488 626 574 573 585 554 620 656
609 638 630 633 613 630 606 598
558 660 592 558 562 603 592 609
572 599 618 618 583 651 649 611
548 549 540 583 608 625 536 561
600 526 569 521 709 605 607 573
576 605 647 649 661 597 614 546
694 680 623 521 594 516 685 653
652 577 610 557 620 547 564 579
666 602 654 648 615 614 588 611
631 537 639 602 658 649 560 571
608 587 605 619 587 593 561 504
620 567 584 594 631 552 631 627
602 552 589 554 612 664 627 545
587 688 533 609 615 587 627 610
578 565 647 548 593 580 550 606
609 601 629 579 604 598 587 656
526 644 623 652 651 621 601 573
580 586 604 542 626 586 587 525
595 568 488 662 574 629 539 661
586 513 577 681 631 624 574 553
570 590 575 622 642 659 550 511
605 583 645 708 581 593 671 614
662 545 585 631 566 517 575 637
576 598 643 619 573 662 643 553
484 581 632 631 631 528 658 610
615 645 668 553 599 615 643 645
561 656 544 650 614 622 615 592
535 620 628 646 606 596 564 603
610 554 594 643 507 657 622 639
629 655 650 645 620 585 601 616
602 494 629 622 581 573 554 605
552 680 531 577 579 614 651 605
586 586 621 608 639 592 632 611
581 533 566 541 637 600 598 615
611 574 588 675 624 531 631 644
634 573 653 615 622 538 645 564
590 543 626 616 533 667 586 576
610 526 580 599 657 641 644 549
660 625 663 605 680 597 645 645
588 584 568 640 648 589 582 621
514 589 576 658 625 585 558 518
629 666 624 622 514 595 638 639
613 595 559 660 640 640 622 636
618 547 651 608 560 614 572 655
603 581 595 598 622 656 597 590
587 555 610 584 579 633 583 596
553 544 598 572 611 556 582 550
625 616 590 570 502 620 578 648
611 560 558 658 605 568 634 573
651 654 560 609 555 597 634 613
589 646 621 587 587 618 584 581
547 610 590 591 630 572 607 658
595 529 577 537 564 625 633 646
588 630 600 619 619 596 613 618
582 640 619 535 548 658 554 604
623 579 626 638 668 657 588 534
619 577 550 614 613 570 584 679
596 526 505 594 601 685 695 655
610 603 644 609 583 698 641 620
606 538 576 571 587 604 566 646
617 595 576 600 609 597 592 580
592 619 624 576 648 548 645 519
551 654 525 613 577 533 639 631
541 615 590 472 611 635 675 672
550 610 586 531 624 616 627 563
636 629 653 554 571 634 572 622
559 529 637 558 698 633 625 600
573 551 654 582 608 595 604 564
622 653 624 574 585 642 625 646
622 657 578 650 549 631 616 671
709 582 545 628 655 661 551 539
645 621 626 587 656 550 534 596
620 625 577 592 514 636 563 675
634 593 604 564 593 631 614 594
657 615 517 602 611 532 543 583
545 655 622 621 565 594 557 686
595 623 646 506 565 634 622 581
595 571 617 547 637 601 607 583
579 618 549 640 589 613 577 628
606 612 658 580 547 529 617 550
597 578 535 548 633 633 627 595
571 587 543 549 600 671 705 632
556 631 643 669 569 550 613 574
640 622 611 666 622 598 624 639
593 609 651 606 562 598 647 611
618 592 625 647 637 546 649 582
582 609 512 585 626 602 512 633
542 591 536 629 603 561 653 583
575 588 635 576 607 619 593 579
630 616 537 580 562 630 529 604
617 609 646 576 631 610 577 592
604 585 542 547 644 599 606 613
551 656 661 540 557 606 649 558
677 606 624 543 581 582 532 599
590 646 667 591 624 689 635 630
637 639 618 620 618 580 583 620
681 573 630 513 579 668 635 569
532 598 604 616 618 636 636 628
589 582 557 607 624 615 575 549
528 544 663 528 577 645 532 551
596 634 585 616 597 592 619 555
630 686 518 630 592 563 619 562
596 569 528 550 612 656 669 600
566 614 598 660 581 597 628 652
548 540 661 690 631 570 623 686
620 594 627 606 613 625 693 648
582 551 595 602 552 587 593 563
677 593 620 578 593 578 610 604
578 620 594 663 528 576 606 557
642 608 592 579 562 668 614 616
563 619 651 645 664 621 554 624
690 580 619 548 591 603 624 678
596 665 677 627 654 561 620 669
586 543 528 572 625 577 570 625
553 585 565 621 662 600 591 635
663 630 612 637 678 682 563 578
637 573 592 633 568 532 607 595
598 606 621 722 695 595 589 611
622 535 566 544 587 631 612 605
549 558 583 590 613 551 557 581
672 651 616 539 621 655 554 642
632 625 573 596 660 610 556 560
544 554 606 607 665 579 609 600
601 642 620 592 604 637 579 599
665 515 572 678 567 604 690 589
628 548 621 613 667 561 674 563
545 643 631 645 603 588 634 525
690 631 639 544 625 615 622 620
607 632 551 598 626 681 594 572
633 609 608 623 661 631 623 569
570 551 582 590 651 659 599 620
543 583 607 640 554 631 556 533
609 596 523 600 651 552 589 569
597 577 618 613 572 655 601 530
614 641 617 606 623 573 596 686
598 613 593 593 522 616 592 595
580 575 661 643 579 642 657 627
578 663 553 622 555 632 590 653
642 669 572 597 573 595 647 576
663 570 604 578 560 577 534 643
570 586 531 636 579 537 654 597
632 627 617 610 575 574 632 639
643 639 575 615 538 627 545 605
575 610 619 707 550 609 615 615
530 533 591 606 594 619 544 595
619 626 529 596 567 498 563 607
594 539 571 597 547 623 596 668
566 571 609 630 572 646 616 621
585 576 585 624 607 602 604 558
542 583 591 609 618 583 586 668
663 720 618 560 607 635 670 580
554 629 524 621 658 621 643 609
653 535 594 601 625 538 637 565
590 519 571 576 635 581 635 564
583 598 632 599 604 630 549 652
619 610 622 673 600 607 539 597
610 570 670 672 567 593 571 606
620 638 587 573 634 580 556 617
590 612 624 596 563 579 631 552
563 645 658 669 582 592 629 599
581 614 614 607 517 651 528 631
615 563 584 528 584 633 549 530
591 647 621 658 647 507 617 606
577 556 611 623 635 607 585 614
587 559 586 582 574 597 513 592
555 600 582 524 614 550 545 646
658 636 568 583 587 673 599 618
606 552 614 610 571 595 583 652
573 532 607 653 592 624 514 566
603 583 614 711 569 598 568 568
628 668 587 558 552 585 619 587
644 662 602 572 592 576 623 634
688 607 638 598 606 613 643 535
640 545 638 556 633 615 539 566
638 562 605 644 632 635 631 560
583 574 553 569 585 623 581 636
594 596 504 552 631 631 564 656
632 626 638 663 555 644 606 595
607 568 642 567 656 618 658 668
602 643 598 608 584 579 623 576
630 664 617 640 624 629 596 592
628 568 645 595 662 618 549 617
677 579 651 602 589 587 574 613
621 602 558 605 648 649 589 642
549 640 601 622 651 656 638 640
541 639 560 579 620 518 646 559
602 589 661 577 601 549 592 574
585 583 544 573 580 514 641 632
588 570 596 608 645 621 581 609
564 552 619 595 671 613 495 570
622 589 592 549 583 558 587 577
581 673 596 563 636 635 604 647
574 629 662 575 608 569 543 632
485 577 641 539 575 561 577 572
641 673 584 592 570 605 654 533
561 546 631 590 593 578 643 581
593 592 573 636 526 631 560 565
534 621 580 592 632 606 622 552
573 525 664 648 547 613 619 588
581 579 582 586 611 617 532 586
699 594 631 566 591 624 608 646
613 603 679 617 602 562 630 617
556 561 622 603 478 664 643 575
581 629 549 638 615 651 618 607
663 587 632 627 591 629 565 658
553 578 541 619 628 626 575 627
572 632 613 639 600 647 597 603
555 662 553 595 675 493 545 631
652 612 591 656 560 561 636 624
588 557 559 615 569 627 533 631
519 595 548 660 580 561 608 658
658 664 660 596 671 560 619 604
579 627 595 557 602 580 591 552
601 582 608 597 586 657 589 540
626 527 565 662 581 594 524 596
640 602 546 612 686 548 546 578
586 658 573 587 577 676 631 597
628 563 575 640 596 548 569 612
637 601 636 651 571 614 543 618
505 565 598 603 640 605 642 645
593 580 599 699 606 561 662 603
569 612 693 495 581 584 546 586
638 595 606 644 608 578 622 575
628 572 574 561 584 541 621 646
572 654 567 621 660 640 603 575
596 675 590 581 629 613 635 555
547 644 636 593 564 574 543 614
687 554 624 646 638 656 600 623
644 605 573 610 631 636 584 581
599 702 574 638 645 534 658 547
609 547 571 581 630 579 596 685
566 675 630 634 539 540 557 550
675 634 596 605 577 599 616 532
560 599 613 562 667 603 555 623
566 653 648 596 576 630 611 616
640 562 581 616 609 615 597 642
642 603 558 553 603 557 649 607
592 599 587 610 606 588 585 549
636 664 571 649 572 618 545 588
570 617 658 643 630 632 579 606
570 633 539 576 619 643 640 589
542 608 566 579 623 614 680 609
675 605 611 544 668 503 587 557
660 604 561 581 623 588 622 609
566 607 562 582 579 537 644 612
555 586 589 557 627 615 516 547
546 616 658 571 593 620 601 645
569 610 549 572 629 626 670 653
672 602 608 648 570 619 629 544
597 588 615 540 601 601 644 635
617 679 645 644 596 517 591 601
599 621 604 627 607 601 601 579
561 584 692 565 668 551 560 711
627 626 570 546 557 521 642 664
603 659 586 657 664 618 645 613
592 566 625 594 696 627 545 552
520 616 593 574 685 624 587 602
630 640 566 596 569 538 596 622
644 543 521 655 564 629 574 587
548 536 568 590 583 631 579 591
621 586 592 625 637 578 614 609
602 617 656 636 560 590 666 664
571 618 618 548 596 603 538 648
579 564 573 561 554 635 641 561
630 564 595 583 571 643 638 605
617 665 661 565 592 591 597 553
637 600 581 614 615 610 634 543
609 617 600 617 614 571 596 582
556 602 676 619 600 669 642 613
650 590 582 564 621 606 614 674
563 620 597 628 654 624 508 546
575 646 672 554 623 591 606 605
663 580 546 608 608 584 575 713
574 580 624 583 653 607 595 538
564 621 589 669 641 591 723 653
607 635 661 593 656 534 625 583
621 578 633 599 597 611 573 573
669 618 673 662 498 616 612 640
674 544 614 575 640 626 591 555
617 626 586 604 631 563 536 659
550 508 595 544 597 595 651 661
595 620 624 577 552 575 626 675
596 678 611 628 551 622 573 594
556 548 629 619 606 602 553 600
579 635 611 580 603 585 630 575
635 668 579 552 606 614 609 595
537 585 575 597 651 567 614 672
597 634 595 593 592 617 672 609
587 606 501 569 613 611 607 608
582 651 654 570 604 584 604 666
601 565 603 607 625 587 553 578
609 566 619 566 610 643 613 551
655 642 608 564 578 594 579 552
589 608 612 577 633 577 564 611
654 610 645 652 603 581 574 589
647 577 657 572 578 621 538 561
595 600 558 580 581 642 560 594
552 551 659 625 568 623 607 600
639 566 655 560 552 606 565 611
613 594 649 622 613 604 671 623
621 535 652 652 642 636 573 598
566 668 636 622 543 590 580 624
596 648 575 583 610 621 538 606
590 655 628 593 626 608 611 647
626 592 582 603 603 578 615 667
638 592 566 650 584 614 648 560
639 600 508 633 554 527 637 605
590 551 612 592 644 544 567 586
599 617 580 620 635 587 607 539
513 608 594 631 613 665 537 608
614 656 552 581 570 610 607 609
557 532 661 480 639 675 600 644
571 588 662 602 591 603 570 658
622 643 629 604 645 633 533 538
551 566 581 592 603 626 608 637
631 617 606 599 602 583 567 585
528 613 551 587 631 606 613 622
522 581 628 647 552 588 571 646
654 613 577 621 543 657 585 594
610 614 571 618 563 641 555 615
612 549 636 596 604 664 635 574
590 622 582 569 628 618 579 586
597 649 626 552 604 587 561 655
635 567 548 616 629 598 625 579
656 572 604 552 554 649 585 681
594 574 656 555 599 532 587 609
551 620 545 580 618 617 592 585
590 695 559 594 629 554 546 613
582 531 591 609 583 620 538 620
654 680 636 668 571 549 607 569
601 549 615 623 623 647 603 573
527 584 506 556 647 603 646 555
594 675 532 543 608 602 601 622
630 601 593 632 544 667 644 656
620 531 632 553 584 593 585 613
542 548 611 568 504 605 629 577
628 599 587 615 549 591 628 525
575 595 627 630 539 648 692 645
586 634 604 573 615 606 638 610
521 666 590 593 627 526 625 556
615 575 641 630 534 563 566 561
564 539 517 659 624 574 600 592
551 592 555 564 592 608 660 615
582 595 556 612 540 580 502 545
566 623 583 666 649 541 638 635
568 533 599 548 680 583 572 600
617 595 678 564 588 593 560 656
668 571 659 587 546 637 575 586
646 610 605 612 555 603 664 632
655 607 651 564 601 601 633 563
584 573 617 611 595 628 605 608
496 584 542 616 568 647 584 526
661 634 623 579 584 618 587 593
510 663 622 551 519 592 494 639
556 592 629 595 721 576 626 608
601 516 563 654 602 573 624 539
643 567 607 683 609 573 589 624
546 595 559 642 663 607 629 630
596 613 605 568 596 622 586 596
600 682 570 536 640 567 572 574
637 585 548 639 598 640 561 626
561 549 552 613 635 599 699 557
554 600 573 601 598 585 614 546
632 567 598 571 578 571 606 624
581 579 664 655 551 545 581 563
629 630 580 597 592 620 607 571
590 586 681 589 601 603 579 595
591 588 612 585 607 582 542 611
582 565 614 642 546 557 593 616
659 630 595 589 588 635 600 628
581 478 620 537 647 553 641 634
575 604 670 630 548 612 637 594
521 542 580 551 610 556 587 598
605 699 635 556 629 597 519 626
592 629 648 616 598 658 631 633
579 616 682 547 591 584 592 636
589 538 619 592 624 582 595 661
615 644 582 643 572 515 556 644
637 570 615 611 639 542 561 528
652 638 579 635 600 641 618 589
620 632 621 656 642 633 565 626
651 585 592 645 609 659 586 604
554 579 639 582 594 598 608 509
551 595 639 604 617 566 614 564
619 554 554 646 571 587 517 629
622 676 535 641 625 583 546 670
565 583 589 550 604 557 599 586
650 660 628 666 686 536 583 635
556 532 661 588 610 590 553 631
600 629 535 546 670 649 641 565
619 525 608 618 692 559 605 571
493 593 545 535 591 621 562 569
615 590 579 641 617 578 564 587
585 590 617 627 615 648 630 633
563 561 643 645 564 616 587 560
616 628 534 547 646 573 591 563
595 605 568 638 586 614 583 592
542 683 508 630 608 564 630 569
559 543 586 602 556 694 566 492
651 610 616 604 590 601 617 597
601 506 617 613 606 605 658 584
611 596 589 628 573 570 666 544
601 622 590 607 545 531 578 596
563 626 599 569 665 587 554 651
645 625 612 574 575 601 586 621
609 571 631 622 585 618 611 647
614 586 554 663 621 538 658 577
527 556 631 597 559 525 610 564
596 589 585 549 626 575 604 648
642 700 637 635 687 682 557 617
588 608 588 639 584 615 624 589
677 629 645 564 696 605 595 632
561 608 581 570 539 631 588 581
645 591 516 639 601 574 648 596
609 660 611 609 637 601 622 686
621 636 605 620 595 627 635 655
543 677 545 576 553 588 652 605
615 585 595 530 610 595 549 601
549 639 635 573 565 626 621 595
575 617 559 620 547 569 637 608
619 630 527 599 656 621 574 664
603 545 568 619 585 614 579 552
579 640 603 623 605 580 600 689
648 603 633 585 655 624 624 612
628 612 547 636 623 598 602 656
600 622 684 611 623 496 553 578
612 672 576 637 560 535 544 601
546 638 643 675 544 645 559 586
584 528 623 590 626 567 581 603
576 629 641 600 626 578 576 661
613 557 581 556 618 529 569 603
636 645 539 623 578 513 570 675
578 556 544 623 623 559 636 581
629 635 560 577 614 663 697 566
671 657 650 543 624 584 582 598
588 602 540 600 605 557 568 605
594 597 623 612 557 557 543 656
585 572 573 561 630 583 561 608
538 603 645 602 621 648 648 531
642 628 572 550 605 593 547 554
520 655 655 646 619 558 609 613
591 542 580 643 621 603 579 634
596 591 559 587 602 602 653 568
553 553 671 618 632 597 671 656
621 593 588 631 566 568 569 591
659 622 554 679 636 665 608 468
695 607 683 639 664 539 523 587
587 661 619 574 577 641 589 580
542 602 539 594 584 629 661 611
553 577 540 625 614 576 586 590
594 646 635 575 643 513 578 592
560 657 579 617 612 625 627 601
590 542 582 626 647 589 617 633
565 543 524 576 654 630 622 607
606 556 595 659 593 579 558 591
678 595 632 639 611 595 595 564
522 644 568 673 635 604 646 558
617 606 630 580 532 552 688 578
517 607 524 589 588 591 579 583
600 626 627 587 625 644 687 584
658 566 618 569 573 525 588 592
531 544 536 555 522 617 596 566
592 643 604 659 600 656 534 585
589 645 578 628 601 663 728 636
573 594 530 603 571 605 593 569
603 668 611 645 610 603 563 552
564 629 654 649 659 502 552 594
602 633 558 539 572 572 615 626
529 566 571 602 540 533 598 596
586 611 579 577 644 589 574 596
594 618 585 524 601 564 524 583
596 620 579 614 638 638 657 608
556 650 563 620 541 595 640 590
666 614 606 496 587 576 533 578
556 586 579 660 561 664 646 572
610 526 640 585 640 609 651 587
578 607 614 674 645 652 608 628
610 651 586 627 670 558 505 631
581 543 592 555 659 615 514 575
538 619 702 585 647 640 596 600
601 619 577 622 590 642 556 644
586 610 675 546 622 664 646 562
560 582 627 667 634 626 546 654
579 576 574 625 569 546 624 585
604 563 573 589 674 579 658 630
571 652 575 614 547 644 649 688
640 659 623 573 625 631 629 592
639 582 609 550 676 654 606 642
626 601 597 617 646 612 622 649
592 605 603 581 607 598 580 584
572 625 634 558 569 521 626 540
650 636 555 578 587 662 577 571
592 589 606 589 629 572 628 631
596 550 598 635 596 556 581 630
608 677 561 571 635 517 681 581
588 664 552 600 552 603 623 563
626 524 650 557 588 678 578 599
659 588 595 589 563 554 477 593
629 652 567 593 632 610 604 685
628 619 645 619 610 589 600 635
544 606 570 694 577 637 698 638
542 566 589 688 542 563 546 603
611 621 610 663 594 598 575 624
576 564 520 606 586 626 582 628
565 615 607 607 593 610 581 555
623 579 600 563 573 547 662 575
607 580 641 622 630 625 599 558
673 664 629 582 631 644 620 509
503 639 662 579 609 629 576 632
595 589 634 607 706 613 644 608
539 582 577 599 634 634 572 582
592 626 605 527 622 630 577 643
516 638 590 597 613 580 613 601
564 675 576 554 595 577 592 525
628 570 494 592 601 566 607 589
508 542 588 533 579 601 610 607
622 540 631 620 519 623 707 627
571 568 664 547 568 488 587 625
556 584 573 591 606 614 575 633
606 550 571 625 637 592 592 636
536 580 515 595 633 550 620 581
602 568 582 582 622 574 596 606
648 601 564 592 603 569 607 593
611 651 547 589 605 614 554 540
561 639 565 614 575 669 570 600
622 612 604 536 601 633 611 592
628 590 642 561 594 631 606 672
579 663 628 669 632 536 595 648
607 599 572 506 645 609 563 622
576 589 565 549 623 632 559 556
628 592 486 608 562 625 641 632
626 553 548 596 548 644 664 653
630 633 639 636 548 678 613 610
653 594 580 561 584 611 532 657
615 586 676 601 569 598 586 674
564 609 571 611 534 607 616 595
665 652 541 615 581 625 619 572
656 591 559 554 603 644 574 545
604 528 616 525 606 583 602 568
519 560 563 565 640 528 629 601
563 580 584 627 567 628 605 601
605 618 639 677 670 563 629 601
597 598 553 626 586 572 572 608
605 625 539 574 616 635 658 604
622 640 615 579 550 601 606 561
617 605 681 632 560 585 615 634
560 568 540 681 638 582 648 555
570 625 592 605 545 628 622 613
688 588 583 584 552 599 554 647
656 548 616 577 617 645 533 613
560 595 641 531 628 597 617 634
601 552 579 616 646 566 628 636
524 557 656 592 577 573 588 644
603 642 643 585 580 572 568 633
592 559 590 683 604 630 654 621
665 680 586 634 600 574 638 567
602 598 569 617 592 672 601 604
574 533 547 552 607 652 612 574
619 608 624 590 529 611 584 566
594 534 614 587 609 638 603 618
619 624 584 586 597 676 586 561
717 619 575 582 581 614 574 596
546 569 599 646 576 556 578 571
547 568 543 586 577 626 606 516
581 630 611 555 626 553 550 604
554 564 613 563 662 639 599 606
550 486 644 602 649 593 624 579
591 564 628 588 587 627 597 602
564 647 619 590 540 523 624 598
536 573 612 617 585 621 538 695
568 634 613 579 643 642 645 506
602 577 630 550 593 595 609 618
581 632 611 566 654 552 600 563
581 557 648 570 613 624 644 540
596 647 647 597 609 574 661 649
650 636 635 532 535 555 542 667
551 514 584 568 580 573 629 690
580 610 580 672 625 593 612 565
667 628 614 626 640 601 585 595
602 573 630 581 584 579 609 685
592 680 619 663 564 564 623 687
554 613 593 561 601 573 582 631
603 568 599 616 558 604 569 590
594 578 647 637 588 584 614 585
547 676 636 589 646 522 638 593
595 563 611 567 525 625 647 517
584 626 566 588 586 582 573 613
586 623 650 632 608 562 601 622
578 538 592 529 570 573 543 598
668 537 612 611 603 595 604 651
595 589 689 594 696 580 550 547
594 577 606 581 611 657 662 611
589 594 587 662 559 601 679 594
527 634 557 547 602 541 593 559
497 583 604 599 676 607 535 632
621 611 577 602 602 591 615 576
630 614 554 640 585 665 669 603
570 648 534 633 597 648 652 603
623 636 637 626 608 634 579 590
523 605 639 616 590 623 609 630
628 648 694 570 619 604 580 657
552 594 604 593 677 601 576 610
577 622 602 537 635 592 600 617
553 598 572 512 600 603 599 479
593 564 573 544 591 595 579 573
633 584 594 607 559 580 574 620
575 584 535 566 586 589 655 572
553 612 554 650 594 626 640 678
520 601 603 617 566 659 594 629
660 624 646 571 569 563 603 626
645 597 633 502 596 588 623 577
615 653 554 588 582 570 617 613
582 704 620 640 648 580 587 557
607 630 546 648 584 652 621 564
608 552 577 600 598 551 598 612
617 663 553 675 590 589 584 590
526 545 560 596 516 594 579 540
612 594 562 574 580 614 721 643
624 575 544 605 529 594 581 594
665 584 612 634 645 598 634 584
627 612 600 568 589 578 609 596
534 594 610 599 544 664 543 580
587 578 683 664 612 584 624 616
593 557 563 571 604 623 569 593
639 592 586 626 629 622 611 616
546 586 563 607 630 627 558 584
594 544 592 663 590 619 615 579
568 568 563 589 593 688 640 532
564 630 650 645 531 686 504 505
576 635 673 613 546 566 641 590
630 617 547 528 596 579 607 638
525 555 578 564 673 591 557 577
566 624 625 593 673 560 644 670
548 587 597 639 599 649 567 597
516 687 580 641 603 648 530 652
617 582 617 639 628 586 496 584
602 588 598 562 630 690 552 646
594 577 608 536 598 641 625 642
623 564 523 609 591 564 554 681
593 561 679 597 580 607 623 519
621 604 663 620 593 683 657 581
638 602 618 604 604 564 632 599
558 593 559 590 575 627 626 641
610 520 666 645 613 544 613 565
567 578 580 534 648 519 548 577
593 539 564 619 544 616 581 570
610 612 530 541 560 499 577 589
560 562 617 601 593 556 547 617
654 577 538 557 573 538 604 568
626 549 595 561 558 590 658 609
616 638 626 673 645 577 568 668
697 645 595 570 616 595 541 589
578 609 592 584 650 646 669 620
631 604 565 603 530 586 634 539
583 659 653 613 582 596 566 641
610 605 568 587 561 576 679 583
588 629 561 546 533 657 571 578
537 648 647 594 592 564 601 588
628 546 573 627 578 615 648 579
599 559 626 584 627 642 588 662
524 633 525 548 603 623 576 572
582 590 607 557 626 545 623 602
619 626 561 592 652 618 622 595
574 620 606 662 623 651 526 554
675 547 576 609 596 578 601 651
639 552 685 628 586 606 638 551
656 634 606 575 582 567 625 665
608 596 530 494 572 576 589 648
633 564 564 605 567 607 590 668
585 600 592 627 629 596 570 597
567 630 566 683 600 590 586 602
643 560 601 520 613 578 675 558
577 541 569 600 625 568 494 593
589 654 653 635 575 594 617 523
607 604 533 566 633 625 601 600
553 556 606 640 634 627 584 567
521 627 602 532 596 550 567 652
658 532 544 661 668 596 636 642
582 513 634 612 543 622 595 583
586 602 587 648 671 545 635 639
612 605 574 578 646 608 593 610
617 563 573 609 621 618 604 616
640 548 610 610 614 584 614 593
622 661 598 624 616 653 602 560
591 581 602 627 561 529 585 549
585 647 607 617 572 634 561 579
578 506 544 669 619 581 579 592
584 630 610 610 580 615 560 555
658 651 646 579 580 678 641 588
589 601 594 557 688 615 600 638
618 623 601 568 573 625 608 523
580 549 505 626 540 584 608 625
603 621 613 639 597 611 537 565
619 619 642 634 654 487 599 561
626 625 611 581 584 659 661 538
643 631 617 655 632 559 609 591
632 529 601 672 629 625 614 609
614 644 620 586 693 553 642 577
590 618 596 640 561 577 601 522
583 592 585 603 622 606 642 582
643 513 554 576 615 627 573 621
625 599 590 650 629 569 608 635
602 629 600 561 626 551 604 602
645 620 529 621 577 643 614 625
622 523 527 639 597 595 574 664
564 606 612 658 573 539 663 608
642 668 637 486 575 536 577 666
575 580 566 661 597 599 570 642
579 613 619 590 546 656 557 619
563 643 603 550 630 632 605 607
587 666 597 582 559 583 605 607
590 627 567 612 580 632 628 677
561 548 581 647 575 637 595 612
587 615 615 581 589 580 580 625
583 686 630 625 619 571 618 594
621 634 660 590 670 633 648 600
628 615 585 627 577 506 575 592
662 629 591 647 569 607 603 647
594 612 621 592 587 584 570 575
586 564 550 609 620 603 591 564
593 608 626 539 559 535 587 644
639 574 624 649 558 577 529 637
540 526 666 662 569 630 592 609
611 588 564 580 554 531 562 588
611 549 509 561 578 499 618 596
590 586 569 575 568 612 592 570
520 595 565 617 617 605 609 602
549 648 548 523 610 705 622 527
589 565 655 632 585 621 613 670
575 575 581 572 603 622 631 636
554 619 560 588 606 581 645 589
565 600 576 619 605 626 564 637
651 547 545 643 629 657 671 657
641 584 551 593 563 620 513 534
616 601 614 637 589 579 644 625
646 627 593 579 608 627 658 459
638 573 619 590 631 578 584 544
589 658 652 609 530 607 669 610
649 566 593 643 591 576 618 712
537 631 648 625 624 645 558 598
656 569 629 558 570 558 635 566
611 635 604 599 617 643 533 597
577 531 617 607 647 621 609 586
591 605 556 664 527 589 621 587
597 540 579 656 667 579 594 554
579 623 558 573 520 624 596 616
634 579 639 622 589 604 709 579
610 594 591 613 644 542 654 609
504 620 622 600 584 641 606 590
636 639 616 658 581 655 593 555
589 567 596 643 613 528 585 573
619 653 621 668 579 606 665 601
551 682 599 610 583 588 564 619
566 558 588 647 573 549 624 595
589 581 556 629 603 609 587 604
641 657 588 489 639 572 591 591
659 633 616 567 608 626 576 681
640 607 640 588 595 657 623 575
583 587 584 688 598 638 606 583
628 513 612 493 573 578 610 629
585 608 631 591 570 586 577 647
611 584 572 550 689 617 568 568
610 592 595 661 515 612 558 590
624 604 662 669 574 638 590 599
653 566 598 584 620 610 669 540
659 591 590 624 526 532 606 565
603 542 574 565 602 585 603 641
609 517 553 637 559 577 618 627
649 584 611 647 633 560 631 609
594 599 608 612 625 556 581 539
608 560 632 580 576 629 556 643
576 614 614 545 560 603 549 588
556 573 584 642 598 587 508 664
582 605 641 594 610 587 566 558
595 613 676 608 643 591 505 522
570 594 606 630 573 627 603 535
635 652 614 597 576 503 592 533
582 598 592 620 625 648 555 597
597 562 677 652 635 534 591 625
599 594 553 623 662 543 552 611
559 510 586 516 570 627 568 609
610 565 569 574 644 591 566 630
636 577 594 636 618 597 627 624
597 652 582 578 602 576 705 596
583 573 576 581 598 579 610 618
611 554 671 567 527 714 665 522
581 598 554 632 595 569 490 616
602 584 604 666 659 571 633 571
637 559 642 619 624 604 621 635
568 585 580 575 633 563 665 529
643 623 542 625 621 554 577 619
580 553 571 550 545 656 586 578
651 562 573 554 605 630 670 695
619 609 509 582 567 600 563 628
613 556 523 585 563 608 511 597
554 574 496 557 650 610 589 582
567 596 646 570 589 605 611 556
641 625 637 614 564 575 667 587
614 664 594 552 597 551 602 582
657 613 549 566 629 600 617 562
580 585 593 635 514 611 625 544
636 598 638 602 582 555 690 612
562 680 627 634 582 640 611 578
646 570 611 541 564 612 606 522
632 556 565 604 609 624 635 566
654 590 555 694 649 566 628 603
545 556 571 552 643 522 707 571
583 626 530 573 595 536 626 662
638 603 636 594 545 630 666 573
605 572 600 579 604 626 535 654
577 567 649 607 619 595 545 725
531 605 577 671 617 642 561 545
570 665 577 636 602 602 627 541
640 642 610 575 571 553 642 551
455 612 565 607 624 447 626 643
602 522 619 618 585 672 648 632
634 604 642 542 571 559 632 640
588 607 653 614 587 630 666 570
540 645 613 623 611 587 615 635
596 570 600 609 608 592 626 575
582 656 529 582 604 589 570 542
622 597 651 615 593 571 543 633
645 560 541 603 585 626 596 624
622 517 663 658 601 583 618 622
535 594 589 611 626 566 550 592
589 543 610 630 592 631 617 583
643 600 681 642 568 613 587 620
600 583 647 599 546 561 540 618
629 597 655 609 514 552 615 610
601 595 567 690 611 569 586 595
639 545 562 579 609 635 540 609
569 622 588 613 585 652 624 610
623 683 606 593 644 519 618 572
576 766 630 574 599 595 579 613
662 625 544 558 597 555 584 576
655 616 605 617 510 636 503 498
658 688 685 694 623 552 509 618
656 659 613 632 576 674 595 650
551 633 626 596 656 635 664 682
703 587 595 599 542 591 575 582
561 657 643 550 655 607 548 543
559 647 576 574 626 583 622 565
561 609 637 546 645 589 578 601
530 585 567 647 561 614 587 602
623 552 629 653 573 624 643 541
671 609 586 600 631 574 572 650
632 613 617 576 596 580 580 649
565 596 629 609 600 552 582 660
594 606 613 598 746 594 655 582
594 597 585 575 592 665 639 612
583 587 609 579 610 559 656 603
521 580 596 601 585 548 651 641
587 596 580 544 599 615 572 564
631 638 600 614 622 633 620 600
593 613 600 590 673 535 605 590
571 497 663 645 485 574 532 580
641 557 528 614 611 518 565 574
638 576 609 624 585 535 616 573
611 596 675 585 675 624 654 596
647 608 554 552 614 636 599 658
589 575 575 605 571 559 621 605
599 615 617 541 544 681 607 668
689 628 540 526 623 490 601 577
543 584 581 670 569 619 635 627
600 620 565 573 585 557 612 542
625 556 658 540 618 643 607 640
645 609 556 527 634 632 619 529
646 530 654 623 578 648 594 581
592 519 629 573 582 657 551 599
660 715 587 595 646 534 684 718
541 538 570 586 579 658 582 700
577 668 557 597 609 618 607 608
565 662 640 651 532 592 609 572
601 598 585 632 640 567 627 638
606 576 614 632 628 538 644 570
532 609 605 580 588 605 604 639
635 569 603 579 592 646 617 576
638 617 532 551 548 606 551 616
644 608 602 659 554 566 609 570
635 573 566 608 554 584 616 671
591 657 559 622 638 644 578 579
607 573 591 580 605 594 664 634
660 563 641 601 663 584 627 619
615 625 606 594 600 594 625 640
591 649 568 585 638 596 561 628
593 604 629 595 606 547 640 585
651 554 615 615 601 602 648 600
651 566 591 636 572 618 658 566
662 616 573 608 649 556 625 560
640 740 647 603 598 591 603 514
540 600 626 616 647 619 589 592
514 541 628 619 660 620 614 592
505 623 606 649 598 606 584 535
535 598 577 633 543 551 631 617
597 633 598 650 654 617 579 582
567 692 633 659 561 625 544 613
582 567 590 593 631 553 539 464
614 691 596 629 589 553 632 611
621 654 598 617 615 579 562 622
619 598 668 576 626 532 583 553
635 585 632 566 622 604 597 582
608 568 622 608 587 640 605 594
631 579 614 552 642 609 614 580
625 615 598 518 596 571 592 677
597 671 670 596 605 572 588 662
570 627 556 668 593 604 619 645
604 605 574 613 655 645 601 617
715 554 576 607 635 563 556 612
565 637 586 642 601 545 582 677
625 609 601 604 651 576 572 536
513 558 635 599 544 649 564 564
561 660 651 612 591 661 612 629
605 611 592 575 610 617 604 583
631 650 676 576 602 588 621 634
611 590 524 637 589 630 618 592
655 602 619 577 592 634 597 610
647 652 634 601 634 580 636 610
661 628 602 597 583 664 592 500
614 546 671 608 590 597 610 568
551 626 637 587 610 535 591 569
531 603 633 628 554 547 601 601
551 553 658 618 600 642 623 648
631 589 645 576 604 592 660 565
629 605 579 564 568 564 635 604
646 561 477 595 646 650 596 592
582 560 638 527 613 580 619 642
664 641 557 634 586 597 570 557
558 643 603 583 615 632 683 652
595 611 586 663 620 542 572 588
635 660 575 652 620 567 631 594
648 565 560 681 595 551 607 626
585 576 635 603 596 586 587 593
564 624 607 641 548 615 665 615
667 614 574 706 621 560 677 667
611 536 572 635 506 632 666 560
615 603 651 610 499 532 570 590
585 584 629 564 605 628 564 608
616 583 596 578 574 599 583 671
584 667 635 558 596 659 640 567
577 605 593 609 578 606 562 562
646 541 585 644 648 605 629 533
584 638 592 615 566 627 648 616
605 576 554 624 656 605 558 612
635 593 548 596 629 536 586 617
569 759 618 610 620 639 555 641
549 544 578 606 578 552 628 585
565 600 582 655 573 632 677 622
588 610 578 694 590 647 584 567
600 630 597 636 616 558 649 609
667 641 549 603 601 708 571 572
614 547 592 611 576 530 603 595
615 564 575 589 555 639 650 562
574 694 632 571 630 565 576 592
634 608 566 632 666 543 653 648
619 615 627 629 608 532 570 616
564 604 582 571 652 585 633 581
553 604 583 599 567 637 598 604
612 532 608 587 627 525 496 594
572 638 562 614 607 595 619 557
626 602 607 572 569 575 573 598
629 539 571 594 638 590 600 567
586 590 618 667 673 608 626 584
