478 520 506 470 488 533 451 491
525 483 486 498 530 487 491 491
544 544 520 508 515 530 481 524
475 487 518 471 497 483 495 444
465 486 519 497 500 514 482 506
484 465 492 511 507 500 548 508
520 545 474 479 535 484 501 521
518 535 530 521 485 516 506 473
528 516 501 495 476 504 509 483
523 478 458 521 492 497 483 468
525 486 533 516 494 478 485 476
542 503 523 475 504 524 493 521
478 473 508 492 513 460 514 552
500 501 504 463 509 468 491 525
485 510 520 506 473 493 539 459
494 489 502 515 532 495 516 510
509 489 480 478 485 506 515 506
489 536 530 493 484 503 525 507
511 496 509 531 495 503 505 506
472 462 480 503 511 489 528 497
500 496 503 514 513 482 530 478
502 495 479 498 485 501 508 529
506 488 492 503 502 529 528 493
489 449 489 480 493 508 504 499
504 497 504 435 495 498 493 496
514 488 544 514 500 496 498 482
498 506 512 512 495 472 487 532
518 507 485 500 475 489 495 493
519 472 483 473 475 502 468 515
495 501 506 491 521 496 512 496
506 506 505 481 509 494 513 457
471 507 537 517 486 466 515 498
512 502 501 559 500 497 498 488
520 493 513 506 524 508 476 473
528 488 474 487 525 472 483 487
475 476 470 491 493 486 467 525
473 506 479 513 519 482 462 514
538 508 503 516 515 483 487 512
497 526 486 515 507 497 524 514
480 513 527 497 495 487 500 514
484 473 492 472 510 491 465 493
496 509 497 537 490 499 498 494
503 511 527 469 490 491 519 493
462 502 499 504 479 534 494 496
482 481 476 492 481 541 462 477
492 513 492 514 480 501 535 481
508 504 455 488 523 503 476 514
490 507 508 478 516 480 474 482
493 502 485 515 505 486 518 523
498 496 465 492 494 505 497 505
531 489 490 474 500 520 465 487
501 517 508 507 496 510 520 466
515 498 489 451 472 534 486 478
491 485 502 530 488 503 477 530
504 478 518 524 503 467 536 506
523 489 492 502 522 503 475 505
533 501 503 475 472 487 493 502
503 532 501 521 499 529 463 488
520 497 519 508 519 512 513 530
520 520 500 488 487 515 451 474
481 495 447 525 512 540 521 521
545 489 470 495 484 495 479 511
510 499 506 497 515 501 495 519
525 527 480 489 466 495 508 497
539 492 478 511 503 511 506 505
458 485 488 493 491 508 512 477
514 512 509 472 509 502 519 536
532 502 500 513 478 471 491 524
493 530 444 468 498 518 499 498
498 465 523 486 522 499 521 507
498 505 471 500 534 526 480 510
505 516 502 495 527 504 525 519
494 497 539 504 485 476 519 503
484 513 503 467 512 527 551 501
505 532 503 506 487 472 518 475
523 484 505 493 523 506 539 478
508 501 506 532 512 477 511 492
491 521 488 492 501 519 512 495
495 477 485 487 497 540 486 494
459 512 468 482 521 458 502 516
531 482 488 536 499 485 486 481
491 522 518 477 504 492 516 497
507 497 456 501 475 515 486 488
500 512 497 533 533 534 495 470
524 492 501 513 468 533 517 507
518 511 502 494 485 506 507 522
504 483 468 497 499 498 469 521
521 484 516 519 501 481 532 508
495 515 532 490 514 539 478 489
488 497 496 506 484 488 506 503
517 508 515 477 492 537 508 515
505 509 495 571 492 499 452 522
489 499 489 497 494 499 499 497
497 526 518 518 485 525 523 489
530 486 463 522 498 520 485 475
525 472 469 461 444 479 457 499
455 478 547 507 501 468 495 501
468 503 524 493 496 459 472 521
487 481 486 499 477 503 473 515
479 526 500 483 518 473 489 500
498 460 482 503 474 525 510 490
496 537 519 508 472 533 521 497
489 496 476 491 515 464 494 502
502 476 476 522 476 520 490 522
492 477 517 500 529 518 495 491
500 504 482 517 492 492 489 505
486 503 555 499 491 467 501 478
492 503 465 503 506 474 492 463
532 507 496 497 523 498 507 530
493 478 484 529 502 490 519 520
490 481 469 464 495 482 537 501
461 528 503 514 514 506 510 505
478 507 520 496 511 508 536 495
494 498 498 455 487 506 500 484
487 493 484 490 489 518 520 519
509 486 519 494 500 527 502 505
472 510 480 520 496 455 493 495
510 513 493 520 437 486 478 475
519 517 484 524 502 492 486 484
509 513 505 459 506 511 487 501
463 475 494 494 507 476 493 490
511 528 534 469 499 478 499 508
502 499 530 514 495 500 517 512
491 464 476 503 464 497 491 520
474 461 492 513 521 482 509 478
485 511 514 480 509 463 496 477
484 474 511 511 486 508 505 497
543 483 500 492 493 503 494 483
502 524 519 504 485 504 522 524
507 493 496 515 514 465 513 514
482 485 485 486 472 506 484 499
490 505 480 505 508 517 539 458
506 486 461 517 527 492 504 499
509 518 507 507 525 497 518 484
532 515 492 458 500 476 506 529
503 496 507 506 453 505 512 495
520 497 515 545 498 461 493 465
512 526 514 506 487 532 515 506
504 502 509 488 531 503 512 491
507 454 478 499 474 549 467 507
533 510 494 489 513 484 498 514
494 502 494 481 524 528 494 495
496 511 482 498 505 513 444 508
507 520 489 490 524 469 533 551
510 516 470 486 521 507 496 505
510 494 499 499 479 506 536 535
470 511 514 492 481 474 491 507
497 488 475 507 521 481 509 462
487 515 478 488 528 485 483 512
539 495 515 527 507 495 482 471
522 504 527 520 488 476 508 487
508 485 483 497 519 506 524 475
479 498 543 513 479 498 504 489
512 497 494 525 466 481 484 483
485 510 522 518 480 498 509 505
526 486 503 492 505 478 481 485
489 531 524 496 503 468 496 503
523 507 509 506 505 472 492 529
516 510 501 513 481 468 492 511
502 520 507 501 527 523 498 478
482 497 493 533 466 499 479 502
508 492 511 496 496 492 513 503
531 525 511 457 470 520 490 505
487 510 519 476 484 467 505 467
493 510 541 507 525 505 506 496
492 523 507 507 488 493 541 499
527 490 516 506 492 513 469 511
516 505 526 499 497 507 517 511
495 480 513 484 484 487 501 484
477 487 496 509 501 478 505 506
491 484 484 489 544 482 505 486
490 486 516 508 497 510 515 483
511 486 517 515 508 496 489 495
515 486 501 465 505 479 474 510
504 491 494 545 496 496 513 502
520 506 515 509 513 499 504 495
512 473 515 520 515 498 510 484
517 478 512 511 508 491 515 463
516 504 521 504 537 481 512 482
497 515 513 542 493 526 495 486
468 503 490 517 489 490 507 534
478 520 517 496 514 494 547 498
502 493 466 495 505 530 510 496
501 507 492 514 533 493 524 518
511 502 507 496 537 486 523 531
494 523 503 501 499 468 511 529
486 517 498 478 520 534 484 504
471 499 510 535 531 533 489 495
467 486 471 507 486 478 493 476
506 506 494 485 473 511 505 509
494 496 529 488 494 515 506 459
466 487 518 513 510 513 481 512
482 519 490 506 463 473 522 514
476 526 478 500 490 482 523 534
504 531 494 502 503 477 510 514
497 466 507 470 484 503 485 505
495 467 503 512 520 493 499 470
539 530 499 498 441 521 511 516
492 491 475 516 525 522 504 493
479 486 509 494 533 523 488 476
489 521 490 511 489 507 511 520
529 526 489 497 477 495 500 492
490 521 518 508 474 504 492 526
464 489 488 491 519 453 496 517
520 489 486 507 503 501 424 477
483 513 471 479 497 474 513 492
537 487 488 516 487 530 510 494
497 557 510 503 497 521 470 496
443 489 517 528 512 513 466 486
529 490 497 484 481 491 487 519
504 520 472 525 500 537 499 470
526 497 457 503 505 522 428 523
491 539 466 511 508 492 485 493
493 475 520 478 520 464 496 497
500 519 496 491 496 520 476 480
461 541 477 462 484 488 529 491
506 464 504 467 494 485 501 513
473 477 504 514 528 491 470 504
484 482 528 512 485 500 498 503
492 462 480 489 501 478 504 492
485 475 509 508 516 511 512 508
465 494 471 527 500 525 479 498
505 493 504 530 479 447 532 484
522 513 496 508 477 502 512 485
492 506 526 500 491 497 523 487
494 487 496 504 521 458 511 482
512 525 520 503 517 481 499 530
484 504 493 496 508 495 500 490
463 504 509 528 497 472 485 511
498 506 493 537 535 481 518 506
500 483 532 523 471 528 499 488
480 519 508 483 484 492 490 511
508 487 467 473 517 480 502 465
508 538 473 511 505 518 497 505
504 511 483 504 516 523 510 477
469 508 480 517 494 520 543 499
498 520 521 534 504 487 500 488
505 483 518 514 503 501 496 526
524 503 483 476 506 487 510 492
515 504 520 455 495 544 450 517
508 526 497 524 524 504 477 518
481 497 519 522 493 513 469 491
529 527 513 497 517 500 503 502
484 515 479 516 481 486 443 497
504 517 526 470 520 491 499 498
491 482 506 516 475 500 487 522
510 530 469 521 503 485 510 531
532 516 480 506 507 525 497 500
487 513 496 504 491 501 478 503
488 514 537 517 478 493 468 500
465 476 522 517 470 491 509 508
467 505 488 524 496 507 498 513
485 513 524 537 532 489 512 516
512 515 508 489 504 517 509 478
482 492 496 503 480 516 463 511
510 513 439 473 493 503 498 484
526 506 492 480 501 525 501 499
501 502 495 481 531 513 542 510
495 481 493 477 542 500 516 519
522 551 498 496 503 515 504 495
486 485 505 480 464 502 523 513
500 508 467 486 534 524 486 535
486 484 531 526 488 499 493 510
531 511 498 473 516 476 496 519
516 517 514 503 506 502 510 511
503 510 486 494 505 538 511 497
496 515 498 513 510 475 509 509
516 483 522 497 540 535 488 473
514 484 523 511 471 516 503 508
530 497 515 488 489 496 488 511
474 517 485 508 476 510 522 500
531 497 508 481 509 489 486 532
475 498 514 505 463 512 472 491
495 442 498 513 497 504 545 523
501 552 487 510 468 508 498 501
507 506 479 492 500 471 516 538
506 489 454 470 507 525 496 470
483 489 461 494 518 466 489 460
484 497 520 509 476 502 493 500
496 506 504 517 502 534 510 530
514 487 525 524 443 489 529 521
471 517 535 512 470 484 508 496
526 515 539 520 511 494 528 500
479 501 498 480 517 497 508 484
497 515 495 493 544 506 515 515
502 511 481 529 525 504 500 475
521 495 512 471 513 496 500 472
514 488 499 516 498 540 482 505
508 480 502 496 505 509 528 506
511 530 468 495 501 469 502 453
514 470 475 510 467 541 502 498
524 498 505 497 490 507 511 475
482 487 499 507 543 506 497 486
520 500 507 500 511 510 507 500
502 508 462 499 520 490 458 472
502 486 503 500 491 482 504 501
498 517 504 488 493 499 502 527
534 491 480 489 508 517 492 482
508 512 521 487 507 467 498 514
530 506 495 472 505 513 520 505
481 511 534 495 484 493 500 490
514 509 493 500 469 506 472 494
491 509 491 499 530 469 502 517
487 500 473 468 514 493 474 491
512 511 521 490 487 507 520 493
519 493 541 466 531 470 524 502
491 482 481 514 509 496 499 483
497 518 482 510 491 469 521 473
491 521 484 519 491 498 538 523
502 487 501 533 543 488 529 468
512 507 521 483 503 463 487 500
504 556 490 500 477 462 518 518
472 466 487 533 470 514 503 494
488 505 494 492 496 522 504 501
528 495 529 486 511 494 499 487
494 486 508 484 511 547 469 453
480 515 486 512 519 495 518 455
517 516 498 520 529 539 539 501
497 498 447 514 547 511 472 480
481 533 510 513 507 478 481 514
502 463 516 528 500 494 527 496
488 469 490 537 523 502 500 520
502 475 503 504 500 505 486 503
468 482 495 512 494 509 520 548
494 487 501 504 511 516 494 515
502 525 494 503 505 523 500 479
466 521 513 533 502 502 504 489
486 509 524 512 490 508 504 489
476 483 524 505 488 502 512 489
485 464 522 512 513 511 459 502
509 501 453 498 495 521 498 490
490 514 513 496 492 454 459 483
497 484 470 499 500 526 493 495
486 552 513 483 461 474 482 473
498 480 468 513 469 449 519 536
501 514 513 547 480 491 491 501
496 498 503 540 505 517 513 507
495 516 465 531 513 502 500 504
516 509 527 534 522 470 490 520
543 488 512 525 502 476 539 483
485 505 501 482 534 510 518 499
500 526 490 493 509 518 518 481
478 483 518 518 506 506 467 506
469 517 494 505 496 498 478 497
499 504 511 510 505 487 474 480
484 517 522 484 477 468 488 508
478 524 507 521 484 514 478 514
529 529 489 482 497 531 473 470
459 502 466 524 533 497 548 505
490 490 529 516 459 462 471 488
474 485 484 478 542 528 536 534
499 502 481 503 480 468 485 517
502 512 500 482 510 502 526 527
494 502 482 483 488 510 490 531
509 495 520 485 487 527 474 497
492 485 520 517 514 500 513 460
492 501 488 504 548 502 508 504
476 470 468 506 459 513 496 509
473 531 499 462 525 475 476 476
494 512 511 550 487 491 473 478
522 490 509 501 479 484 462 496
502 494 520 474 501 480 508 482
516 513 507 505 506 507 511 493
478 499 510 510 535 490 472 489
492 484 479 497 499 479 477 507
509 484 497 510 503 531 473 469
514 507 489 522 487 510 496 484
492 523 492 530 503 495 480 514
504 498 502 498 476 513 537 534
502 495 502 488 506 507 476 493
517 518 475 522 494 499 497 458
508 468 517 474 521 505 512 486
464 480 506 509 483 527 500 467
505 485 516 504 503 494 522 482
507 501 479 498 481 541 520 467
491 512 523 517 538 503 526 477
517 496 497 528 519 497 551 525
491 452 506 492 487 490 503 526
480 499 496 484 506 535 512 501
491 501 466 499 496 510 519 515
497 490 487 484 488 498 476 509
498 483 487 517 518 548 511 486
486 508 516 528 483 502 477 508
480 529 484 512 503 501 464 498
480 488 510 554 538 510 508 493
480 509 491 535 543 543 487 490
476 513 483 488 482 489 533 451
511 484 547 517 480 488 489 523
534 503 497 521 501 509 504 484
527 488 539 524 504 475 534 506
518 530 478 507 492 506 509 467
495 502 475 485 502 514 497 486
480 493 484 512 505 487 505 547
515 505 514 525 470 491 488 487
542 510 522 506 555 460 490 491
493 518 502 513 521 505 515 491
487 482 502 481 479 513 481 511
494 488 518 520 504 528 466 522
484 495 507 486 499 491 495 542
463 496 508 477 497 506 507 516
522 493 502 472 499 471 500 516
508 502 516 521 483 524 485 491
515 504 500 503 526 501 515 514
542 528 514 514 503 497 500 500
491 492 499 494 496 497 518 516
520 525 486 501 506 509 510 528
489 505 476 508 468 507 525 512
479 485 512 498 456 528 504 471
505 544 497 497 487 513 505 516
485 515 476 510 484 501 469 502
500 469 535 512 478 480 495 489
498 457 534 486 524 497 549 517
521 524 502 503 497 507 502 507
484 492 511 500 510 513 518 510
495 483 523 486 500 532 484 495
502 464 479 525 509 517 505 461
480 455 513 554 469 521 522 504
473 483 460 497 504 516 496 483
486 497 506 528 541 500 478 525
551 485 490 498 500 486 472 512
497 523 511 520 501 514 485 510
520 527 494 512 526 469 493 512
494 487 509 491 502 469 491 506
498 499 507 522 495 500 502 491
485 517 477 512 496 493 507 510
479 500 491 485 458 517 518 477
498 476 493 487 527 473 464 493
494 539 485 530 510 533 506 468
482 511 482 548 463 487 509 500
491 529 502 522 492 521 505 468
476 523 500 523 515 478 476 498
503 486 510 496 485 505 487 471
531 461 467 517 505 489 539 492
498 500 512 514 527 491 499 494
473 493 507 502 529 504 480 490
484 488 498 515 517 482 508 499
493 487 485 489 521 519 517 455
525 506 517 497 504 527 520 481
484 509 504 482 499 486 512 545
482 509 508 496 492 493 471 460
483 488 515 478 490 521 516 510
522 553 498 512 497 496 482 534
504 531 508 483 500 513 504 464
500 492 492 473 538 520 483 496
526 467 532 507 510 497 509 539
502 486 490 521 506 505 489 528
503 484 465 476 508 482 459 483
497 512 449 499 518 483 488 504
480 482 498 504 511 500 500 505
483 458 482 490 484 477 521 483
493 512 509 485 482 499 486 497
483 508 472 496 506 506 548 495
503 498 538 520 539 488 503 501
477 507 480 521 496 470 489 501
535 517 502 518 503 482 508 517
561 506 490 519 514 532 515 466
499 526 534 483 496 513 492 495
518 520 523 510 480 497 480 490
512 503 544 505 508 499 515 533
503 530 498 522 498 498 460 464
498 515 499 483 481 515 480 517
514 530 549 495 498 529 499 469
485 508 476 540 526 481 483 503
492 498 514 496 529 517 520 477
471 500 536 524 515 525 478 471
526 488 484 512 495 498 507 503
467 491 514 486 494 494 449 502
488 512 505 484 509 490 486 471
509 497 490 469 522 494 507 506
473 514 495 496 461 525 502 496
486 499 513 498 509 478 463 484
493 479 499 495 462 515 495 477
470 546 490 457 471 502 485 495
499 499 499 496 532 493 522 504
519 511 523 551 498 509 538 505
447 491 493 503 487 546 544 467
482 521 484 492 484 528 499 525
488 516 495 504 491 495 498 505
516 481 474 525 541 519 526 493
512 509 503 483 468 525 516 487
507 491 519 511 531 503 498 501
556 514 502 518 495 507 520 448
474 475 493 493 509 513 529 494
492 491 482 504 476 523 505 516
532 455 497 488 509 517 509 503
497 519 501 534 490 537 476 505
502 486 473 519 500 519 536 514
519 492 529 531 511 496 501 503
509 500 494 497 500 525 481 461
470 505 506 523 550 497 521 488
522 506 476 507 511 508 495 530
523 514 486 492 517 534 521 496
503 525 474 472 521 503 481 496
493 510 498 509 532 504 498 490
491 498 521 516 471 538 489 489
497 541 513 505 488 504 546 517
491 493 512 519 477 508 514 525
476 546 492 491 490 512 481 535
491 503 478 490 460 499 498 465
496 510 527 482 464 498 536 494
491 522 492 493 486 502 500 503
502 469 513 472 494 525 512 531
490 489 524 503 542 482 515 513
524 512 514 504 520 491 519 538
486 514 509 481 502 518 515 483
506 510 518 501 489 522 479 487
515 507 503 484 518 512 539 514
472 502 498 497 496 503 485 468
508 522 509 506 485 517 461 541
489 514 491 502 493 460 513 479
477 490 494 507 490 554 469 493
510 522 513 517 486 512 526 510
548 499 493 466 491 510 518 528
504 489 474 496 479 496 472 493
487 520 477 466 516 530 515 497
483 496 492 476 500 526 517 507
499 480 522 471 457 499 492 493
515 511 513 522 475 535 483 506
537 533 528 500 471 479 494 486
486 495 487 490 502 480 514 519
491 500 530 516 532 515 521 489
499 485 502 511 505 470 484 476
506 492 505 459 502 480 514 515
511 519 516 490 471 514 506 454
466 474 498 472 513 490 531 509
497 508 481 529 521 505 539 471
516 524 510 497 459 522 491 499
520 520 477 480 486 514 522 510
491 497 528 478 516 498 510 501
521 511 501 545 525 505 516 502
486 466 541 491 512 525 491 494
510 511 501 479 526 515 504 516
435 501 492 461 511 480 528 497
513 488 516 528 469 512 467 498
505 478 493 530 518 521 533 494
520 488 525 477 483 535 512 507
496 492 499 498 514 534 483 504
516 494 516 472 546 507 499 486
495 515 548 474 498 478 476 502
490 507 514 475 489 494 457 495
474 496 499 462 478 508 518 538
507 487 482 475 521 473 484 497
526 512 497 513 538 493 523 512
525 503 486 479 496 480 471 547
481 490 503 536 513 528 503 501
504 525 482 488 519 528 471 490
510 512 524 529 492 522 483 521
496 509 516 518 508 507 475 509
487 490 508 532 520 499 496 486
501 454 498 487 497 470 492 530
504 478 491 503 454 547 505 505
516 511 529 534 484 461 466 544
478 530 479 526 526 505 487 523
489 531 488 528 486 485 514 500
513 556 482 493 503 479 467 482
515 486 486 510 480 518 539 506
509 486 506 510 475 481 484 504
489 504 490 522 496 480 533 541
515 509 499 509 479 477 512 476
536 484 511 475 500 508 491 487
495 526 520 522 521 530 516 454
513 509 496 471 486 493 517 514
477 512 462 491 500 515 495 511
506 510 513 494 518 531 497 455
513 500 510 484 491 501 497 499
490 497 514 511 475 504 485 507
524 516 487 502 508 509 483 511
506 481 507 491 482 492 481 486
530 474 516 509 530 540 497 506
501 478 491 555 508 469 513 521
514 471 505 467 495 444 463 507
522 498 514 538 480 513 525 504
508 510 491 525 474 492 503 519
478 519 498 520 543 519 507 507
513 512 483 505 511 481 498 472
447 496 494 531 471 512 504 521
491 512 480 509 503 490 523 503
514 531 526 522 496 507 511 517
512 489 495 496 492 515 464 488
494 525 480 510 502 487 542 514
490 524 501 476 441 513 508 482
470 485 490 509 506 492 465 475
532 491 525 518 467 515 479 481
516 489 469 477 492 513 470 501
533 473 489 490 481 516 498 498
529 505 499 499 484 524 491 500
459 513 528 525 479 512 501 488
510 513 509 510 498 533 483 508
473 498 505 503 514 484 484 475
483 486 483 472 506 494 503 492
543 460 488 470 514 487 505 475
501 497 489 561 506 462 544 497
477 486 519 522 510 485 514 505
504 502 495 503 489 513 505 539
476 525 482 488 498 531 482 521
520 524 488 517 501 510 492 461
504 516 519 507 493 485 516 518
499 505 504 490 518 529 467 511
508 497 480 535 496 535 518 501
497 504 511 504 492 522 533 500
503 515 493 458 503 522 474 457
512 480 472 476 507 526 473 504
506 504 513 500 471 505 521 495
483 516 489 495 517 511 547 492
523 483 542 529 515 473 511 486
515 503 497 539 483 490 515 489
489 519 519 539 513 522 501 496
504 489 523 484 516 542 499 526
508 502 517 514 511 501 487 534
506 517 543 520 480 478 541 467
486 514 506 471 503 541 483 469
487 503 492 521 523 528 519 495
489 501 521 483 507 521 523 513
478 495 498 462 482 529 491 470
510 524 465 496 482 484 480 505
498 528 479 530 501 502 484 509
528 482 523 486 491 505 499 498
500 541 503 478 476 494 538 551
519 476 481 476 482 452 511 488
537 508 515 464 490 476 467 512
501 469 526 512 487 511 503 488
485 514 506 470 515 475 489 517
497 518 538 486 512 517 525 503
482 469 515 520 520 513 479 519
462 516 479 478 472 463 518 473
506 530 477 513 477 489 481 485
513 502 472 474 527 468 530 484
501 504 490 511 495 482 484 493
532 500 488 475 499 489 456 510
516 511 537 508 494 511 517 498
505 498 528 526 496 485 498 467
516 518 480 517 496 538 547 496
470 526 536 516 501 523 477 522
486 496 526 525 497 487 503 482
524 487 480 518 507 488 489 496
482 504 496 467 492 529 481 488
492 498 472 484 496 512 510 505
505 481 462 472 507 509 480 533
533 483 502 522 530 505 490 512
510 534 515 510 499 511 457 505
513 468 479 462 511 516 472 494
480 511 481 482 508 547 484 486
494 512 504 487 491 489 478 520
493 510 488 502 521 530 519 482
471 499 510 534 498 516 506 476
513 497 517 473 516 498 490 532
516 516 497 477 474 493 472 491
499 493 504 454 516 498 511 493
497 478 505 486 505 517 503 539
508 499 504 503 513 488 507 481
503 513 518 493 524 496 476 502
515 486 473 500 498 484 527 516
520 474 494 490 492 520 489 487
521 536 526 482 459 485 497 506
490 523 512 500 472 523 499 465
525 538 496 480 522 529 514 459
487 482 511 529 500 497 470 473
500 529 490 488 478 475 519 495
516 463 493 530 477 480 497 500
506 498 501 500 482 491 473 504
482 511 510 458 517 514 502 456
462 516 490 506 443 510 485 485
520 493 507 483 539 484 516 489
503 496 495 494 482 508 504 499
526 517 486 502 521 497 500 492
490 517 504 513 503 491 479 493
511 509 468 536 487 498 504 533
483 484 480 504 511 503 537 493
504 464 453 510 510 477 499 512
494 484 499 540 516 491 518 505
502 507 507 474 505 493 499 481
508 504 499 505 507 518 471 534
501 492 518 499 533 504 520 501
493 514 530 524 513 517 521 521
523 461 486 516 515 460 495 468
474 501 487 490 491 505 516 481
497 506 494 515 501 524 479 550
488 528 523 534 516 486 441 485
522 505 479 476 477 490 497 531
506 488 508 484 530 470 512 473
492 513 509 496 502 469 470 511
536 517 505 520 503 518 508 502
468 507 507 515 497 507 490 531
490 489 501 467 482 468 533 508
489 480 542 468 500 526 487 480
474 517 486 481 465 487 516 512
499 488 486 470 507 502 498 506
516 512 460 493 506 499 488 495
536 527 502 492 510 519 507 479
501 503 478 503 512 511 527 473
505 490 517 520 473 493 481 498
499 526 510 521 519 479 501 519
528 515 466 509 499 514 486 502
494 526 512 495 488 492 534 496
541 504 477 523 459 502 547 534
529 519 524 483 516 508 527 533
491 471 501 530 471 496 461 487
507 499 483 530 492 462 539 521
506 481 479 503 503 471 480 510
475 522 492 523 489 514 505 534
487 542 529 487 488 507 515 481
476 465 531 500 465 494 516 508
538 504 494 506 531 513 497 479
497 474 508 508 480 484 517 499
511 488 484 494 476 488 519 487
531 519 518 507 486 478 477 504
548 510 530 497 488 516 490 494
502 479 505 497 474 501 514 484
546 475 483 512 501 481 514 477
515 525 513 504 487 481 515 515
488 504 541 492 509 508 513 535
525 483 504 456 493 462 473 506
544 510 535 456 476 484 485 520
479 481 486 455 491 508 495 500
504 490 491 495 502 489 476 507
468 486 490 481 483 511 535 468
491 502 502 467 502 500 510 477
499 482 506 534 516 491 505 504
474 543 512 520 484 475 490 502
497 479 515 488 528 496 493 497
498 506 477 537 515 527 476 508
519 530 465 482 493 507 477 525
480 461 503 491 501 497 528 513
498 473 491 491 469 516 472 472
485 477 492 471 493 494 507 505
496 507 495 527 485 489 500 485
526 513 514 511 514 486 510 478
481 508 499 505 489 485 493 501
493 517 494 468 509 523 509 517
483 507 512 499 475 502 527 490
543 496 507 480 457 518 512 442
495 492 518 514 481 519 499 502
509 517 465 482 473 511 545 478
483 514 523 510 506 471 493 498
535 498 498 496 479 541 483 481
507 482 508 528 476 493 490 506
516 480 501 489 506 480 497 514
499 514 496 517 478 481 533 501
533 528 506 479 513 487 488 481
495 496 487 470 498 473 510 485
463 475 500 508 506 476 518 521
517 516 503 513 528 503 495 486
474 535 507 534 517 514 534 501
491 478 484 476 495 470 467 461
487 495 461 488 530 527 503 490
480 497 498 518 510 502 499 482
452 513 487 518 494 496 485 525
502 476 490 470 500 472 470 541
542 499 524 489 488 511 515 498
526 529 520 500 534 526 491 505
505 452 491 504 513 522 509 479
497 537 529 494 498 514 481 502
521 480 527 499 489 467 507 507
475 453 492 470 461 499 494 482
479 506 503 524 497 460 486 480
496 473 472 475 493 513 491 492
528 526 497 483 514 500 527 506
486 487 517 492 483 536 477 474
509 490 507 493 503 499 488 515
494 502 509 486 499 520 498 509
496 509 489 500 518 527 497 499
498 515 462 525 475 491 519 500
501 503 506 495 497 523 522 546
530 514 517 512 504 475 507 487
510 519 469 517 496 518 517 481
492 509 471 497 528 519 532 489
486 510 489 476 526 520 496 510
533 485 528 479 477 504 490 498
495 519 492 475 498 548 477 503
475 469 488 517 527 502 497 510
488 498 514 468 488 496 509 468
464 459 484 515 509 518 497 497
497 490 551 508 483 496 518 461
495 522 512 491 517 498 480 496
526 509 500 470 493 516 518 467
479 495 493 513 469 486 517 518
471 512 472 512 514 503 480 460
529 471 487 495 501 511 509 504
496 482 520 508 514 496 515 451
522 496 491 489 487 500 504 532
501 477 545 499 497 489 472 524
476 520 494 512 494 506 500 501
525 500 478 468 489 513 512 516
508 508 485 511 530 497 513 489
521 513 503 481 507 533 503 546
475 485 486 500 519 489 500 512
503 502 499 529 484 531 488 513
511 500 501 509 496 488 523 494
501 496 506 515 486 454 544 477
505 481 499 464 541 496 497 516
486 466 527 459 505 470 508 512
497 489 484 500 492 481 494 491
555 493 490 514 538 483 497 486
524 515 513 483 502 522 532 494
511 521 506 523 461 513 501 516
544 516 468 480 515 516 535 518
481 545 494 506 487 515 531 529
501 500 516 495 521 527 508 490
499 528 560 516 489 486 501 519
474 503 513 516 502 472 530 529
504 492 497 494 504 508 475 469
495 503 473 506 522 490 520 483
509 478 496 475 499 511 527 484
492 465 512 482 483 497 524 482
523 515 501 518 499 477 500 497
477 521 484 468 482 508 522 505
503 546 482 489 495 477 488 536
497 507 480 497 524 489 537 508
529 520 516 510 508 525 487 509
473 533 516 511 489 500 509 455
510 492 527 516 513 524 518 546
511 529 533 500 521 513 496 520
514 554 517 520 528 510 505 503
471 493 535 515 497 527 531 505
549 506 496 507 506 511 502 521
478 504 497 510 460 509 503 468
508 500 528 504 511 523 513 492
517 503 492 506 473 489 473 499
474 507 521 517 474 472 488 498
470 487 487 491 457 471 489 484
496 491 502 469 496 468 511 519
483 498 509 493 502 484 531 498
494 515 512 467 522 495 464 495
480 509 516 500 488 481 508 497
473 515 484 512 489 486 503 541
509 485 516 494 529 470 533 514
482 477 519 490 477 504 511 510
477 488 502 477 496 500 500 461
491 485 486 529 509 490 527 529
497 485 511 471 503 492 465 527
479 453 495 469 533 487 542 462
544 495 491 496 516 481 516 486
486 494 514 481 538 488 544 481
547 521 533 473 482 480 499 514
520 510 512 529 500 491 513 510
472 503 551 501 521 496 533 512
488 520 538 513 502 514 506 518
494 481 522 545 509 501 558 523
521 507 490 493 496 472 496 503
494 506 498 503 488 494 500 485
498 488 522 495 510 489 496 498
475 467 473 514 510 494 466 515
488 505 506 524 500 426 512 483
469 481 454 515 477 516 497 496
512 443 513 504 520 491 507 484
512 515 447 507 480 496 495 504
509 495 488 487 471 462 525 471
532 478 513 524 492 498 504 503
485 468 505 508 486 524 489 515
515 467 516 452 505 484 502 524
511 511 520 490 511 503 490 506
485 512 473 527 493 509 491 485
498 531 501 483 465 501 502 483
512 504 501 506 476 505 499 522
488 513 500 519 550 506 489 504
510 490 495 493 530 501 509 479
474 475 504 484 483 512 520 487
429 473 466 531 494 478 534 473
503 483 470 480 523 496 517 488
485 492 521 488 481 472 489 471
542 505 470 511 487 501 476 496
506 494 518 521 530 472 505 531
489 524 503 482 489 505 489 522
514 492 473 502 537 522 520 516
535 505 539 504 494 531 502 507
506 514 502 477 515 506 494 484
514 482 488 461 494 519 500 479
533 511 485 506 495 463 510 488
534 525 480 471 492 516 513 533
503 471 493 475 521 510 488 498
527 527 496 491 520 487 482 505
497 491 534 498 495 493 503 495
501 467 477 530 521 523 498 476
519 518 484 555 512 517 476 542
503 511 498 509 472 518 509 469
522 500 530 485 465 505 509 539
487 509 521 505 504 473 519 500
546 525 490 488 474 500 521 510
525 488 523 499 525 470 486 486
516 468 498 523 515 501 530 509
506 495 536 532 507 508 504 501
497 511 485 484 483 518 461 535
488 476 499 479 487 491 498 458
508 488 461 502 537 465 496 502
527 479 520 485 516 522 492 475
506 503 476 507 499 499 502 500
489 512 479 539 445 516 517 494
476 501 481 494 482 520 499 523
499 465 503 528 497 475 493 477
519 477 480 499 525 481 496 491
493 456 472 484 506 489 469 493
506 531 507 480 500 494 471 501
528 526 446 497 491 495 502 473
494 495 536 474 502 464 527 492
504 493 472 505 506 481 502 497
532 518 516 505 502 489 481 520
477 498 475 494 490 512 476 448
507 520 488 501 495 493 512 510
514 500 503 501 507 497 473 503
506 504 523 513 517 477 513 497
481 521 471 468 494 554 503 519
503 483 517 477 510 457 477 533
533 481 515 519 511 499 461 533
486 519 522 493 506 503 482 499
508 529 531 477 521 459 495 476
519 510 468 484 503 498 493 494
469 529 522 516 500 507 528 489
497 460 503 501 490 511 507 527
479 489 516 497 499 546 475 498
485 520 488 507 515 515 505 499
484 500 504 510 497 536 497 523
551 536 515 494 527 479 483 508
506 504 519 491 528 514 490 525
521 507 477 471 501 473 531 543
485 535 506 499 527 517 491 511
517 548 512 508 518 488 515 480
548 505 499 538 485 487 496 491
533 479 509 482 471 456 522 480
488 507 515 482 511 533 505 487
475 503 500 518 510 489 471 472
502 499 501 488 513 510 531 505
501 509 493 518 506 508 520 533
504 494 510 488 491 534 497 479
493 487 493 467 496 488 525 520
489 470 487 518 497 475 500 521
493 489 487 494 504 526 505 516
505 481 527 482 488 514 509 479
474 519 520 502 480 500 526 506
487 516 539 543 511 499 470 485
526 516 504 483 515 512 510 485
486 474 456 489 504 491 522 474
526 517 475 552 495 480 481 490
493 488 506 525 487 505 522 490
486 503 436 499 541 491 533 508
495 505 509 487 471 495 486 512
514 491 510 508 455 519 473 495
532 517 473 501 501 505 473 544
509 503 519 496 512 485 487 511
500 499 507 477 448 495 473 507
522 496 472 497 483 523 500 524
484 500 485 510 494 486 472 517
512 489 485 510 525 428 523 506
510 491 480 506 467 526 510 480
512 470 512 516 501 512 480 450
514 520 525 497 480 451 566 514
508 487 504 504 492 507 500 532
467 492 502 501 445 496 511 445
526 514 545 482 482 476 493 493
459 480 516 484 532 470 513 483
505 501 511 459 513 502 499 527
531 531 472 520 492 476 497 474
495 515 491 507 527 507 537 508
475 488 499 505 520 480 495 507
507 537 465 512 506 506 532 488
472 470 489 506 501 533 475 501
482 484 510 519 499 485 477 494
496 516 474 537 557 504 504 505
512 483 503 497 492 520 484 519
508 521 498 492 499 520 529 517
458 522 501 501 452 486 514 478
449 498 479 510 519 503 495 488
502 485 503 521 496 504 510 489
501 486 483 513 477 499 494 484
507 470 478 482 475 488 501 499
503 493 500 526 462 505 495 492
483 460 500 475 514 483 487 492
511 514 513 488 513 471 512 507
510 484 496 525 469 504 491 497
506 478 511 478 495 467 500 473
507 539 492 481 493 505 476 496
538 512 480 503 493 488 481 537
452 518 490 528 474 511 521 502
506 483 487 492 505 472 461 482
510 486 488 507 500 504 509 492
476 469 467 513 467 514 489 508
510 497 508 506 521 472 503 490
488 489 525 472 497 487 517 480
494 519 519 497 500 512 498 484
471 504 477 505 479 504 488 485
541 494 526 464 485 524 489 513
466 498 489 510 480 481 510 499
522 476 510 494 468 500 483 493
462 473 519 512 484 509 476 476
490 494 473 493 516 520 482 491
473 495 457 509 505 501 511 474
519 509 491 522 506 502 498 506
515 457 473 500 499 479 509 462
517 515 487 497 488 493 513 511
500 462 534 508 493 530 480 481
532 506 501 508 511 490 472 525
505 517 482 507 461 484 497 498
526 471 498 505 520 464 511 510
455 521 533 489 534 504 458 494
513 506 523 498 465 525 493 544
502 512 477 451 503 503 496 501
510 501 528 505 526 521 532 505
528 500 493 479 482 463 540 512
535 490 474 502 494 522 496 494
547 464 494 514 490 490 526 543
520 487 535 515 512 468 492 523
494 510 503 508 495 520 535 469
494 515 526 485 503 453 491 541
500 461 518 498 511 508 505 484
468 502 518 484 485 510 538 535
479 513 504 509 498 490 523 481
506 533 500 512 525 483 479 482
541 492 502 488 484 492 523 506
510 492 515 508 473 509 479 519
500 482 510 481 508 469 505 509
480 480 482 477 502 489 482 503
472 505 526 546 482 482 473 534
536 533 487 535 495 465 464 510
471 517 521 536 491 482 484 498
487 497 523 496 482 501 476 499
526 486 483 496 542 499 475 512
512 529 506 476 473 493 525 483
508 488 508 529 505 488 509 544
492 507 519 520 515 508 530 524
491 509 507 492 460 518 490 494
507 482 509 528 504 524 487 511
499 459 523 499 509 496 495 494
491 494 488 487 477 554 487 505
475 498 481 486 486 505 486 532
503 462 507 537 506 510 494 512
606 591 573 646 571 585 580 633
618 586 581 605 606 599 577 598
616 605 572 614 558 625 605 578
614 601 594 596 616 578 610 591
604 557 610 604 601 598 615 554
614 622 617 624 606 595 641 587
594 577 613 617 632 600 584 608
576 615 613 590 606 589 601 602
607 591 600 609 575 617 620 608
592 601 559 617 598 609 608 581
601 598 641 560 624 613 623 613
623 589 618 601 638 645 628 591
603 602 633 603 568 623 551 581
582 613 643 609 584 607 614 593
617 602 590 595 609 591 594 601
619 572 581 632 626 582 627 612
569 637 592 606 593 603 585 623
576 603 585 591 596 611 583 597
633 566 615 609 595 592 589 611
602 626 604 599 621 622 594 576
617 613 603 578 611 580 586 613
587 601 613 629 588 599 630 584
617 602 610 603 569 611 577 600
604 634 611 599 581 589 592 642
575 602 632 594 582 572 587 588
636 588 582 633 608 572 586 608
588 561 621 607 579 615 574 583
597 600 587 627 640 606 617 604
611 576 602 631 606 588 630 612
611 587 607 600 587 625 583 589
623 604 609 635 621 624 624 577
565 580 587 596 596 605 562 601
573 603 620 599 599 612 629 603
593 592 640 608 627 613 618 595
602 599 593 658 626 626 566 587
617 567 608 607 580 591 574 623
574 625 565 626 619 572 608 618
596 579 571 602 576 606 630 637
581 603 580 605 597 619 583 602
616 601 600 604 605 604 592 574
607 617 591 600 612 601 631 571
589 597 590 599 591 588 610 627
587 596 602 620 561 591 604 586
600 616 598 567 592 607 609 581
620 611 604 584 626 555 588 601
608 649 577 593 625 592 601 579
577 608 592 583 581 583 607 610
603 587 545 589 561 612 608 588
582 546 623 606 601 582 623 603
585 555 597 599 592 589 632 598
581 619 597 600 626 603 610 599
630 620 637 598 555 589 599 597
585 571 603 621 608 569 571 599
609 590 589 568 613 600 594 602
570 567 586 611 601 594 613 562
645 610 594 576 614 580 578 609
586 584 608 570 608 592 570 601
612 607 586 632 592 613 604 617
600 603 607 611 576 584 645 590
579 619 557 588 609 539 617 607
578 576 598 573 583 628 598 592
544 613 587 586 592 577 610 628
605 619 615 617 606 615 603 599
579 630 596 579 581 602 596 605
586 599 609 609 592 625 624 605
574 575 570 591 604 613 568 580
600 563 584 561 654 602 604 586
588 603 623 624 630 599 607 573
647 640 611 561 597 558 642 627
626 588 605 578 610 574 582 589
633 601 627 624 607 607 594 605
615 569 619 601 629 624 580 586
604 594 603 609 594 597 581 552
610 584 592 597 615 576 615 613
601 576 595 577 606 632 614 572
593 644 567 604 608 593 614 605
589 582 624 574 596 590 575 603
605 600 615 589 602 599 594 628
563 622 612 626 625 611 600 586
590 593 602 571 613 593 593 562
597 584 544 631 587 614 569 630
593 556 588 641 615 612 587 577
585 595 587 611 621 630 575 556
603 592 622 654 590 596 635 607
631 573 592 616 583 559 587 618
588 599 621 610 587 631 621 577
542 590 616 616 616 564 629 605
607 622 634 577 600 607 621 623
581 628 572 625 607 611 608 596
568 610 614 623 603 598 582 601
605 577 597 622 554 628 611 620
615 627 625 623 610 592 600 608
601 547 614 611 591 586 577 603
576 640 566 589 589 607 626 602
593 593 610 604 620 596 616 606
590 567 583 571 619 600 599 608
605 587 594 638 612 566 615 622
617 587 627 608 611 569 623 582
595 571 613 608 567 633 593 588
605 563 590 600 628 620 622 575
630 612 632 603 640 598 623 623
594 592 584 620 624 595 591 611
557 595 588 629 613 593 579 559
615 633 612 611 557 597 619 620
607 598 579 630 620 620 611 618
609 573 625 604 580 607 586 627
601 591 597 599 611 628 599 595
594 577 605 592 589 617 591 598
577 572 599 586 606 578 591 575
612 608 595 585 551 610 589 624
605 580 579 629 603 584 617 587
626 627 580 605 578 599 617 606
594 623 611 593 594 609 592 591
574 605 595 596 615 586 604 629
597 564 589 568 582 613 617 623
594 615 600 609 610 598 606 609
591 620 610 567 574 629 577 602
612 589 613 619 634 628 594 567
610 588 575 607 606 585 592 639
598 563 552 597 601 643 647 627
605 602 622 605 591 649 621 610
603 569 588 585 594 602 583 623
608 597 588 600 605 599 596 590
596 610 612 588 624 574 622 560
576 627 563 606 589 567 619 615
571 608 595 536 606 618 637 636
575 605 593 565 612 608 613 582
618 615 627 577 585 617 586 611
580 564 619 579 649 617 612 600
586 576 627 591 604 597 602 582
611 627 612 587 592 621 612 623
611 628 589 625 574 615 608 636
654 591 573 614 628 630 576 569
623 610 613 593 628 575 567 598
610 612 588 596 557 618 582 638
617 597 602 582 596 615 607 597
629 607 559 601 605 566 571 591
573 628 611 610 583 597 579 643
598 611 623 553 583 617 611 591
598 585 608 574 619 600 604 591
590 609 574 620 594 606 589 614
603 606 629 590 573 564 608 575
599 589 568 574 617 617 614 598
585 593 572 575 600 635 652 616
578 615 622 635 584 575 607 587
620 611 606 633 611 599 612 619
597 604 626 603 581 599 623 606
609 596 612 623 618 573 625 591
591 604 556 592 613 601 556 617
571 595 568 614 602 581 626 592
587 594 617 588 603 609 596 589
615 608 568 590 581 615 565 602
609 605 623 588 615 605 588 596
602 593 571 573 622 599 603 607
576 628 631 570 578 603 624 579
638 603 612 571 590 591 566 599
595 623 633 595 612 645 618 615
618 620 609 610 609 590 592 610
641 586 615 557 590 634 618 585
566 599 602 608 609 618 618 614
594 591 579 604 612 607 587 574
564 572 631 564 589 622 566 575
598 617 593 608 598 596 609 577
615 643 559 615 596 581 609 581
598 585 564 575 606 628 634 600
583 607 599 630 591 599 614 626
574 570 630 645 616 585 612 643
610 597 613 603 606 612 646 624
591 576 597 601 576 594 597 581
639 596 610 589 596 589 605 602
589 610 597 631 564 588 603 579
621 604 596 589 581 634 607 608
582 609 626 623 632 611 577 612
645 590 609 574 596 602 612 639
598 632 639 614 627 580 610 634
593 572 564 586 612 589 585 612
577 592 583 610 631 600 596 617
632 615 606 619 639 641 581 589
619 586 596 617 584 566 603 597
599 603 611 661 648 598 594 606
611 568 583 572 593 616 606 603
575 579 592 595 607 575 579 590
636 625 608 569 611 627 577 621
616 613 586 598 630 605 578 580
572 577 603 603 632 590 604 600
600 621 610 596 602 619 590 599
632 557 586 639 584 602 645 594
614 574 610 607 633 580 637 581
573 621 615 623 602 594 617 563
645 615 619 572 612 607 611 610
604 616 576 599 613 641 597 586
617 604 604 611 630 616 611 585
585 575 591 595 626 630 600 610
571 591 603 620 577 616 578 567
604 598 561 600 626 576 595 585
599 588 609 607 586 627 601 565
607 621 608 603 612 586 598 643
599 606 596 596 561 608 596 598
590 588 631 622 590 621 628 614
589 632 577 611 578 616 595 627
621 634 586 598 586 598 624 588
631 585 602 589 580 588 567 621
585 593 566 618 589 569 627 599
616 613 609 605 587 587 616 620
621 620 587 607 569 614 572 603
588 605 610 654 575 605 607 607
565 567 596 603 597 610 572 598
609 613 565 598 584 549 582 604
597 569 585 599 573 611 598 634
583 586 604 615 586 623 608 610
593 588 593 612 604 601 602 579
571 591 595 604 609 592 593 634
631 660 609 580 603 618 635 590
577 615 562 610 629 611 621 604
627 568 597 601 612 569 619 583
595 559 585 588 618 591 618 582
592 599 616 600 602 615 575 626
610 605 611 636 600 604 570 598
605 585 635 636 584 596 585 603
610 619 594 586 617 590 578 608
595 606 612 598 582 590 616 576
581 622 629 634 591 596 615 599
591 607 607 604 559 625 564 616
608 582 592 564 592 617 574 565
595 623 611 629 624 554 609 603
588 578 606 612 617 604 592 607
594 579 593 591 587 599 556 596
578 600 591 562 607 575 572 623
629 618 584 592 593 636 599 609
603 576 607 605 585 597 592 626
586 566 603 626 596 612 557 583
601 591 607 655 585 599 584 584
614 634 594 579 576 593 609 593
622 631 601 586 596 588 612 617
644 603 619 599 603 607 621 568
620 573 619 578 616 608 570 583
619 581 602 622 616 617 615 580
591 587 577 584 592 612 590 618
597 598 552 576 616 615 582 628
616 613 619 631 578 622 603 598
603 584 621 583 628 609 629 634
601 622 599 604 592 589 611 588
615 632 609 620 612 615 598 596
614 584 622 598 631 609 574 609
639 590 626 601 594 593 587 606
610 601 579 603 624 624 595 621
574 620 601 611 626 628 619 620
571 619 580 590 610 559 623 580
601 595 630 589 600 575 596 587
593 592 572 587 590 557 620 616
594 585 598 604 622 611 591 604
582 576 609 597 635 606 547 585
611 594 596 574 591 579 593 588
591 636 598 582 618 617 602 624
587 614 631 587 604 584 571 616
542 589 621 569 587 580 588 586
621 636 592 596 585 603 627 566
581 573 615 595 597 589 621 590
596 596 586 618 563 615 580 583
567 610 590 596 616 603 611 576
587 563 632 624 573 606 610 594
590 589 591 593 605 609 566 593
650 597 616 583 596 612 604 623
607 602 640 608 601 581 615 609
578 581 611 601 539 632 621 588
591 615 574 619 607 626 609 604
632 593 616 613 595 615 582 629
576 589 570 610 614 613 587 613
586 616 606 619 600 624 599 602
578 631 576 597 637 547 573 616
626 606 595 628 580 581 618 612
594 578 579 607 584 613 566 616
559 598 574 630 590 580 604 629
629 632 630 598 635 580 610 602
590 614 597 578 601 590 596 576
601 591 604 598 593 628 595 570
613 563 582 631 591 597 562 598
620 601 573 606 643 574 573 589
593 629 586 593 589 638 616 599
614 582 587 620 598 574 585 606
618 600 618 625 586 607 571 609
552 583 599 602 620 602 621 622
596 590 599 649 603 580 631 602
585 606 647 547 590 592 573 593
619 598 603 622 604 589 611 587
614 586 587 580 592 570 610 623
586 627 583 610 630 620 601 587
598 637 595 591 615 606 618 578
574 622 618 596 582 587 572 607
644 577 612 623 619 628 600 611
622 602 587 605 615 618 592 591
600 651 587 619 622 567 629 573
604 574 585 590 615 589 598 643
583 638 615 617 569 570 578 575
637 617 598 602 589 600 608 566
580 599 607 581 634 601 578 611
583 627 624 598 588 615 606 608
620 581 591 608 604 607 599 621
621 602 579 577 602 578 625 603
596 600 594 605 603 594 593 575
618 632 585 625 586 609 572 594
585 609 629 621 615 616 589 603
585 617 570 588 610 621 620 595
571 604 583 589 612 607 640 605
637 603 606 572 634 551 594 578
630 602 580 591 612 594 611 604
583 603 581 591 590 569 622 606
577 593 595 579 614 607 558 573
573 608 629 585 596 610 600 623
584 605 575 586 615 613 635 627
636 601 604 624 585 610 614 572
599 594 608 570 600 601 622 618
608 640 623 622 598 558 595 601
600 611 602 613 604 600 600 589
581 592 646 582 634 575 580 655
613 613 585 573 579 561 621 632
602 629 593 629 632 609 623 606
596 583 613 597 648 613 573 576
560 608 597 587 642 612 594 601
615 620 583 598 585 569 598 611
622 571 561 628 582 615 587 594
574 568 584 595 591 616 589 596
611 593 596 612 619 589 607 604
601 608 628 618 580 595 633 632
586 609 609 574 598 602 569 624
589 582 587 580 577 617 620 580
615 582 597 591 585 621 619 602
608 632 631 582 596 596 598 576
619 600 590 607 608 605 617 571
604 609 600 609 607 585 598 591
578 601 638 609 600 634 621 606
625 595 591 582 611 603 607 637
581 610 598 614 627 612 554 573
588 623 636 577 612 596 603 603
632 590 573 604 604 592 587 656
587 590 612 592 626 603 597 569
582 611 594 635 620 596 662 627
603 617 630 597 628 567 613 591
610 589 616 599 599 606 587 587
634 609 636 631 549 608 606 620
637 572 607 588 620 613 596 577
608 613 593 602 616 581 568 629
575 554 598 572 599 597 626 630
598 610 612 588 576 587 613 638
598 639 606 614 576 611 586 597
578 574 615 610 603 601 577 600
590 618 605 590 601 592 615 587
618 634 589 576 603 607 604 597
569 593 588 599 625 583 607 636
598 617 597 597 596 609 636 604
593 603 550 585 607 606 604 604
591 625 627 585 602 592 602 633
600 583 602 604 612 593 577 589
605 583 609 583 605 622 607 575
627 621 604 582 589 597 590 576
594 604 606 589 617 589 582 606
627 605 623 626 602 590 587 594
623 588 628 586 589 611 569 581
598 600 579 590 591 621 580 597
576 576 630 612 584 611 603 600
620 583 628 580 576 603 583 605
606 597 624 611 606 602 636 611
610 568 626 626 621 618 586 599
583 634 618 611 572 595 590 612
598 624 587 591 605 610 569 603
595 628 614 597 613 604 606 624
613 596 591 602 601 589 607 634
619 596 583 625 592 607 624 580
620 600 554 616 577 563 619 602
595 576 606 596 622 572 584 593
599 608 590 610 617 594 604 569
557 604 597 616 607 633 569 604
607 628 576 590 585 605 603 605
579 566 630 540 620 638 600 622
586 594 631 601 595 602 585 629
611 621 614 602 623 616 566 569
575 583 591 596 602 613 604 619
615 608 603 599 601 591 583 593
564 606 575 593 615 603 606 611
561 591 614 623 576 594 586 623
627 606 588 611 571 628 593 597
605 607 586 609 582 621 578 608
606 574 618 598 602 632 617 587
595 611 591 584 614 609 590 593
599 625 613 576 602 594 581 628
617 583 574 608 615 599 612 589
628 586 602 576 577 624 593 641
597 587 628 578 599 566 593 604
575 610 573 590 609 608 596 593
595 648 579 597 614 577 573 607
591 566 595 605 592 610 569 610
627 640 618 634 585 575 604 585
601 574 607 612 612 623 601 586
564 592 553 578 623 602 623 577
597 638 566 572 604 601 600 611
615 601 597 616 572 634 622 628
610 565 616 576 592 596 592 607
571 574 605 584 552 602 614 589
614 600 593 607 574 596 614 563
588 598 614 615 569 624 646 622
593 617 602 586 608 603 619 605
561 633 595 596 614 563 613 578
608 587 620 615 567 581 583 581
582 569 558 630 612 587 600 596
576 596 578 582 596 604 630 607
591 598 578 606 570 590 551 572
583 612 591 633 624 570 619 618
584 567 599 574 640 592 586 600
609 598 639 582 594 596 580 628
634 585 630 594 573 619 587 593
623 605 603 606 578 601 632 616
628 603 625 582 601 600 616 582
592 587 609 605 597 614 602 604
548 592 571 608 584 623 592 563
630 617 612 590 592 609 594 596
555 632 611 576 559 596 547 619
578 596 615 598 661 588 613 604
601 558 581 627 601 587 612 570
621 583 604 641 605 586 594 612
573 597 580 621 632 604 614 615
598 607 603 584 598 611 593 598
600 641 585 568 620 583 586 587
618 592 574 619 599 620 580 613
581 575 576 606 618 600 649 579
577 600 587 601 599 592 607 573
616 584 599 585 589 586 603 612
590 589 632 628 576 572 591 582
614 615 590 599 596 610 603 585
595 593 641 595 601 601 590 598
596 594 606 593 603 591 571 606
591 583 607 621 573 579 597 608
629 615 598 595 594 618 600 614
591 539 610 568 624 577 620 617
588 602 635 615 574 606 619 597
561 571 590 575 605 578 593 599
602 650 617 578 615 599 559 613
596 615 624 608 599 629 616 616
589 608 641 574 595 592 596 618
594 569 609 596 612 591 597 631
608 622 591 622 586 557 578 622
619 585 608 605 620 571 580 564
626 619 589 618 600 621 609 595
610 616 611 628 621 616 583 613
625 592 596 623 605 630 593 602
577 589 619 591 597 599 604 554
576 598 619 602 608 583 607 582
610 577 577 623 586 593 558 614
611 638 568 621 612 591 573 635
583 592 595 575 602 579 599 593
625 630 614 633 643 568 591 617
578 566 631 594 605 595 577 615
600 615 568 573 635 624 621 582
610 562 604 609 646 580 602 586
546 597 572 568 596 611 581 584
608 595 589 621 609 589 582 593
593 595 608 614 608 624 615 616
581 581 622 623 582 608 593 580
608 614 567 573 623 587 595 582
598 602 584 619 593 607 592 596
571 641 554 615 604 582 615 585
579 571 593 601 578 647 583 546
625 605 608 602 595 600 609 599
600 553 608 607 603 602 629 592
605 598 594 614 586 585 633 572
601 611 595 603 572 565 589 598
581 613 599 584 633 593 577 626
622 613 606 587 587 601 593 611
604 585 615 611 592 609 606 624
607 593 577 632 610 569 629 589
564 578 616 599 580 563 605 582
598 595 592 574 613 588 602 624
621 650 618 618 644 641 578 608
594 604 594 620 592 608 612 595
638 614 622 582 648 602 598 616
580 604 591 585 570 615 594 591
622 596 558 619 600 587 624 598
605 630 605 604 618 601 611 643
610 618 603 610 597 613 618 627
572 638 573 588 576 594 626 602
608 593 598 565 605 598 575 601
574 620 618 586 583 613 610 597
587 608 580 610 573 585 618 604
610 615 564 599 628 611 587 632
602 573 584 609 592 607 590 576
589 620 601 612 603 590 600 645
624 601 617 593 627 612 612 606
614 606 574 618 612 599 601 628
600 611 642 605 611 548 577 589
606 636 588 619 580 567 572 601
573 619 622 637 572 623 579 593
592 564 611 595 613 584 590 601
588 614 621 600 613 589 588 631
606 578 590 578 609 565 585 601
618 623 569 611 589 556 585 638
589 578 572 611 612 579 618 591
614 618 580 589 607 631 649 583
636 629 625 571 612 592 591 599
594 601 570 600 602 579 584 603
597 598 611 606 579 578 571 628
593 586 586 581 615 591 581 604
569 602 622 601 610 624 624 565
621 614 586 575 603 596 573 577
560 627 628 623 610 579 604 607
595 571 590 622 611 601 590 617
598 596 579 594 601 601 627 584
576 577 636 609 616 599 635 628
610 596 594 615 583 584 584 595
630 611 577 640 618 632 604 534
647 603 642 620 632 569 561 594
593 631 609 587 589 621 594 590
571 601 570 597 592 614 631 605
576 589 570 613 607 588 593 595
597 623 618 587 622 557 589 596
580 628 589 608 606 612 614 601
595 571 591 613 623 594 608 616
582 572 562 588 627 615 611 603
603 578 598 629 596 589 579 596
639 597 616 619 606 597 598 582
561 622 584 636 617 602 623 579
608 603 615 590 566 576 644 589
558 604 562 595 594 596 589 592
600 613 614 594 613 622 644 592
629 583 609 584 587 563 594 596
566 572 568 578 561 609 598 583
596 622 602 629 600 628 567 593
595 623 589 614 600 632 664 618
587 597 565 601 586 603 597 585
602 634 606 623 605 602 582 576
582 614 627 624 630 551 576 597
601 617 579 570 586 586 607 613
564 583 585 601 570 566 599 598
593 605 590 588 622 595 587 598
597 609 593 562 601 582 562 592
598 610 590 607 619 619 628 604
578 625 581 610 570 598 620 595
633 607 603 548 594 588 566 589
578 593 589 630 581 632 623 586
605 563 620 593 620 605 626 594
589 604 607 637 623 626 604 614
605 626 593 613 635 579 553 615
591 572 596 577 630 608 557 587
569 609 651 593 624 620 598 600
600 609 588 611 595 621 578 622
593 605 637 573 611 632 623 581
580 591 614 633 617 613 573 627
589 588 587 612 584 573 612 593
602 581 586 594 637 590 629 615
585 626 588 607 573 622 624 644
620 630 611 586 613 616 614 596
619 591 604 575 638 627 603 621
613 600 598 608 623 606 611 625
596 602 602 591 603 599 590 592
586 613 617 579 584 560 613 570
625 618 578 589 594 631 588 586
596 595 603 595 615 586 614 615
598 575 599 617 598 578 591 615
604 638 580 586 618 559 641 590
594 632 576 600 576 602 611 582
613 562 625 579 594 639 589 599
630 594 598 594 582 577 538 596
615 626 583 597 616 605 602 643
614 610 623 610 605 595 600 618
572 603 585 647 589 618 649 619
571 583 594 644 571 582 573 601
606 610 605 632 597 599 587 612
588 582 560 603 593 613 591 614
583 608 604 603 596 605 590 578
611 589 600 582 587 573 631 588
604 590 621 611 615 612 600 579
637 632 615 591 616 622 610 554
552 620 631 589 604 615 588 616
597 594 617 603 653 606 622 604
569 591 588 600 617 617 586 591
596 613 602 563 611 615 588 621
558 619 595 598 606 590 606 601
582 638 588 577 597 588 596 562
614 585 547 596 601 583 603 595
554 571 594 566 590 600 605 604
611 570 616 610 559 611 654 613
586 584 632 574 584 544 593 612
578 592 587 595 603 607 587 617
603 575 585 612 619 596 596 618
568 590 557 598 616 575 610 591
601 584 591 591 611 587 598 603
624 601 582 596 601 584 604 596
605 626 574 595 603 607 577 570
581 619 582 607 588 635 585 600
611 606 602 568 600 616 605 596
614 595 621 581 597 615 603 636
590 632 614 634 616 568 598 624
603 600 586 553 622 605 582 611
588 595 583 575 611 616 580 578
614 596 543 604 581 613 620 616
613 576 574 598 574 622 632 627
615 616 620 618 574 639 607 605
627 597 590 581 592 606 566 628
607 593 638 600 585 599 593 637
582 604 585 606 567 604 608 597
632 626 571 608 590 612 609 586
628 595 579 577 601 622 587 573
602 564 608 563 603 591 601 584
560 580 581 582 620 564 614 601
582 590 592 613 584 614 602 601
602 609 619 639 635 582 615 601
598 599 576 613 593 586 586 604
602 612 570 587 608 617 629 602
611 620 608 589 575 600 603 581
609 603 641 616 580 593 607 617
580 584 570 641 619 591 624 577
585 612 596 602 572 614 611 607
644 594 591 592 576 600 577 624
628 574 608 588 608 623 566 606
580 598 620 566 614 599 609 617
600 576 589 608 623 583 614 618
562 578 628 596 589 586 594 622
602 621 622 593 590 586 584 617
596 579 595 641 602 615 627 611
632 640 593 617 600 587 619 584
601 599 585 609 596 636 600 602
587 567 573 576 604 626 606 587
609 604 612 595 565 606 592 583
597 567 607 593 604 619 602 609
609 612 592 593 599 638 593 580
659 610 588 591 590 607 587 598
573 585 599 623 588 578 589 586
573 584 571 593 588 613 603 558
591 615 605 577 613 577 575 602
577 582 606 582 631 619 600 603
575 543 622 601 624 597 612 590
596 582 614 594 593 613 599 601
582 623 609 595 570 561 612 599
568 586 606 609 593 610 569 647
584 617 606 589 622 621 623 553
601 589 615 575 597 597 604 609
590 616 606 583 627 576 600 582
591 579 624 585 606 612 622 570
598 624 623 598 604 587 630 624
625 618 617 566 568 578 571 633
575 557 592 584 590 586 614 645
590 605 590 636 612 597 606 582
633 614 607 613 620 600 592 597
601 586 615 590 592 590 604 643
596 640 610 632 582 582 611 644
577 607 596 581 601 587 591 616
601 584 600 608 579 602 584 595
597 589 624 619 594 592 607 592
574 638 618 595 623 561 619 596
597 582 605 583 562 612 624 559
592 613 583 594 593 591 586 607
593 612 625 616 604 581 600 611
589 569 596 564 585 587 572 599
634 569 606 605 601 598 602 625
598 595 645 597 648 590 575 573
597 588 603 591 605 628 631 606
595 597 593 631 580 601 639 597
563 617 578 573 601 570 596 579
548 592 602 599 638 603 568 616
611 605 589 601 601 595 608 588
615 607 577 620 593 633 634 602
585 624 567 617 598 624 626 602
611 618 618 613 604 617 590 595
562 603 620 608 595 611 605 615
614 624 647 585 610 602 590 629
576 597 602 596 638 601 588 605
589 611 601 568 618 596 600 608
576 599 586 556 600 602 599 540
597 582 586 572 595 598 589 587
617 592 597 603 579 590 587 610
587 592 568 583 593 594 628 586
576 606 577 625 597 613 620 639
560 601 602 608 583 629 597 614
630 612 623 585 585 581 601 613
622 598 617 551 598 594 611 588
607 626 577 594 591 585 609 606
591 652 610 620 624 590 594 579
603 615 573 624 592 626 611 582
604 576 589 600 599 576 599 606
608 632 577 637 595 594 592 595
563 572 580 598 558 597 589 570
606 597 581 587 590 607 661 621
612 588 572 602 564 597 591 597
633 592 606 617 622 599 617 592
613 606 600 584 594 589 605 598
567 597 605 600 572 632 572 590
593 589 642 632 606 592 612 608
596 578 581 585 602 611 584 597
619 596 593 613 614 611 605 608
573 593 581 603 615 613 579 592
597 572 596 632 595 609 607 590
584 584 582 594 597 644 620 566
582 615 625 622 565 643 552 552
588 618 637 606 573 583 620 595
615 609 574 564 598 590 603 619
562 578 589 582 636 596 578 589
583 612 613 597 637 580 622 635
574 594 599 620 599 624 583 599
558 643 590 620 602 624 565 626
609 591 609 619 614 593 548 592
601 594 599 581 615 645 576 623
597 589 604 568 599 621 613 621
612 582 562 604 596 582 577 641
597 580 640 598 590 603 611 560
610 602 632 610 596 642 629 591
619 601 609 602 602 582 616 600
579 597 579 595 587 614 613 621
605 560 633 623 606 572 607 582
584 589 590 567 624 559 574 589
597 570 582 609 572 608 591 585
605 606 565 570 580 549 588 594
580 581 609 601 597 578 574 609
627 588 569 579 587 569 602 584
613 575 597 581 579 595 629 605
608 619 613 637 623 589 584 634
648 623 597 585 608 598 570 595
589 605 596 592 625 623 635 610
616 602 583 601 565 593 617 570
591 630 626 607 591 598 583 621
605 602 584 593 581 588 639 591
594 614 581 573 566 628 586 589
568 624 624 597 596 582 600 594
614 573 587 614 589 607 624 590
600 580 613 592 613 621 594 631
562 616 563 574 602 611 588 586
591 595 604 578 613 573 611 601
610 613 580 596 626 609 611 597
587 610 603 631 612 625 563 577
637 573 588 604 598 589 600 625
620 576 643 614 593 603 619 576
628 617 603 588 591 584 612 633
604 598 565 547 586 588 595 624
616 582 582 603 583 604 595 634
593 600 596 614 614 598 585 599
584 615 583 641 600 595 593 601
621 580 600 560 607 589 637 579
589 570 584 600 612 584 547 596
594 627 627 618 588 597 609 561
603 602 566 583 617 612 601 600
577 578 603 620 617 613 592 584
560 613 601 566 598 575 584 626
629 566 572 631 634 598 618 621
591 556 617 606 571 611 598 591
593 601 594 624 635 572 618 619
606 602 587 589 623 604 596 605
609 581 587 605 610 609 602 608
620 574 605 605 607 592 607 596
611 631 599 612 608 626 601 580
595 590 601 613 581 564 592 574
592 624 603 609 586 617 580 590
589 553 572 635 610 591 589 596
592 615 605 605 590 608 580 578
629 625 623 589 590 639 620 594
594 600 597 579 644 608 600 619
609 611 601 584 586 613 604 561
590 575 552 613 570 592 604 612
602 611 607 619 598 606 568 582
609 610 621 617 627 543 600 580
613 612 606 590 592 629 630 569
621 616 609 628 616 579 604 595
616 564 601 636 615 612 607 604
607 622 610 593 646 576 621 589
595 609 598 620 581 589 601 561
591 596 593 601 611 603 621 591
621 556 577 588 608 613 587 611
613 600 595 625 615 585 604 617
601 614 600 581 613 575 602 601
623 610 564 611 588 622 607 612
611 561 563 620 598 598 587 632
582 603 606 629 587 569 631 604
621 634 618 543 587 568 588 633
588 590 583 630 598 599 585 621
590 606 610 595 573 628 579 610
582 621 601 575 615 616 603 603
593 633 599 591 579 591 602 603
595 613 584 606 590 616 614 638
581 574 590 623 588 618 598 606
594 608 607 590 595 590 590 612
591 643 615 612 610 585 609 597
611 617 630 595 635 616 624 600
614 607 593 613 588 553 588 596
631 614 596 624 584 604 602 624
597 606 610 596 593 592 585 588
593 582 575 604 610 602 596 582
597 604 613 569 580 568 594 622
620 587 612 624 579 589 564 619
570 563 633 631 584 615 596 605
606 594 582 590 577 566 581 594
605 575 554 581 589 550 609 598
595 593 584 587 584 606 596 585
560 598 582 609 609 602 605 601
574 624 574 562 605 652 611 563
594 583 628 616 593 610 606 635
587 587 590 586 602 611 616 618
577 609 580 594 603 591 623 594
583 600 588 609 603 613 582 618
625 573 572 622 615 629 635 628
620 592 575 596 582 610 557 567
608 601 607 619 594 590 622 612
623 613 597 590 604 614 629 530
619 587 610 595 616 589 592 572
595 629 626 605 565 604 634 605
624 583 596 622 596 588 609 656
568 615 624 612 612 623 579 599
628 585 615 579 585 579 617 583
606 617 602 600 609 621 566 598
588 566 609 604 623 610 604 593
595 603 578 632 564 595 611 593
599 570 589 628 634 590 597 577
590 612 579 586 560 612 598 608
617 590 619 611 594 602 654 590
605 597 596 606 622 571 627 604
552 610 611 600 592 621 603 595
618 620 608 629 591 628 597 577
594 583 598 622 607 564 593 587
609 627 610 634 589 603 632 600
576 641 600 605 591 594 582 609
583 579 594 624 586 575 612 597
594 591 578 615 602 604 593 602
621 629 594 545 619 586 596 595
630 617 608 584 604 613 588 640
620 604 620 594 598 629 612 588
591 593 592 644 599 619 603 591
614 556 606 546 587 589 605 615
593 604 615 595 585 593 589 624
606 592 586 575 644 609 584 584
605 596 597 631 557 606 579 595
612 602 631 635 587 619 595 600
626 583 599 592 610 605 634 570
630 596 595 612 563 566 603 583
601 571 587 582 601 592 602 621
605 558 577 619 580 588 609 614
625 592 605 624 617 580 616 605
597 599 604 606 612 578 590 569
604 580 616 590 588 615 578 622
588 607 607 572 580 602 574 594
578 586 592 621 599 593 554 632
591 603 620 597 605 593 583 579
598 606 638 604 621 595 553 561
585 597 603 615 586 613 601 568
617 626 607 598 588 552 596 566
591 599 596 610 612 624 578 599
598 581 639 626 617 567 596 612
599 597 576 611 631 572 576 605
580 555 593 558 585 613 584 604
605 582 584 587 622 595 583 615
618 588 597 618 609 598 614 612
598 626 591 589 601 588 652 598
592 586 588 591 599 590 605 609
606 577 636 584 564 657 632 561
591 599 577 616 598 584 545 608
601 592 602 633 630 585 617 586
618 579 621 610 612 602 611 617
584 592 590 588 617 581 633 565
622 612 571 612 610 577 589 609
590 577 585 575 573 628 593 589
625 581 586 577 603 615 635 648
610 604 555 591 583 600 582 614
606 578 561 593 582 604 555 599
577 587 548 578 625 605 595 591
583 598 623 585 595 603 606 578
620 612 619 607 582 588 633 593
607 632 597 576 599 575 601 591
629 606 575 583 615 600 609 581
590 592 597 617 557 606 613 572
618 599 619 601 591 578 645 606
581 640 613 617 591 620 605 589
623 585 606 570 582 606 603 561
616 578 582 602 605 612 618 583
627 595 578 647 625 583 614 601
572 578 585 576 621 561 654 585
592 613 565 586 597 568 613 631
619 601 618 597 573 615 633 587
602 586 600 590 602 613 567 627
589 584 624 603 610 597 572 663
566 602 588 636 609 621 581 573
585 633 588 618 601 601 613 570
620 621 605 588 586 576 621 575
527 606 583 603 612 523 613 621
601 561 610 609 592 636 624 616
617 602 621 571 586 579 616 620
594 603 627 607 593 615 633 585
570 622 606 612 606 594 607 618
598 585 600 604 604 596 613 587
591 628 565 591 602 595 585 571
611 598 625 607 596 586 572 616
622 580 570 601 592 613 598 612
611 559 631 629 600 591 609 611
568 597 594 605 613 583 575 596
594 571 605 615 596 616 609 591
621 600 641 621 584 607 593 610
600 592 623 599 573 580 570 609
614 598 628 605 557 576 608 605
601 597 584 645 606 585 593 597
620 573 581 590 604 617 570 605
584 611 594 607 592 626 612 605
612 641 603 597 622 560 609 586
588 683 615 587 600 598 590 606
631 612 572 579 598 578 592 588
628 608 602 609 555 618 552 549
629 644 642 647 611 576 555 609
628 630 606 616 588 637 598 625
576 616 613 598 628 617 632 641
651 594 597 600 571 596 587 591
581 628 622 575 628 603 574 571
580 624 588 587 613 591 611 583
580 604 618 573 623 595 589 601
565 592 583 623 581 607 594 601
611 576 614 627 586 612 621 570
635 604 593 600 615 587 586 625
616 607 609 588 598 590 590 625
583 598 614 605 600 576 591 630
597 603 606 599 673 597 627 591
597 599 593 587 596 633 620 606
592 594 604 590 605 580 628 601
561 590 598 600 592 574 626 621
593 598 590 572 599 608 586 582
615 619 600 607 611 616 610 600
596 606 600 595 636 567 603 595
586 549 632 622 542 587 566 590
621 578 564 607 605 559 582 587
619 588 605 612 592 567 608 587
605 598 637 593 638 612 627 598
624 604 577 576 607 618 599 629
594 587 587 602 585 579 611 603
599 608 609 571 572 640 603 634
644 614 570 563 612 545 600 588
571 592 591 635 585 610 618 614
600 610 582 586 593 578 606 571
612 578 629 570 609 621 603 620
622 605 578 564 617 616 609 565
623 565 627 611 589 624 597 591
596 560 614 587 591 628 576 599
630 658 593 598 623 567 642 659
571 569 585 593 589 629 591 650
589 634 579 599 604 609 603 604
582 631 620 625 566 596 605 586
600 599 593 616 620 584 613 619
603 588 607 616 614 569 622 585
566 605 603 590 594 602 602 620
618 584 601 590 596 623 608 588
619 609 566 575 574 603 575 608
622 604 601 629 577 583 605 585
617 586 583 604 577 592 608 635
596 629 579 611 619 622 589 590
603 586 596 590 602 597 632 617
630 581 621 600 632 592 614 610
607 612 603 597 600 597 613 620
595 624 584 592 619 598 580 614
597 602 614 597 603 573 620 593
625 577 607 608 600 601 624 600
625 583 595 618 586 609 629 583
631 608 586 604 625 578 613 580
620 670 624 601 599 596 601 557
570 600 613 608 623 610 595 596
557 570 614 610 630 610 607 596
552 612 603 625 599 603 592 568
567 599 589 616 572 575 615 608
598 616 599 625 627 609 590 591
583 646 617 630 580 612 572 607
591 584 595 596 615 576 569 532
607 645 598 614 595 577 616 605
610 627 599 608 608 589 581 611
609 599 634 588 613 566 591 576
617 593 616 583 611 602 599 591
604 584 611 604 594 620 603 597
616 589 607 576 621 605 607 590
612 607 599 559 598 585 596 638
599 635 635 598 603 586 594 631
585 613 578 634 597 602 610 623
602 602 587 606 628 622 600 608
658 577 588 603 618 581 578 606
582 618 593 621 601 573 591 638
613 605 601 602 625 588 586 568
557 579 617 600 572 625 582 582
581 630 625 606 595 630 606 614
603 605 596 588 605 609 602 591
615 625 638 588 601 594 610 617
605 595 562 618 594 615 609 596
627 601 609 588 596 617 598 605
624 626 617 600 617 590 618 605
631 614 601 599 592 632 596 550
607 573 635 604 595 599 605 584
575 613 619 594 605 568 595 584
565 602 617 614 577 573 601 600
575 576 629 609 600 621 611 624
616 595 623 588 602 596 630 583
615 602 590 582 584 582 618 602
623 581 538 597 623 625 598 596
591 580 619 563 607 590 609 621
632 621 578 617 593 599 585 578
579 622 601 591 608 616 641 626
598 605 593 631 610 571 586 594
618 630 588 626 610 584 616 597
624 583 580 640 597 576 603 613
592 588 618 602 598 593 594 596
582 612 604 621 574 607 632 608
634 607 587 653 611 580 639 633
606 568 586 618 553 616 633 580
608 601 626 605 549 566 585 595
593 592 615 582 603 614 582 604
608 592 598 589 587 599 592 636
592 633 618 579 598 629 620 584
589 602 596 605 589 603 581 581
623 570 593 622 624 602 614 566
592 619 596 608 583 614 624 608
602 588 577 612 628 602 579 606
617 597 574 598 614 568 593 608
584 680 609 605 610 619 577 621
575 572 589 603 589 576 614 592
582 600 591 627 586 616 638 611
594 605 589 647 595 624 592 584
600 615 599 618 608 579 624 604
634 620 574 602 601 654 586 586
607 573 596 606 588 565 602 597
608 582 588 595 578 620 625 581
587 647 616 586 615 583 588 596
617 604 583 616 633 571 627 624
610 607 614 615 604 566 585 608
582 602 591 585 626 592 617 591
576 602 592 599 584 618 599 602
606 566 604 593 613 562 548 597
586 619 581 607 604 598 609 579
613 601 604 586 585 587 587 599
614 570 585 597 619 595 600 583
593 595 609 634 636 604 613 592
