439
556
516
415
467
593
363
476
572
451
462
495
584
464
475
475
625
624
557
522
542
584
447
567
429
464
551
419
492
451
486
342
400
460
552
490
500
539
450
516
454
402
478
532
519
499
635
523
555
627
427
441
599
455
502
560
550
599
585
560
456
545
518
425
580
546
503
487
432
511
526
453
566
438
380
559
477
493
453
409
571
461
594
546
482
439
459
431
618
509
565
428
510
567
481
558
439
423
521
479
536
388
540
647
499
502
510
395
524
409
476
570
458
528
557
516
422
481
611
385
484
469
507
542
591
485
546
528
527
468
444
438
457
518
543
518
469
602
586
480
453
507
572
519
531
488
526
587
486
508
514
516
420
394
442
510
531
470
578
492
501
489
508
540
538
449
586
438
504
484
441
496
458
504
523
583
517
465
478
508
505
583
579
480
469
355
469
445
480
522
510
498
511
493
511
317
485
494
481
488
540
466
624
539
500
488
495
448
495
516
533
533
484
420
462
591
551
521
457
500
429
469
486
480
554
420
451
422
430
507
409
543
486
504
518
475
558
489
534
489
516
516
514
445
525
482
536
378
417
521
605
547
461
404
542
495
533
507
502
667
500
491
493
467
556
480
536
516
569
524
431
425
580
466
425
462
572
420
451
462
429
433
414
474
480
461
406
571
425
516
439
538
554
450
391
539
606
524
509
546
543
453
463
535
492
574
460
542
519
493
567
538
443
536
578
493
486
462
499
539
454
424
479
422
530
476
401
480
489
525
492
606
471
496
494
484
508
531
576
411
471
475
553
480
393
505
498
510
441
597
482
489
449
447
431
478
446
616
393
436
477
538
477
538
444
503
599
445
524
512
373
467
564
508
431
539
473
520
521
437
545
443
426
450
480
506
456
542
514
461
550
566
494
488
400
477
484
514
490
514
587
470
472
426
500
555
401
462
502
548
522
518
487
527
557
403
541
494
470
362
422
596
461
439
474
458
507
586
467
509
435
586
511
439
551
568
509
407
601
518
566
469
477
506
563
508
429
515
592
504
507
429
421
464
482
506
509
591
503
560
498
582
394
466
556
490
553
522
554
535
538
584
556
556
501
467
463
542
362
426
446
486
351
571
534
612
560
558
627
468
415
487
453
485
441
532
529
498
518
492
543
504
485
553
571
576
444
470
404
487
524
492
609
477
438
532
508
531
517
514
380
459
467
480
475
523
534
436
539
533
526
420
525
505
554
601
590
506
500
536
437
418
473
569
481
585
342
410
493
550
496
495
493
400
566
461
562
496
560
519
494
513
417
500
597
574
444
529
514
546
505
487
575
512
571
555
482
491
609
511
457
432
555
509
455
538
509
406
533
575
645
502
513
591
510
516
464
421
552
428
565
455
515
479
566
517
611
439
523
503
516
590
533
435
530
476
473
559
466
479
502
554
533
487
485
434
457
463
492
612
462
483
384
534
411
449
559
381
505
545
586
448
465
602
499
458
459
445
475
562
550
434
512
477
544
491
521
491
376
503
428
542
462
466
499
533
490
593
593
597
487
416
569
476
502
536
409
592
549
520
550
532
507
483
458
516
520
561
511
452
411
493
498
494
413
561
561
453
546
554
502
446
591
522
486
544
592
472
539
610
437
469
466
491
488
517
454
465
517
509
549
523
544
435
478
605
522
542
515
524
487
702
478
498
363
563
469
497
470
492
484
498
497
491
491
574
550
550
459
571
564
469
586
461
396
562
493
555
457
429
570
420
412
391
342
441
377
498
373
438
632
520
503
408
486
503
409
507
567
480
489
384
421
560
463
447
461
497
434
507
423
544
440
575
499
452
552
422
469
500
493
386
448
510
425
572
528
471
488
605
553
522
420
592
560
492
469
489
432
473
543
398
482
506
506
433
433
562
431
557
473
561
476
434
548
499
582
550
487
475
501
511
450
548
478
476
469
513
461
508
657
497
475
406
503
437
479
509
402
509
517
427
478
396
589
519
490
491
564
495
519
586
480
438
453
581
505
472
555
556
473
445
411
399
485
449
605
503
390
580
509
540
539
517
530
514
437
521
558
488
531
524
603
486
483
493
494
371
464
517
500
455
462
480
455
471
469
551
557
553
524
460
554
482
501
576
505
514
420
528
445
557
490
374
480
487
527
538
481
557
321
460
437
429
554
547
456
567
506
476
461
456
527
537
513
384
517
532
462
502
395
430
482
482
520
433
481
472
530
580
597
411
497
437
496
524
505
497
584
541
485
501
549
534
476
400
433
508
399
491
474
557
425
391
476
536
561
449
527
437
458
532
541
443
527
394
489
436
454
428
531
531
461
521
515
493
622
452
501
478
479
509
483
451
616
574
524
731
517
558
542
692
652
559
545
614
617
596
536
594
646
613
521
640
480
670
613
538
641
602
583
589
646
539
628
574
611
478
630
611
603
595
642
470
639
663
648
669
616
586
716
562
582
536
637
648
690
599
555
622
531
643
637
572
617
570
603
607
620
575
600
624
528
648
656
621
578
603
483
649
594
626
621
545
603
594
716
488
667
636
665
638
664
569
651
603
708
727
680
575
607
605
694
609
509
664
460
546
548
636
720
624
554
619
639
581
649
607
571
585
626
574
584
602
653
520
547
692
672
549
677
633
511
706
578
617
582
608
558
666
532
609
557
573
590
630
552
592
693
503
642
624
587
577
568
631
604
672
612
597
659
663
584
531
648
636
610
538
630
544
561
637
564
602
638
682
566
598
686
556
648
605
628
608
512
630
534
600
612
697
630
596
547
567
577
718
528
606
690
583
549
520
564
565
701
565
550
694
624
521
559
621
567
491
660
621
539
643
526
551
590
600
564
678
713
617
649
611
631
533
605
687
617
567
685
635
630
563
621
601
564
670
551
568
666
611
625
698
661
668
669
535
500
543
562
588
590
615
493
604
523
608
658
597
597
633
683
609
581
576
714
623
675
636
652
586
606
597
579
763
674
673
505
562
648
507
622
618
544
574
527
664
526
670
500
673
653
521
622
650
588
540
518
605
533
616
686
704
546
610
545
614
593
653
552
607
645
603
600
610
615
613
579
526
619
648
575
600
633
604
688
518
569
591
571
597
573
566
629
676
563
589
607
657
491
575
610
562
600
645
595
506
576
621
626
546
657
632
613
556
673
473
566
602
623
738
536
581
672
578
604
540
536
623
576
551
547
552
621
629
608
562
444
569
489
633
623
567
549
449
664
617
603
549
664
608
558
473
593
596
579
570
691
595
546
655
591
599
675
610
629
596
685
656
705
595
474
568
597
592
557
519
609
661
622
513
517
598
626
571
568
510
636
599
582
606
516
508
560
630
603
583
637
493
728
630
583
532
640
545
537
625
559
555
623
515
622
577
516
604
633
619
562
690
578
638
612
649
599
609
618
632
533
555
728
571
541
654
479
566
626
428
648
620
537
532
594
524
551
678
594
577
442
636
563
562
578
535
628
680
613
654
643
647
618
642
609
597
540
685
589
541
546
605
589
613
560
598
626
625
577
672
669
615
526
529
515
576
611
636
509
544
600
496
556
488
754
607
610
562
566
608
666
669
686
596
620
524
734
713
632
489
591
481
720
675
673
567
614
539
628
526
549
570
693
603
676
668
621
619
583
615
643
511
655
604
683
669
543
559
611
582
607
626
582
591
545
464
628
554
577
592
644
532
644
638
603
532
585
536
617
691
638
522
582
724
505
612
622
582
639
614
569
550
667
527
590
572
529
608
613
601
641
570
606
597
582
680
495
662
633
674
671
630
601
562
572
580
606
518
636
580
582
494
592
555
442
688
563
641
513
686
580
477
567
715
644
634
563
534
557
586
564
632
660
684
530
475
608
576
663
752
573
590
700
620
687
523
578
644
552
483
564
652
566
597
660
627
562
687
661
534
437
573
646
644
644
498
682
614
621
663
696
534
599
621
660
664
545
679
521
671
620
631
621
589
508
628
639
665
609
595
550
604
614
535
591
661
468
680
632
656
641
678
671
664
628
578
601
623
602
450
641
631
573
562
535
608
532
714
503
568
570
620
673
607
580
580
629
611
655
589
645
616
573
505
553
517
653
600
597
621
615
563
582
706
634
503
644
662
648
562
675
621
631
512
664
549
586
519
636
623
506
695
580
567
615
496
571
599
680
658
662
528
685
635
690
608
713
596
664
664
583
577
555
657
668
585
575
630
478
585
567
682
636
579
540
484
641
694
634
631
479
592
654
655
618
593
542
685
657
657
632
651
626
525
672
612
543
620
560
677
604
574
593
597
631
680
596
586
582
536
615
578
570
647
576
594
534
521
597
560
616
537
575
529
635
623
586
557
462
629
569
669
615
544
540
682
607
555
648
562
673
676
543
613
537
596
648
618
584
665
630
581
582
626
577
573
526
614
586
587
642
560
610
682
593
499
567
510
549
636
647
665
584
642
599
626
627
594
618
626
574
657
627
508
526
683
535
605
633
570
637
654
697
680
582
506
627
567
529
620
618
558
577
711
595
495
465
591
602
721
734
677
614
605
662
613
576
738
659
628
608
512
566
558
582
606
551
665
623
592
566
600
613
596
589
572
588
627
633
566
668
526
663
486
531
676
495
618
568
506
655
643
517
622
586
419
616
650
706
702
529
614
580
502
634
623
638
548
651
642
675
535
559
648
560
631
