326 660 545 259 407 764 112 431
703 361 391 485 739 398 429 431
853 850 661 562 618 739 350 688
299 398 645 271 478 362 459 52
217 388 648 472 500 610 359 545
371 224 437 592 554 498 883 566
657 858 293 334 779 372 505 671
643 781 739 671 376 627 550 288
727 629 507 463 308 532 575 367
686 324 160 666 435 480 366 243
701 390 766 629 450 326 383 306
834 526 684 297 529 688 446 665
326 282 561 439 603 184 614 916
496 505 529 202 568 243 432 699
382 580 662 545 281 447 814 176
456 412 519 620 757 457 630 580
576 410 340 324 379 551 622 552
412 789 743 443 368 521 703 553
589 466 573 747 462 523 541 545
274 200 337 527 589 415 720 477
503 469 521 613 607 356 744 325
513 456 332 488 381 512 564 736
549 402 437 522 515 734 723 443
412 91 412 344 443 563 528 495
532 480 532 -17 457 482 445 465
613 404 852 610 499 467 486 354
485 545 593 593 456 273 393 758
643 559 378 501 299 412 461 442
653 273 362 280 302 520 244 621
461 511 552 431 665 469 595 468
547 545 540 344 570 449 601 156
266 558 798 634 391 229 619 487
595 518 505 973 499 475 481 407
658 443 602 546 695 567 306 288
725 403 289 393 702 273 361 393
300 311 257 426 443 391 235 701
287 544 328 607 653 360 192 611
800 567 526 631 622 367 395 598
477 711 387 620 555 480 688 609
339 602 720 479 460 393 498 610
369 285 440 279 584 432 219 444
469 572 477 799 417 490 484 455
523 587 714 249 418 428 650 443
197 514 495 529 334 775 448 470
356 351 304 437 347 829 198 319
436 608 434 608 342 509 779 345
567 533 140 406 681 522 306 611
423 558 560 321 626 339 291 359
445 518 376 619 540 389 642 686
484 466 216 435 453 539 473 539
745 415 421 291 499 656 220 393
506 636 561 552 464 577 662 227
617 484 415 109 279 772 390 326
427 381 520 743 406 525 316 743
530 327 645 692 526 238 786 550
687 412 436 518 678 523 299 542
761 511 521 298 276 398 448 517
527 756 509 670 494 732 201 404
657 473 649 562 651 598 608 739
658 659 503 407 394 620 110 291
346 460 79 701 596 818 670 665
860 409 259 463 368 459 332 591
582 496 550 477 620 511 458 649
702 714 342 414 228 462 567 479
809 435 326 591 524 588 549 539
160 384 406 444 428 566 596 319
610 594 575 273 570 513 654 785
754 518 500 601 322 268 424 695
447 740 54 246 480 642 489 485
481 218 685 391 674 489 671 555
483 536 264 501 775 709 342 581
540 631 515 463 713 535 701 656
448 473 809 531 379 308 656 526
373 608 526 234 594 713 910 506
537 757 527 544 399 277 646 296
683 374 542 440 688 548 813 327
566 508 545 755 594 316 585 434
424 667 404 439 505 651 593 462
456 314 378 395 476 818 392 453
172 596 248 355 667 163 515 628
744 353 400 789 496 382 385 344
430 674 642 312 534 436 625 475
559 475 150 508 297 620 391 403
499 592 473 763 764 774 463 263
695 433 506 601 243 761 640 556
643 589 519 451 382 546 558 673
532 363 248 480 496 484 255 672
672 368 629 652 506 348 758 561
460 624 760 420 611 811 321 412
404 475 466 548 369 400 548 525
640 565 623 317 439 796 563 620
544 568 463 1071 437 494 112 677
412 490 416 478 455 493 492 475
473 709 641 642 383 701 681 411
744 391 205 676 481 656 379 298
697 275 250 192 53 334 153 494
142 325 873 555 508 241 461 508
243 520 691 444 468 173 276 669
394 351 389 491 315 520 282 624
331 711 498 365 646 280 412 500
481 179 353 527 289 703 579 418
465 798 650 561 274 761 668 476
412 470 308 425 622 211 450 518
517 311 311 674 304 661 423 673
433 313 637 497 732 643 463 428
504 530 359 635 436 432 413 537
389 522 943 491 431 233 508 323
440 524 223 525 549 292 437 207
752 553 471 474 681 485 553 743
445 325 368 729 515 420 656 660
424 344 249 213 458 357 797 509
189 727 526 613 609 547 584 538
323 559 664 466 588 567 791 460
453 481 484 136 397 548 499 372
394 443 372 418 414 643 663 649
568 387 654 450 504 714 513 540
274 578 343 662 470 142 443 464
578 607 448 662 -7 386 322 299
654 633 376 688 516 433 389 375
576 604 538 172 547 590 393 507
202 303 448 450 556 310 445 422
584 727 775 249 492 322 490 568
513 492 737 615 456 504 639 598
432 216 310 523 214 476 427 660
289 191 433 602 671 355 575 322
380 591 615 340 576 201 468 319
371 296 589 589 389 560 542 479
845 365 502 439 441 526 453 362
520 689 651 532 382 530 674 691
558 442 468 624 610 219 605 614
358 378 379 391 273 550 374 489
420 541 338 539 562 632 815 165
551 387 192 635 713 437 534 490
569 641 555 555 702 474 648 368
757 618 435 162 500 311 548 732
526 472 555 546 122 539 599 459
657 480 623 864 485 189 446 224
598 709 611 551 397 752 621 546
533 518 572 402 744 524 596 431
560 135 321 495 288 890 233 555
765 577 450 412 608 372 481 611
451 514 451 345 690 723 449 458
472 586 355 486 542 603 55 565
555 661 416 417 692 250 761 909
576 630 262 389 669 558 471 537
581 453 495 494 332 552 789 777
264 591 608 434 346 289 429 556
475 402 300 556 671 352 572 199
395 617 321 403 727 383 363 592
813 462 623 715 552 457 360 272
678 529 713 658 401 310 566 399
560 383 362 477 649 549 689 303
331 486 847 608 329 488 535 409
598 475 452 702 226 346 369 364
383 578 675 647 337 483 572 538
709 392 525 437 540 327 351 383
410 748 688 466 528 245 471 526
683 552 569 548 543 277 433 730
632 579 511 606 349 247 439 586
517 662 556 507 712 681 484 324
355 474 441 765 231 490 329 519
561 435 585 468 471 433 604 522
752 703 589 154 263 658 424 538
399 583 653 306 370 234 537 234
441 583 829 559 700 541 549 466
439 688 560 554 403 445 831 489
712 417 628 546 435 604 253 592
626 544 710 489 476 557 639 591
464 341 606 374 369 395 509 373
318 395 471 573 511 327 537 552
427 373 373 415 854 358 543 386
419 387 628 561 479 580 619 364
588 385 634 618 565 466 416 458
623 391 508 220 542 334 289 583
534 429 452 863 469 468 604 514
658 544 622 571 603 493 536 457
597 285 616 660 619 483 581 376
634 324 595 585 565 428 622 206
624 531 668 532 794 349 598 358
480 619 600 833 444 706 459 388
240 526 417 636 415 424 557 775
326 663 640 465 608 455 879 482
513 448 229 458 537 740 579 470
510 552 439 609 760 442 693 640
586 518 554 465 794 385 682 748
448 687 523 510 488 242 588 731
387 636 486 325 660 770 373 535
270 493 578 780 749 763 416 461
234 386 268 558 388 324 443 310
549 546 449 383 286 589 537 574
451 465 731 404 450 619 548 173
230 394 646 607 583 600 345 596
353 652 418 545 200 284 675 611
305 706 325 503 423 352 687 770
529 744 455 517 521 315 580 614
472 229 559 258 370 521 377 541
464 239 527 594 662 441 490 261
814 741 495 480 31 666 590 630
435 425 302 624 700 680 530 448
332 388 575 454 763 684 404 305
412 670 416 587 409 555 585 658
729 710 415 476 312 462 504 435
419 665 645 564 296 532 439 711
212 411 406 425 653 124 467 636
657 412 391 555 524 511 -108 320
362 603 269 333 475 294 603 437
793 399 408 629 395 742 577 451
474 956 578 524 479 666 257 471
47 415 636 721 597 602 225 391
736 416 478 371 351 425 394 653
534 663 278 696 503 794 492 261
705 478 156 523 537 672 -74 684
424 808 225 587 566 432 376 440
445 299 659 325 664 214 472 474
497 653 468 427 468 657 307 337
187 824 314 198 371 402 734 426
547 213 533 236 450 378 509 602
286 318 531 610 727 424 261 530
373 352 725 599 384 497 486 526
435 196 344 415 504 327 530 439
378 297 571 568 628 588 600 561
219 455 271 719 498 703 335 485
542 447 530 737 335 78 756 373
680 604 465 561 318 514 595 376
439 550 712 499 431 477 686 397
452 399 467 534 665 160 589 357
595 698 659 525 634 349 489 743
374 532 441 469 565 457 499 419
208 531 570 721 479 277 379 586
486 545 444 799 776 351 645 549
502 362 759 686 267 721 494 404
344 651 564 360 370 438 418 584
561 398 235 287 639 341 518 218
564 807 288 588 544 647 479 544
529 592 366 531 630 687 579 319
251 565 338 635 454 662 840 490
481 662 670 772 531 399 501 400
538 361 644 612 522 504 469 710
690 523 363 312 546 398 576 438
624 533 660 143 464 855 99 635
567 706 472 690 695 531 314 646
344 478 652 675 444 600 253 424
735 715 607 477 636 496 527 514
376 616 329 624 346 384 45 475
530 632 710 262 658 426 488 483
428 358 545 630 298 497 399 675
579 741 252 665 526 384 578 751
757 632 341 550 555 699 474 502
395 607 466 530 425 508 327 526
404 612 796 635 321 443 242 502
216 308 675 638 257 428 574 563
240 542 403 692 468 557 483 607
377 607 693 794 753 414 592 629
594 621 568 413 533 635 574 325
360 435 467 525 344 627 203 585
581 603 9 284 444 527 487 370
705 552 437 342 511 701 506 495
511 519 463 344 745 602 839 580
463 349 447 316 836 497 626 654
673 908 485 471 526 620 529 457
385 376 543 340 210 518 686 606
497 564 236 390 768 689 386 781
385 368 746 709 406 492 445 581
751 585 482 285 624 304 470 653
630 634 612 523 548 515 577 586
521 582 390 451 537 808 585 478
465 619 484 602 582 301 576 574
627 366 675 473 818 780 403 281
612 369 684 585 267 625 522 566
744 479 621 404 408 465 401 591
288 633 378 560 310 576 673 502
748 478 566 352 570 409 385 753
297 482 614 537 204 597 279 429
461 33 483 607 473 530 862 680
510 914 398 583 248 564 482 510
559 545 328 439 501 271 628 801
549 416 132 257 554 702 465 262
361 408 191 450 643 231 410 176
369 476 663 573 311 515 447 498
468 550 529 639 519 770 583 737
615 392 699 689 40 412 731 669
266 637 776 597 264 375 564 466
704 617 814 663 588 450 725 501
336 508 485 341 632 478 563 375
474 624 461 442 849 551 617 619
516 584 344 732 700 530 501 302
665 459 598 269 601 472 502 273
609 402 492 629 486 818 356 538
566 337 514 469 536 573 724 546
588 740 247 458 506 251 512 123
613 263 300 584 233 829 519 484
693 487 539 475 420 559 584 296
359 394 495 555 845 544 472 386
658 498 555 500 588 577 560 501
515 561 192 495 657 423 166 278
512 385 521 497 425 354 531 511
480 640 532 405 443 490 520 714
770 425 337 413 567 633 435 354
561 600 666 398 553 239 483 615
737 548 461 275 537 601 662 539
347 589 770 458 372 447 498 416
613 569 447 497 254 551 277 456
426 575 429 492 739 249 518 638
400 503 282 243 616 448 290 424
597 588 668 419 400 553 660 440
653 447 826 225 746 260 696 514
427 355 352 609 574 470 496 361
479 642 355 583 426 256 670 280
426 671 374 651 428 485 802 682
514 395 504 764 848 401 731 248
594 560 667 367 523 202 399 497
531 947 418 503 316 198 644 645
280 230 398 767 262 609 521 452
403 539 450 436 467 678 534 511
721 457 729 392 585 448 489 397
453 388 564 368 586 876 251 120
342 619 386 592 652 460 642 137
634 628 484 661 731 809 811 509
477 488 72 612 876 591 273 341
350 765 580 602 557 322 349 609
514 203 626 727 501 449 719 469
402 254 421 799 686 519 499 658
516 298 523 528 502 541 389 525
243 353 461 596 452 570 664 887
453 397 506 532 587 630 455 616
513 696 455 522 543 681 499 334
229 665 602 766 515 514 529 414
387 570 689 597 423 568 528 410
304 367 691 541 403 512 598 414
378 216 674 594 607 590 176 518
572 511 124 480 459 666 483 417
417 616 608 466 436 132 173 366
477 373 258 494 497 709 443 462
385 917 603 367 185 294 353 282
481 337 243 602 253 91 650 786
506 610 607 877 342 427 430 509
467 487 523 816 544 633 607 557
457 629 220 746 607 516 498 535
630 574 718 774 675 261 417 656
841 406 596 696 517 305 813 361
382 543 509 353 768 583 645 493
499 712 417 443 575 645 645 349
327 364 641 641 551 548 236 551
248 632 450 539 466 487 322 473
490 533 587 577 543 396 292 340
369 635 672 373 314 240 400 567
326 690 559 671 373 614 323 611
731 728 415 359 473 751 282 258
173 515 228 691 763 478 883 537
419 417 729 627 175 199 265 405
292 378 368 321 839 727 785 769
489 518 352 524 340 244 377 640
516 596 503 353 583 515 711 717
453 519 357 362 408 579 417 747
576 457 663 382 397 716 291 476
439 383 658 638 608 504 603 180
435 506 406 530 881 518 566 532
308 262 241 545 174 603 468 572
288 748 491 197 697 296 304 308
450 594 589 903 394 427 282 325
679 420 572 505 332 368 200 468
513 451 659 288 507 339 561 357
630 602 553 541 546 553 585 443
321 493 582 582 777 420 274 413
432 371 334 478 489 334 317 559
575 369 472 579 521 750 285 251
616 556 412 674 397 582 471 376
432 687 438 741 525 459 339 608
533 487 516 481 309 605 797 772
517 459 514 401 545 560 308 447
640 644 299 675 454 496 474 162
567 243 633 292 670 537 597 385
211 343 551 573 362 712 497 238
543 376 632 536 524 454 680 355
554 507 335 488 349 826 663 239
428 598 688 639 805 521 705 315
639 466 477 721 655 473 908 701
429 112 544 437 400 421 525 710
343 489 468 368 545 784 599 511
430 507 225 490 469 576 652 619
479 417 400 375 402 480 305 571
483 366 398 634 645 882 591 392
385 562 629 725 360 516 314 561
338 733 376 597 524 508 211 485
343 406 578 935 804 583 562 444
340 571 429 781 843 842 398 419
306 604 363 403 358 411 765 105
584 371 875 632 337 402 409 684
771 525 477 667 504 575 535 374
718 405 810 689 531 301 768 550
643 736 321 558 440 551 573 234
464 514 300 382 520 610 477 388
339 443 372 595 540 396 536 873
620 541 615 702 257 432 401 397
838 582 679 548 940 178 422 430
444 646 514 604 667 536 617 430
397 358 514 347 329 604 351 591
448 407 645 659 534 726 231 673
371 463 557 389 493 432 464 837
203 466 563 319 473 548 557 632
676 447 514 273 492 268 502 632
566 515 629 671 367 690 379 429
616 528 496 528 710 511 619 615
834 721 613 615 527 474 498 504
428 434 490 448 469 473 645 627
664 699 385 505 548 571 582 727
412 537 305 567 245 558 699 599
330 376 599 482 151 727 530 271
538 854 477 474 397 604 540 630
384 617 312 579 373 506 251 516
497 255 777 600 326 339 460 409
485 153 771 385 694 473 892 637
670 691 513 524 480 558 512 558
373 433 589 503 578 607 642 579
463 362 685 389 500 759 373 456
519 214 329 700 572 632 541 188
337 144 603 934 249 671 674 530
281 361 177 480 535 632 467 364
390 479 548 723 827 499 328 697
909 379 420 481 504 392 278 598
478 681 587 663 510 612 384 580
662 712 453 596 709 251 443 594
455 395 571 426 513 253 427 547
486 495 553 677 463 498 514 425
376 637 316 597 468 447 554 578
336 496 431 383 167 638 644 315
484 305 444 399 717 282 215 444
454 815 379 736 581 765 545 242
352 588 359 883 208 400 576 504
425 732 512 673 433 667 537 241
306 681 500 683 617 321 310 484
527 389 582 466 379 541 397 268
752 185 235 633 542 409 811 437
482 502 598 610 718 425 493 452
287 447 553 518 728 532 342 418
369 404 486 622 638 354 567 489
444 393 382 415 667 650 633 136
699 549 639 473 530 714 662 352
373 572 532 358 491 391 593 864
355 571 567 468 440 445 266 184
362 403 619 324 416 672 627 577
677 925 484 598 479 471 356 771
531 745 561 362 503 604 535 209
503 438 434 281 802 657 368 464
707 240 752 558 576 474 571 813
518 390 416 667 545 538 412 726
521 371 220 304 565 359 175 365
476 595 95 492 644 361 408 532
341 354 481 528 592 503 500 540
360 164 356 422 369 318 670 367
441 592 570 383 358 489 389 479
362 567 274 466 547 547 887 463
523 485 805 661 809 408 526 508
316 555 342 669 467 257 410 508
779 639 515 640 527 358 566 638
988 547 423 649 610 753 620 226
490 706 774 367 465 605 435 459
646 662 683 581 339 478 342 419
592 527 854 542 565 496 623 767
527 744 484 672 487 484 176 212
481 621 493 365 346 620 336 634
611 740 894 460 482 731 493 250
377 562 306 823 708 351 364 522
432 484 609 469 728 639 664 315
271 497 787 695 619 699 323 270
708 403 372 597 460 480 555 528
240 425 616 390 448 454 92 516
402 594 542 373 575 422 390 266
570 476 418 249 676 455 554 549
280 610 459 468 189 696 516 465
389 491 602 487 575 325 207 375
442 334 488 457 198 618 464 315
257 865 421 159 267 513 382 460
493 495 494 472 758 443 677 533
653 589 682 906 487 571 803 538
77 428 443 521 397 871 849 239
352 669 370 434 374 725 488 701
407 628 458 531 431 458 485 540
625 348 289 702 826 654 709 441
599 569 528 364 241 699 625 395
557 427 649 585 748 521 487 507
948 610 518 645 463 557 663 86
289 301 446 444 573 608 736 449
437 424 357 532 305 685 543 631
759 137 479 404 574 635 569 522
473 649 505 772 419 793 311 544
513 388 283 649 500 653 786 608
654 439 729 745 592 465 509 525
575 499 454 473 501 697 352 190
257 536 545 688 898 474 670 408
677 546 309 553 584 562 457 737
683 611 389 438 632 774 666 472
526 699 293 277 669 523 351 471
445 582 481 571 755 532 484 419
425 484 665 627 264 801 413 413
473 830 603 537 407 529 865 640
429 445 597 654 316 563 616 702
307 869 435 430 420 594 352 778
426 520 321 416 178 495 483 218
470 581 717 355 209 480 787 449
425 673 439 442 391 518 497 526
516 251 604 277 452 700 595 745
423 411 688 524 832 353 617 602
691 600 614 528 658 426 649 802
390 615 571 351 518 645 624 362
545 577 648 509 411 680 329 399
624 553 524 372 647 593 813 612
279 517 486 475 468 526 382 246
565 675 574 547 377 638 185 826
411 614 427 517 445 180 601 329
316 422 454 556 418 929 254 448
578 674 601 635 389 595 708 579
883 490 447 225 430 582 643 724
535 409 289 471 336 468 278 443
399 663 313 230 625 741 624 477
363 466 437 308 502 706 637 557
491 343 674 270 157 490 432 443
616 586 606 675 297 780 363 550
800 761 726 497 267 329 449 391
385 462 398 417 515 341 615 651
427 502 743 628 759 623 665 409
495 378 513 587 538 260 374 312
550 437 543 168 516 337 614 623
589 651 630 417 269 614 551 136
226 293 487 276 605 418 747 568
479 567 351 731 668 539 809 266
630 693 579 475 170 674 432 489
658 658 315 342 387 610 673 580
430 477 722 320 625 483 578 504
665 585 511 862 700 543 624 519
389 224 830 430 594 702 430 456
583 585 505 331 706 622 529 629
-19 510 432 186 587 343 727 477
607 407 632 727 248 599 236 482
542 325 447 739 643 666 761 449
660 404 700 319 367 780 597 553
471 439 488 486 609 772 366 529
630 456 632 280 868 554 493 386
458 618 882 292 484 320 306 514
420 553 611 300 415 456 153 459
296 464 493 200 322 563 642 803
556 395 353 296 664 282 376 480
704 598 478 601 808 446 683 598
699 523 390 333 469 338 271 875
351 422 521 789 607 723 527 505
534 697 357 406 649 724 268 422
580 597 690 732 434 678 361 670
472 572 626 642 560 553 299 572
397 421 565 754 658 489 470 386
509 129 480 397 473 258 434 739
531 321 427 521 134 878 541 541
625 590 730 772 369 189 229 852
328 741 329 708 706 537 398 684
412 750 406 722 389 381 613 503
603 946 353 444 522 332 235 353
618 387 388 578 339 647 809 546
571 386 546 577 297 347 371 534
416 531 422 676 471 338 761 831
623 574 496 571 328 316 593 310
791 374 588 302 497 567 431 399
457 709 662 677 666 743 630 135
603 572 465 264 391 447 640 615
314 598 193 432 497 620 459 590
547 578 606 455 641 749 474 138
605 504 577 373 426 509 472 491
421 479 609 586 298 534 383 560
691 631 395 515 561 573 363 585
551 347 558 429 356 436 348 385
737 293 625 575 744 820 477 551
510 324 430 943 568 251 601 669
613 266 542 239 461 54 205 553
676 481 609 801 338 601 700 529
565 579 430 702 296 435 521 651
323 649 481 662 847 652 554 556
603 597 365 540 589 348 483 278
78 468 448 744 272 595 530 671
432 597 342 572 523 421 683 522
612 750 711 672 467 556 589 637
593 412 462 469 440 623 215 402
451 702 343 583 519 395 832 614
420 689 507 310 26 604 566 359
262 381 417 574 544 434 221 303
755 429 698 645 235 624 333 350
627 414 253 315 435 607 261 506
762 288 415 423 347 630 482 486
736 544 488 489 375 693 427 504
172 602 727 699 333 596 508 401
584 607 572 579 485 764 365 563
285 484 541 528 609 373 370 297
367 390 364 280 552 455 524 436
845 184 405 257 612 398 543 301
505 475 412 986 545 199 848 472
318 385 650 672 576 382 610 543
528 513 460 524 416 606 538 810
309 700 356 408 484 750 360 667
659 695 401 633 504 577 433 190
532 627 648 559 443 380 632 645
494 541 530 421 642 734 233 584
567 474 343 779 472 779 641 509
473 530 585 529 435 676 766 497
525 620 446 165 525 672 293 154
595 339 275 311 553 709 281 534
547 534 601 496 271 538 667 458
368 629 414 459 633 592 880 437
682 361 839 733 623 286 587 390
618 528 473 813 368 418 619 408
414 650 648 814 601 675 508 465
531 415 687 374 629 833 490 707
562 516 637 610 584 507 393 770
549 638 844 663 337 326 826 236
387 611 551 268 520 824 361 252
397 520 436 665 688 720 654 463
415 510 667 362 553 666 684 602
328 463 487 199 358 728 429 263
578 690 219 471 360 371 344 539
486 722 333 741 505 517 370 568
722 358 681 390 427 542 494 484
498 824 525 326 305 453 803 911
652 304 352 310 354 117 591 401
798 566 616 211 420 305 237 593
510 252 710 599 397 589 526 402
383 613 552 260 622 298 414 635
475 643 806 384 598 640 700 522
357 255 618 663 659 606 333 653
194 625 331 320 273 202 646 283
551 742 318 603 320 411 345 383
601 517 278 292 717 245 737 374
508 535 423 590 461 360 373 448
755 503 402 304 493 413 147 583
624 585 793 566 451 589 634 486
544 483 721 706 465 376 486 237
625 644 337 637 466 803 878 466
258 706 785 626 507 681 319 677
387 470 708 703 477 398 522 358
694 393 338 640 557 403 414 465
355 528 468 238 433 728 351 405
436 483 279 374 469 599 581 539
540 345 193 274 557 576 343 768
762 362 515 672 739 536 423 593
582 776 623 580 494 586 155 543
603 244 332 199 586 631 273 451
340 588 345 357 567 872 370 392
452 594 530 397 427 412 324 660
441 582 401 517 671 737 655 355
266 496 580 774 487 628 546 305
604 479 639 281 631 481 419 752
632 629 478 314 294 448 277 424
493 444 532 133 627 481 592 441
477 322 538 386 540 638 526 814
567 492 532 528 602 406 556 352
523 606 641 441 693 466 309 519
617 388 282 500 483 374 713 631
661 294 455 423 440 664 409 397
665 788 709 356 174 376 479 552
419 683 592 502 274 685 493 216
696 803 464 337 678 729 613 169
397 355 590 736 502 475 263 287
501 729 421 407 325 296 653 460
631 205 443 741 314 336 480 499
546 481 509 501 353 429 285 530
358 586 584 163 634 609 517 149
200 627 418 547 48 576 382 377
656 442 557 363 811 370 626 415
524 468 458 450 355 562 536 490
711 633 387 520 668 480 502 436
424 639 535 601 526 426 331 445
589 570 244 789 398 486 534 767
366 370 342 536 590 528 796 446
534 215 120 583 584 315 490 597
450 369 488 819 629 430 643 543
512 554 555 290 542 444 492 351
562 532 495 543 557 648 269 768
511 439 643 490 766 533 657 506
447 611 740 695 605 636 665 666
680 186 391 626 617 181 459 245
296 509 398 422 431 539 631 348
472 547 452 618 507 692 329 899
403 724 683 770 627 388 26 381
673 538 336 305 314 424 476 745
546 406 561 373 740 259 594 284
433 603 571 466 516 252 259 587
785 633 540 660 523 645 564 519
248 559 558 623 480 553 419 751
419 409 508 232 360 242 765 566
414 344 833 241 502 712 400 341
289 634 386 347 220 395 627 599
492 407 385 262 558 517 485 548
624 594 182 446 548 490 403 463
784 713 513 437 583 650 556 330
508 526 325 524 599 589 714 286
540 421 638 663 286 443 344 485
491 709 579 669 653 331 508 652
722 620 226 571 490 613 388 514
450 704 599 460 400 432 768 469
824 529 316 681 172 517 873 770
728 654 693 367 629 561 719 766
428 268 507 741 271 464 188 393
559 494 365 738 433 195 811 671
550 346 330 520 524 270 340 578
298 676 438 683 409 608 539 771
396 833 731 393 407 558 622 345
304 222 745 497 218 455 631 564
803 532 452 547 744 605 480 332
476 291 567 566 341 373 633 493
587 405 372 452 312 408 652 398
751 652 642 555 386 325 318 533
884 576 740 476 407 628 421 453
516 328 541 478 292 507 614 371
870 297 361 594 510 346 614 314
621 696 604 531 395 350 621 623
407 532 828 437 569 561 608 780
700 365 536 149 443 194 282 551
852 576 783 147 311 372 383 658
331 350 388 141 428 564 458 503
529 417 431 461 517 415 305 552
240 385 423 346 366 589 777 247
431 513 515 234 515 500 581 313
491 360 545 768 629 424 541 529
289 843 593 658 373 302 417 516
472 334 620 405 726 469 443 472
483 546 315 798 623 713 306 565
651 737 221 357 444 557 319 696
339 187 525 428 510 477 723 607
484 284 427 425 256 625 278 277
380 316 436 271 441 455 560 542
464 554 457 718 382 409 500 378
706 600 611 585 615 387 580 328
349 560 492 541 408 381 443 510
446 633 449 244 569 686 573 636
365 553 593 492 301 518 719 421
842 471 559 338 153 646 597 40
464 434 642 612 346 656 494 517
573 638 219 355 281 588 860 323
367 616 686 584 550 268 447 488
778 481 482 465 329 824 367 351
553 357 566 727 308 443 420 545
626 338 507 411 552 343 479 615
492 614 471 634 324 349 767 511
761 721 546 328 606 395 404 351
457 472 394 264 480 283 583 381
208 299 502 560 546 306 647 670
637 628 521 601 727 525 464 387
290 780 553 775 633 612 774 509
432 324 370 310 464 256 239 189
393 461 186 408 741 712 524 421
337 476 485 642 581 518 491 358
117 604 393 645 449 471 378 702
518 312 417 256 496 278 256 824
838 494 690 414 403 589 616 483
706 733 656 497 774 712 428 539
536 116 428 532 600 677 568 330
476 793 735 449 484 612 349 516
664 339 718 489 414 235 560 553
297 127 432 261 188 496 449 359
333 549 525 692 472 181 387 343
472 281 278 297 448 601 428 438
722 707 477 364 609 501 714 549
392 395 639 433 365 788 319 292
570 423 553 447 523 491 407 621
453 517 576 392 493 662 487 575
471 570 415 504 647 714 473 489
486 622 196 700 304 426 654 498
507 527 546 461 477 685 675 866
739 609 636 593 528 302 552 393
577 649 253 640 468 647 633 352
433 572 272 475 726 650 753 412
385 577 409 309 711 659 470 581
760 379 728 329 319 529 424 486
461 653 432 300 483 884 317 525
297 252 401 635 720 516 475 583
404 481 615 246 407 471 573 241
209 169 371 616 572 642 473 474
478 423 906 562 362 466 645 191
458 678 597 427 639 483 343 468
712 572 496 258 444 626 645 234
330 459 441 601 250 386 633 647
267 597 273 597 611 527 344 182
729 265 393 457 505 585 569 534
467 355 659 562 614 465 616 109
673 468 427 415 398 503 535 757
506 314 862 493 475 414 276 696
309 661 454 593 451 552 498 505
701 502 325 245 409 603 597 627
566 562 380 591 740 480 605 408
668 607 521 349 556 765 520 867
296 381 389 503 649 416 503 592
523 512 490 730 375 749 407 607
591 500 509 574 468 401 681 452
510 469 546 618 388 134 851 312
540 350 493 209 824 468 479 631
389 227 715 173 537 264 563 597
474 410 375 496 433 349 453 430
943 445 418 610 805 367 474 389
696 617 604 368 518 677 755 455
591 665 546 681 190 600 512 631
848 624 243 340 617 624 778 646
351 863 449 546 394 619 748 733
510 500 624 463 666 719 563 417
494 723 979 631 408 391 510 652
296 525 605 630 516 272 743 732
530 436 475 456 535 567 297 256
462 525 284 549 674 423 657 365
575 326 469 304 489 589 716 375
433 217 594 357 360 479 694 353
684 618 507 644 494 319 502 477
316 665 375 245 356 562 679 543
526 865 357 412 456 317 402 785
478 556 338 473 691 412 795 565
732 657 624 581 564 704 394 575
285 761 630 586 415 499 575 142
581 438 719 625 608 690 642 868
587 731 762 496 665 605 467 663
615 932 634 660 720 584 537 520
269 448 778 619 475 714 748 540
895 545 467 553 551 591 512 671
323 533 479 580 183 575 521 247
564 502 727 536 591 683 606 434
635 525 434 548 287 413 288 494
290 555 666 633 292 278 402 485
259 392 393 431 158 267 414 369
471 424 517 251 465 247 588 656
362 481 572 444 517 369 749 484
451 620 594 238 673 464 209 458
341 568 631 501 403 345 567 477
287 619 376 593 415 387 527 828
570 376 630 455 736 260 767 610
354 313 654 423 313 529 585 582
314 400 518 316 466 499 501 187
424 383 390 729 574 417 717 733
473 377 587 268 525 436 222 717
331 125 456 256 764 396 839 195
852 462 430 469 628 351 628 388
390 452 609 347 803 406 848 350
874 667 764 281 357 343 491 613
661 579 599 729 501 431 603 581
278 527 907 510 668 469 764 600
406 659 800 600 516 614 549 643
449 347 677 859 573 508 968 682
666 552 420 442 469 276 465 524
455 550 488 526 401 449 499 382
485 401 674 461 582 410 466 485
299 236 283 610 582 455 225 618
405 540 551 695 504 -90 600 363
255 348 136 617 317 626 479 472
598 45 605 530 664 430 559 372
600 624 74 553 344 467 460 533
574 457 404 396 268 200 700 271
755 323 608 689 435 487 533 527
380 248 541 563 391 692 411 623
619 236 631 118 541 375 518 690
590 591 657 423 586 522 424 552
378 594 283 719 442 573 430 378
485 749 505 366 216 510 519 366
592 532 511 551 307 538 495 678
407 604 498 653 897 549 409 528
580 417 461 443 736 510 575 332
296 298 536 372 360 594 656 394
-71 281 224 752 451 322 773 285
525 366 263 339 686 468 634 402
383 433 666 403 350 279 411 270
838 543 260 588 393 504 311 465
547 452 644 665 744 279 538 749
414 689 527 358 416 537 410 678
612 438 285 515 799 674 661 626
783 542 808 535 453 746 514 557
548 611 515 317 618 548 449 371
610 352 406 188 453 650 502 332
767 585 382 551 459 204 583 403
773 700 342 267 434 628 606 766
523 270 446 298 665 583 406 484
718 717 468 432 659 397 357 538
480 427 774 480 461 447 521 456
505 233 315 743 669 685 480 306
654 640 370 943 594 633 312 832
525 592 485 574 273 640 573 250
679 499 743 383 221 543 574 813
400 574 670 538 536 285 654 496
869 698 422 404 295 497 666 579
703 405 682 491 704 259 390 390
627 246 482 685 616 506 742 569
544 456 790 758 559 560 533 510
478 584 383 375 365 643 188 780
404 306 493 330 400 425 486 168
567 402 189 516 795 221 467 516
713 328 661 381 630 672 435 301
549 520 311 558 489 491 515 496
411 597 332 812 61 629 639 451
309 511 346 449 358 657 488 685
492 217 527 723 480 303 446 320
651 317 341 489 702 346 464 427
441 151 280 369 546 408 251 444
550 750 553 342 501 453 270 506
725 708 64 472 430 456 515 287
455 458 787 294 512 209 712 437
533 448 277 537 548 348 518 476
752 646 629 537 513 413 347 658
319 483 300 452 422 598 310 85
560 658 405 512 459 440 595 581
611 499 527 505 554 474 282 521
546 532 683 604 636 319 604 474
349 666 271 241 455 935 527 654
521 367 634 314 583 159 319 762
761 352 618 655 590 490 189 765
392 652 672 446 549 527 355 493
563 732 745 318 666 169 458 309
651 577 243 372 526 485 446 455
249 730 677 625 499 553 724 411
477 182 525 506 422 590 553 714
333 410 629 476 494 868 301 486
378 657 405 555 619 618 540 494
374 497 528 582 476 790 474 687
909 789 618 455 712 331 367 563
549 534 655 428 728 611 419 696
670 554 319 269 506 287 749 846
380 780 546 488 713 635 431 588
633 880 593 565 643 401 618 341
882 543 493 803 379 398 471 428
767 333 569 357 270 151 672 340
403 558 620 355 589 762 542 394
298 525 499 644 580 410 268 276
519 492 504 406 603 579 747 538
508 570 440 646 547 562 659 767
532 448 578 407 429 770 476 336
446 395 441 234 470 400 697 663
416 261 392 647 476 298 502 665
444 413 395 450 531 710 538 630
541 351 716 360 402 609 568 334
288 648 663 518 343 501 709 551
398 627 812 840 584 492 261 382
705 625 529 367 621 598 582 379
392 292 148 414 535 425 679 294
711 634 300 913 463 339 346 423
442 407 547 699 393 543 673 418
388 527 -12 489 825 429 765 565
464 537 571 398 266 456 388 598
609 429 584 567 142 655 281 463
757 634 287 511 507 544 281 850
570 521 652 470 599 381 395 589
501 493 559 313 82 457 282 557
677 469 274 480 363 683 501 693
369 497 378 578 453 385 274 634
599 411 380 578 701 -73 681 551
579 430 340 550 236 709 579 336
594 260 600 625 508 593 344 97
616 662 702 474 336 111 1030 609
566 395 533 531 434 555 501 756
235 433 513 510 62 468 585 56
709 611 859 352 358 309 445 443
174 337 625 374 754 262 600 366
542 509 587 172 605 515 494 719
751 749 280 661 435 305 476 288
464 617 425 552 716 557 795 565
296 403 495 539 656 338 459 554
554 794 222 599 548 547 756 402
280 257 413 545 507 766 300 509
356 371 582 655 493 378 319 454
470 630 296 799 954 528 535 538
593 362 526 476 432 659 372 653
566 666 483 433 490 656 734 637
164 679 506 506 113 388 608 325
92 486 332 583 649 521 458 405
514 377 524 667 470 530 577 413
509 386 361 605 317 496 453 369
556 257 322 353 301 404 505 493
522 443 501 707 198 543 460 436
363 177 496 299 610 365 394 433
585 613 601 402 607 269 593 558
584 371 464 702 250 533 431 475
546 325 586 327 460 234 498 286
557 813 435 344 444 538 306 470
807 597 343 523 447 405 349 798
113 642 417 726 296 586 669 515
546 364 397 439 542 277 191 359
581 387 403 555 501 534 568 436
309 254 234 608 236 613 413 566
579 475 561 547 671 278 528 418
402 415 704 276 473 392 636 339
455 649 651 472 499 598 484 374
268 529 320 538 329 534 403 382
827 451 712 214 379 692 412 600
225 486 416 578 338 348 580 493
678 304 578 455 240 501 360 446
197 282 655 594 372 569 308 308
418 449 287 444 629 663 357 426
288 464 155 573 539 507 586 289
653 574 428 677 545 517 484 550
617 160 283 498 488 329 568 200
638 617 395 475 405 441 608 584
499 197 776 560 445 740 341 349
757 551 509 561 588 420 273 701
541 633 353 555 190 371 473 485
710 269 481 542 664 215 584 582
143 668 766 415 772 531 167 451
605 552 688 481 216 698 447 848
516 597 316 111 526 523 469 507
582 510 725 541 705 670 754 540
726 499 441 333 354 202 817 594
782 416 295 514 450 680 465 449
872 209 454 610 417 420 706 845
663 394 782 621 593 243 437 683
448 580 522 564 457 657 778 250
455 619 705 380 528 125 425 825
499 187 644 485 587 563 536 370
240 514 645 369 377 576 804 779
331 601 529 571 486 421 687 352
549 768 499 597 698 365 332 357
828 439 513 404 374 433 687 552
583 432 617 563 286 575 334 652
499 355 581 349 560 253 542 574
343 341 356 313 515 415 358 527
278 542 704 871 360 359 285 769
789 767 397 777 461 217 213 582
266 637 665 790 426 354 375 483
395 474 682 469 359 505 307 496
709 388 363 471 839 495 301 594
597 734 549 305 287 443 703 363
564 407 566 734 538 400 571 854
435 559 655 659 622 561 736 690
428 572 556 438 182 642 423 451
552 356 573 722 536 692 394 586
490 168 684 493 571 467 460 455
429 452 406 397 313 936 395 543
301 485 350 388 388 538 389 753
520 197 560 800 547 580 453 599
646 526 386 971 365 480 437 862
748 485 446 641 649 589 418 584
729 637 376 715 260 799 638 426
715 607 553 568 729 428 679 528
631 255 684 631 609 585 720 232
709 779 736 796 645 560 927 494
550 418 704 735 853 597 473 662
406 721 704 521 649 515 610 619
658 530 600 669 397 737 760 660
539 609 269 738 583 673 660 445
610 583 929 284 789 701 785 707
782 514 746 610 906 959 826 529
621 615 865 626 342 780 204 448
452 702 940 668 471 653 712 547
737 619 518 557 674 526 556 606
750 374 450 860 805 456 816 693
349 899 539 649 548 622 481 786
408 626 477 524 571 685 465 578
863 327 719 669 563 534 510 688
612 805 635 593 766 779 554 405
735 701 628 424 686 441 489 704
498 604 708 831 503 596 843 475
737 614 679 623 351 686 415 600
634 873 685 589 450 508 536 933
396 618 853 552 457 374 499 501
885 500 457 866 668 375 484 661
508 291 768 660 428 723 389 461
572 600 499 819 920 648 739 631
689 411 614 847 648 506 840 700
684 496 660 603 497 799 461 509
786 632 671 877 771 793 796 415
318 438 494 565 572 642 296 610
382 622 763 591 592 694 834 626
546 532 922 665 813 702 747 559
616 591 542 1061 810 806 330 492
735 338 662 652 441 527 393 782
391 798 318 805 750 377 663 741
565 431 368 614 410 647 842 893
447 627 443 641 580 750 465 619
726 609 599 629 641 636 540 391
653 736 529 599 693 610 849 369
512 574 519 593 524 505 683 814
496 568 619 762 292 530 629 491
601 728 585 334 533 658 673 446
761 691 636 475 806 242 504 607
665 990 418 545 802 538 611 429
419 665 534 461 451 466 658 682
624 493 159 512 287 694 665 507
457 172 781 648 607 456 782 622
483 242 579 590 540 516 858 585
448 756 575 597 812 628 681 589
840 759 896 586 243 508 591 577
477 372 626 772 661 353 366 593
674 517 510 344 701 598 550 618
363 339 487 685 608 551 703 298
962 684 553 408 714 444 423 671
485 472 666 360 662 534 361 611
693 654 492 855 537 707 634 740
597 627 652 689 410 472 963 517
433 753 258 503 674 112 735 655
421 407 582 386 461 821 583 534
153 703 496 492 539 416 679 825
637 753 721 733 651 719 625 591
431 841 570 432 447 614 569 637
486 596 673 671 534 804 795 643
392 398 360 531 630 702 343 443
599 306 475 285 1035 618 629 492
504 622 788 795 843 589 657 384
978 920 690 286 574 264 939 813
806 508 638 426 679 390 455 516
863 609 815 793 659 655 553 643
722 348 755 610 834 795 440 484
631 548 620 675 549 573 445 216
678 469 536 577 723 409 724 706
609 408 558 418 649 856 709 380
548 952 332 635 661 548 709 639
512 460 789 393 572 520 400 623
637 604 717 515 617 592 548 826
303 774 692 809 802 686 602 491
520 544 617 369 702 543 548 299
578 471 153 849 496 715 354 844
542 252 506 925 724 697 496 413
479 562 498 689 769 837 401 246
622 532 779 1030 524 570 884 657
846 381 539 725 465 269 498 747
504 592 770 676 492 847 772 412
138 522 730 724 724 311 833 641
658 779 872 412 596 658 771 781
445 824 376 801 655 688 660 570
341 680 710 784 625 586 457 610
641 417 575 773 228 827 690 757
717 820 800 782 679 539 603 666
607 176 715 688 524 492 415 622
407 922 326 508 515 657 805 619
543 545 682 630 756 569 728 646
523 332 466 364 749 600 592 661
643 495 550 900 697 326 724 776
737 493 813 661 689 351 781 456
559 372 702 666 334 867 544 506
641 305 519 598 827 763 775 398
840 699 853 622 918 588 780 781
551 536 472 761 793 557 530 685
254 558 506 832 701 541 430 272
716 865 697 687 257 578 753 757
652 581 435 840 761 762 689 744
672 387 804 633 438 656 487 818
611 525 579 592 687 825 588 560
550 419 641 537 516 733 531 583
413 376 591 487 645 422 529 398
698 665 562 479 209 682 513 794
643 442 430 831 620 474 736 493
806 816 439 637 421 588 735 651
555 784 685 546 550 673 535 525
390 639 560 564 719 486 629 833
579 314 508 346 457 702 732 783
554 719 598 674 677 583 652 672
527 761 677 339 392 833 417 615
694 515 704 752 874 827 550 335
677 507 398 655 651 481 536 914
585 302 218 575 605 941 978 818
641 614 777 638 532 991 766 679
622 352 503 483 549 616 462 784
666 579 503 601 637 589 569 521
567 678 694 505 791 392 778 276
405 814 302 651 509 334 754 722
365 662 560 89 644 741 899 889
400 640 545 323 696 664 707 453
743 718 812 416 483 737 487 688
438 314 749 432 991 733 698 600
491 405 815 527 634 578 615 455
690 812 698 498 540 767 698 785
686 828 513 799 395 722 662 884
1035 527 381 712 822 843 405 356
780 684 703 548 822 400 334 586
681 700 506 568 255 744 454 901
736 574 616 456 572 723 657 575
830 659 268 610 643 329 371 531
380 820 687 682 462 578 429 946
581 692 782 224 460 735 688 526
581 483 667 388 749 604 628 532
517 671 395 760 555 652 510 711
624 648 832 518 386 315 668 399
589 514 341 391 734 732 709 580
483 546 372 397 599 882 1020 729
423 724 773 878 475 402 653 494
759 686 646 863 687 590 695 754
573 635 805 626 450 590 787 646
671 568 700 787 747 382 797 527
529 636 247 539 703 610 249 733
367 563 345 715 614 445 811 532
499 551 739 505 626 676 571 515
719 666 348 522 450 719 317 617
670 637 784 504 724 640 507 568
618 541 368 387 777 596 625 654
404 823 846 361 426 622 795 432
906 626 696 371 523 527 329 595
558 785 867 563 697 957 740 720
746 756 672 678 671 520 533 679
925 491 718 253 517 871 741 477
328 592 617 666 671 745 745 710
555 530 429 629 697 658 499 395
314 376 852 312 509 779 328 403
584 737 541 664 587 568 674 419
720 942 271 721 570 452 676 449
583 476 312 399 648 822 875 600
462 658 593 839 526 588 713 809
393 358 844 958 726 480 694 943
679 576 708 624 651 698 971 793
530 405 579 607 410 548 572 451
910 571 680 511 570 512 639 618
512 680 576 851 311 504 623 429
767 631 570 515 450 873 656 662
453 675 806 781 854 686 414 697
960 520 676 393 565 612 695 912
583 859 909 709 816 444 680 875
545 374 312 488 699 508 481 700
413 539 461 684 847 600 565 739
853 718 647 750 911 929 451 511
749 490 569 734 473 329 627 579
592 626 685 1087 980 581 554 646
686 342 464 374 546 725 649 621
398 430 533 559 653 404 429 523
889 802 665 355 685 820 416 768
728 702 490 584 842 642 425 441
374 418 623 626 859 517 635 602
603 769 681 569 616 749 518 596
859 259 489 912 468 616 960 555
714 394 684 653 867 443 896 451
380 772 724 780 612 554 735 301
961 723 755 376 699 660 688 679
630 726 405 592 705 925 574 488
734 636 632 691 843 724 692 476
478 404 528 560 804 836 597 679
371 531 626 760 417 725 423 334
635 584 292 600 804 408 557 477
588 507 673 654 488 819 606 320
654 764 667 625 692 492 582 943
593 652 572 571 290 664 568 581
521 502 845 773 516 767 826 709
510 853 414 689 421 726 560 813
768 874 488 587 491 582 790 504
851 481 614 512 440 507 338 770
480 545 324 744 515 348 815 589
728 707 669 641 500 498 729 756
772 757 499 659 353 710 380 621
502 640 678 1029 399 637 658 659
319 334 565 623 577 676 374 581
676 704 317 586 469 192 453 629
577 355 482 589 387 691 584 870
464 486 634 721 490 782 664 683
542 503 542 694 629 607 615 431
367 530 562 635 673 532 542 872
852 1081 670 439 628 740 881 521
418 717 295 684 830 685 771 635
814 341 577 604 699 353 748 462
562 275 484 505 740 526 741 454
532 591 728 597 615 722 398 809
677 638 687 892 601 628 358 587
641 478 882 886 469 571 483 623
679 753 549 492 738 519 426 666
560 646 695 584 453 516 724 407
450 779 831 875 526 567 717 594
526 657 657 628 269 803 312 724
662 453 535 311 535 734 395 318
562 788 685 833 790 230 669 626
507 425 645 694 739 630 539 655
549 435 544 529 496 590 251 567
421 600 526 298 656 402 379 784
831 744 474 534 548 892 595 671
624 409 656 641 483 579 532 810
490 327 626 812 568 695 257 462
611 531 657 1043 476 592 474 474
712 871 549 434 407 541 676 547
775 847 609 489 567 506 694 737
952 627 753 593 626 652 770 341
759 381 750 425 732 661 358 465
752 446 618 775 730 739 723 441
530 495 412 476 539 694 522 745
576 582 216 407 725 724 454 822
729 704 751 852 421 775 626 581
627 474 768 466 826 670 833 873
609 774 593 633 534 514 690 504
721 856 669 760 695 717 586 568
712 471 778 580 848 673 394 669
910 518 805 608 555 546 495 650
682 607 433 621 790 795 557 768
396 760 606 690 804 824 752 760
365 755 440 517 680 271 784 437
606 557 843 509 604 397 566 497
540 534 377 494 521 254 762 730
552 479 586 630 779 685 524 636
457 408 675 580 884 651 180 480
689 556 570 396 530 430 546 506
526 890 583 452 743 739 616 790
495 715 847 499 633 474 371 729
140 509 766 356 499 442 507 486
766 892 535 568 478 621 817 330
445 385 723 558 574 511 771 523
570 570 491 746 304 722 439 461
336 682 520 570 728 625 687 409
493 301 855 792 386 651 676 552
522 515 526 545 643 669 327 543
996 578 726 464 565 696 632 786
652 612 917 668 608 447 720 669
425 444 689 611 111 856 771 501
526 716 395 750 660 805 671 629
852 547 726 708 564 717 459 832
410 513 362 677 712 705 500 708
489 728 650 754 602 790 590 614
422 847 411 578 899 173 381 725
809 647 562 823 438 445 746 696
551 428 435 658 474 707 332 726
274 581 393 840 521 444 631 831
830 857 841 583 882 441 677 616
517 709 578 427 608 520 564 406
606 528 631 588 544 827 556 360
705 307 460 849 526 577 296 583
758 607 383 648 945 390 384 512
544 833 490 546 509 902 726 588
714 453 498 761 583 392 477 648
747 604 746 804 485 656 371 670
219 460 593 613 759 620 767 779
572 521 595 995 625 443 847 613
477 648 972 178 524 537 385 544
753 581 624 775 634 512 687 498
712 486 497 443 536 364 683 784
489 818 467 683 839 758 611 499
585 898 560 524 716 650 742 421
390 774 744 571 457 495 373 658
949 416 697 784 753 825 601 690
774 618 493 639 723 745 537 524
596 1007 497 752 778 335 832 386
635 388 484 523 719 515 584 940
466 902 718 737 356 359 428 401
900 738 584 620 510 596 663 328
441 595 654 449 870 611 421 691
464 814 793 584 506 721 646 665
760 448 525 663 635 658 589 770
769 613 432 413 613 427 797 628
568 597 549 639 624 552 541 398
743 855 482 797 487 671 379 552
480 670 830 771 720 729 514 626
480 733 358 503 677 770 759 558
370 632 464 515 692 657 919 637
899 621 646 374 872 211 549 426
841 618 444 525 692 554 688 636
465 626 450 530 516 350 775 649
420 544 557 429 710 659 263 387
385 662 833 482 571 680 603 781
476 639 397 487 718 702 879 813
887 610 630 790 479 677 715 377
589 551 661 358 603 604 774 742
667 918 781 777 584 267 563 604
597 686 615 708 628 604 602 516
444 535 969 458 873 403 442 1043
707 702 480 385 428 285 766 856
614 834 544 830 858 670 781 651
567 464 702 576 986 707 381 406
279 663 573 495 939 695 549 607
719 758 463 585 477 351 583 688
774 371 286 821 454 718 497 549
391 343 472 562 532 725 516 566
685 546 567 699 750 512 657 635
610 667 823 746 440 561 863 856
485 671 671 390 584 612 352 791
516 455 494 443 418 740 762 442
719 457 579 531 484 770 750 620
667 859 846 459 568 564 586 412
750 600 523 657 661 640 737 370
635 668 600 669 657 484 586 530
426 606 905 675 602 875 769 652
799 561 530 457 686 623 656 894
451 682 588 710 815 697 232 384
501 782 890 417 693 566 622 622
852 521 385 631 631 537 500 1051
496 521 698 532 811 626 580 352
455 685 555 878 764 565 1094 814
627 740 843 573 823 335 701 530
684 512 732 596 589 645 493 493
874 672 891 850 193 663 649 759
896 376 656 502 759 705 565 420
667 705 544 614 726 451 346 835
400 232 580 375 589 578 805 843
580 679 697 507 409 499 703 902
585 914 644 711 405 690 491 576
423 391 717 677 624 608 412 598
518 740 644 521 611 539 722 500
741 872 515 408 626 654 635 578
350 542 502 590 803 468 654 887
587 737 579 572 569 668 888 636
547 623 203 477 653 646 629 630
530 803 814 480 616 538 615 863
603 461 612 629 699 547 413 513
637 464 675 465 640 772 654 403
819 769 633 455 512 578 516 406
555 633 648 509 732 509 457 646
818 638 782 807 614 523 498 554
787 507 826 487 513 684 350 446
581 600 431 520 526 770 440 575
408 406 836 698 472 690 627 601
758 466 821 439 407 623 460 642
650 575 794 686 652 616 884 692
684 340 807 807 770 745 491 592
465 872 743 689 374 559 521 698
584 792 498 532 639 683 352 622
558 821 710 573 703 630 645 790
702 567 528 612 610 511 659 868
752 568 465 800 535 655 790 441
757 602 232 731 417 307 748 619
559 406 649 567 778 375 468 543
595 666 519 679 740 548 630 354
253 630 577 724 652 860 349 632
655 825 408 524 478 638 628 637
429 327 844 121 757 901 600 776
486 551 848 607 563 613 479 833
687 770 715 616 781 730 331 350
402 465 525 569 612 703 631 750
723 667 624 595 607 532 467 540
314 651 403 547 722 624 651 689
288 524 711 787 408 554 484 784
817 651 506 684 372 826 542 576
641 658 486 674 454 764 421 661
650 395 744 586 616 854 739 496
559 689 527 476 711 672 518 543
589 796 706 408 617 550 445 821
739 467 393 662 716 593 699 515
823 486 615 409 417 794 542 924
576 497 824 421 596 328 547 636
404 679 381 519 672 667 569 540
560 982 435 575 715 415 384 653
529 326 563 636 532 678 351 680
817 921 746 872 483 397 629 477
604 395 659 693 692 787 611 491
309 536 224 424 788 614 785 420
577 900 327 373 632 609 603 686
719 604 573 729 376 869 777 825
679 323 729 410 537 572 540 654
369 391 644 471 217 618 715 510
714 596 547 659 395 566 713 301
502 581 709 722 355 792 970 779
543 734 617 490 662 624 752 639
285 863 561 571 709 306 701 423
662 500 764 721 337 451 462 444
457 354 267 837 696 495 599 569
406 566 421 457 567 634 841 659
528 580 424 650 361 521 209 380
462 693 531 865 795 363 751 742
474 334 594 394 920 533 487 599
670 581 911 455 553 571 441 826
872 483 836 548 382 748 498 545
783 639 622 648 421 611 857 729
820 627 803 457 606 602 730 453
534 493 669 643 579 710 619 634
183 537 368 665 471 786 535 306
843 736 693 517 536 670 548 571
238 853 687 406 275 567 174 755
424 567 717 582 1085 504 704 630
604 264 451 815 607 493 695 357
772 468 629 931 637 490 555 697
386 580 436 766 853 629 715 721
583 652 621 473 584 688 544 584
600 929 479 343 761 468 487 494
747 539 394 756 591 760 442 703
444 396 409 652 742 597 994 430
417 601 494 606 594 539 656 384
729 469 593 483 512 485 623 695
524 515 856 822 405 379 525 453
715 719 520 590 567 682 627 484
561 544 925 556 605 612 517 580
565 552 648 540 626 528 367 644
529 461 655 770 385 429 573 665
836 718 580 558 551 742 599 712
526 111 680 348 788 414 764 736
502 616 879 721 393 650 748 578
285 369 519 403 640 423 546 592
618 997 739 425 717 588 275 704
570 717 791 665 591 830 725 732
515 664 927 389 562 535 570 744
554 352 675 567 694 528 579 844
662 777 527 773 486 258 424 774
749 478 662 643 758 367 442 311
806 751 515 741 599 765 674 558
680 727 686 824 769 732 461 706
803 539 570 781 638 837 545 614
417 516 755 530 576 591 632 235
404 581 754 617 666 464 655 457
676 416 416 784 485 546 267 715
686 903 341 765 699 531 382 880
461 532 557 401 618 430 595 545
798 840 712 866 945 343 531 738
425 326 845 552 640 560 414 723
600 718 340 384 882 796 765 459
677 298 632 670 968 436 619 484
172 573 380 340 565 685 447 474
660 559 516 765 670 511 454 547
541 561 668 709 661 791 722 730
450 445 774 780 458 663 547 441
662 710 337 387 783 494 563 453
581 619 473 753 545 658 534 570
369 931 231 719 633 457 719 477
436 371 545 608 424 977 462 167
802 642 664 614 558 603 669 590
604 223 668 652 625 619 831 536
643 584 556 710 490 481 862 375
604 689 559 628 380 323 514 586
451 703 595 475 860 548 414 804
779 702 646 497 499 604 543 686
635 483 724 690 540 672 645 788
657 545 414 853 683 352 833 509
309 426 726 589 437 301 641 456
584 557 538 394 704 501 615 794
768 1000 747 741 949 928 427 668
551 631 553 757 538 660 694 556
907 715 779 456 985 620 581 726
443 632 526 480 356 723 551 524
779 565 263 755 603 496 791 586
638 839 643 634 748 605 687 945
682 746 620 680 578 707 742 820
372 906 380 503 412 552 809 619
661 541 581 318 639 582 398 604
395 757 741 492 461 705 682 579
498 666 437 679 388 478 748 631
677 720 309 596 823 685 494 855
614 381 470 675 540 655 517 408
516 759 612 692 621 520 601 957
793 611 733 542 820 695 696 647
714 650 389 745 692 592 609 824
602 687 935 643 690 186 412 513
649 888 505 749 439 338 378 604
384 751 773 898 376 782 434 544
536 313 690 558 702 469 522 610
505 715 765 601 704 513 504 844
651 427 522 425 672 317 478 612
744 780 356 691 512 251 479 902
512 425 374 691 693 436 743 526
715 741 441 509 655 851 989 466
885 828 799 371 695 535 527 592
554 608 360 601 619 429 471 620
574 587 690 648 430 427 371 826
542 488 490 445 720 531 445 634
353 612 779 607 683 791 790 323
769 712 488 401 621 571 388 418
280 819 821 783 676 430 635 653
564 369 520 773 684 610 517 735
582 565 435 549 610 608 813 472
410 413 885 672 730 590 883 826
683 570 552 723 464 474 475 564
837 688 418 917 742 859 632 73
979 628 934 757 854 355 291 549
547 845 676 496 508 764 555 519
368 607 356 575 535 715 844 643
411 510 359 701 654 503 544 559
575 784 741 498 773 252 512 569
440 826 514 667 649 698 710 604
558 367 526 705 786 555 666 732
458 372 297 502 817 721 689 628
626 423 580 835 571 515 430 565
910 580 729 754 646 578 581 458
288 775 474 890 739 618 784 433
666 626 720 521 327 409 954 513
267 630 296 558 554 565 516 534
601 704 709 550 702 776 949 534
833 463 673 474 492 301 552 570
324 377 344 421 289 669 583 464
570 773 617 834 601 826 337 542
556 782 510 711 602 852 1112 744
492 577 321 612 484 621 574 477
613 873 645 780 639 614 453 410
456 714 816 794 837 206 409 578
607 732 432 358 486 487 658 706
316 465 484 609 362 330 592 583
542 643 517 507 775 558 497 582
577 673 541 295 606 454 297 533
586 678 517 656 752 752 826 630
424 800 452 680 362 581 759 561
864 657 625 186 548 505 331 510
425 544 514 839 444 856 784 489
639 306 762 541 761 638 805 549
513 630 658 895 781 807 630 710
642 805 544 707 880 431 220 723
525 374 566 419 837 662 258 499
351 675 1009 541 789 760 584 598
602 674 507 687 562 769 423 776
544 638 898 384 689 856 785 447
438 529 709 866 736 703 384 818
514 506 497 698 476 383 695 541
615 452 491 555 897 517 833 720
483 806 501 655 386 775 796 950
759 838 691 491 701 725 715 568
755 530 635 400 902 817 622 769
704 602 588 666 784 649 688 797
567 619 613 526 627 594 521 537
488 701 737 432 475 283 706 359
799 745 421 513 549 846 507 484
568 558 625 558 717 489 712 724
584 398 593 739 585 425 525 719
631 907 443 485 740 269 924 524
551 858 409 600 409 614 690 453
704 295 799 429 553 912 510 595
838 550 581 555 452 418 107 572
717 808 466 572 727 641 615 940
711 677 780 677 638 558 600 741
375 623 481 978 509 746 994 751
369 463 555 953 367 452 385 611
645 682 640 852 578 593 499 698
503 456 278 625 542 704 526 711
461 662 630 626 571 639 523 420
691 514 600 453 493 386 847 500
628 520 765 688 720 699 597 434
892 854 717 526 724 777 682 235
213 758 849 515 634 716 505 728
579 556 738 627 1024 652 778 633
355 530 506 597 737 736 490 529
569 704 619 307 689 721 506 770
264 752 559 587 652 520 652 606
454 902 504 415 579 507 568 299
713 479 176 568 606 462 626 556
232 369 551 331 516 603 640 629
688 362 724 680 275 691 1029 706
484 471 857 389 471 150 547 698
422 537 493 563 625 655 500 733
625 400 484 699 750 568 567 745
343 522 258 580 730 400 680 526
607 470 527 529 687 494 583 623
794 606 457 570 611 475 629 570
643 805 389 557 622 656 416 358
444 755 459 656 502 877 481 599
686 647 618 343 602 731 643 568
710 560 768 444 577 724 626 887
518 853 714 874 726 344 581 793
627 597 490 222 778 636 453 687
504 556 460 398 691 726 437 424
713 568 143 632 446 701 764 728
705 411 391 583 393 776 856 813
720 732 756 743 393 912 653 641
814 577 522 445 538 645 330 826
658 545 906 604 477 592 544 897
456 635 484 645 337 629 665 578
859 806 366 661 522 699 675 488
826 563 436 418 612 776 497 382
616 312 666 301 624 530 609 473
277 440 452 459 760 311 714 606
453 520 537 707 469 711 619 604
619 672 754 910 879 453 716 605
586 593 411 703 544 486 488 631
619 698 356 496 662 739 833 615
690 759 661 514 401 603 622 445
669 620 924 729 439 542 658 737
441 473 360 925 750 528 792 420
478 698 568 618 379 712 687 654
953 552 531 538 406 596 416 789
822 391 664 507 666 780 332 651
439 582 763 326 712 590 669 734
602 407 516 665 785 464 714 744
297 427 822 567 508 491 552 776
612 767 773 541 522 487 474 733
569 435 559 931 616 722 814 684
859 920 543 736 599 497 753 469
609 590 478 670 568 888 603 615
498 332 387 409 628 808 647 496
675 634 695 561 317 644 537 463
575 338 654 546 634 751 613 674
675 694 538 542 588 903 545 443
1069 677 500 530 523 654 497 585
386 477 595 784 504 423 510 485
388 470 370 543 507 706 623 263
525 720 644 419 704 413 402 616
415 455 651 454 850 755 597 624
400 145 777 610 795 573 697 516
566 456 710 551 547 708 588 607
458 787 674 562 358 290 695 590
343 491 649 669 542 682 353 979
473 735 651 515 773 766 780 223
607 508 719 399 573 579 636 671
523 729 645 464 815 409 600 453
525 428 792 481 651 697 778 360
585 788 786 586 635 496 842 795
800 742 740 327 341 421 369 868
403 255 537 473 518 491 716 962
522 638 519 887 698 573 647 459
867 711 657 704 758 602 539 578
609 490 721 522 538 518 636 942
568 920 676 852 456 456 690 949
414 653 572 446 604 493 529 726
612 473 597 666 433 614 475 560
575 511 789 749 552 537 657 538
389 905 744 557 786 288 751 570
579 453 643 468 300 698 790 269
537 702 466 552 543 528 490 653
545 693 801 728 630 448 603 688
514 351 567 316 481 493 373 590
873 350 647 643 611 581 618 804
580 558 956 578 985 521 401 386
577 507 623 525 642 827 846 646
558 575 547 849 436 605 916 575
306 734 428 387 610 363 572 434
186 532 615 594 903 628 342 728
686 643 510 607 610 563 660 504
721 656 418 761 541 861 875 614
480 790 337 732 587 791 808 614
690 744 747 704 632 737 517 560
293 620 756 663 559 691 638 719
712 792 974 480 676 615 520 830
406 576 616 570 907 606 504 639
508 688 609 346 741 567 599 668
412 591 487 247 601 612 594 117
574 455 491 375 564 580 516 494
732 535 575 627 436 520 494 679
498 537 342 465 545 555 822 488
411 649 416 799 578 703 761 913
278 604 613 667 466 834 577 715
841 696 783 484 476 450 611 703
779 587 733 208 584 553 690 506
659 811 414 553 529 480 670 650
528 1017 681 759 792 522 548 429
628 719 382 793 537 809 684 456
631 406 509 601 593 405 592 647
667 854 413 899 559 556 534 558
303 378 440 583 265 574 515 361
646 575 446 496 522 655 1085 772
696 502 376 619 315 576 526 574
860 535 647 736 780 591 738 535
706 646 601 472 555 511 637 583
337 577 639 597 377 858 373 520
548 514 933 855 646 538 696 663
570 428 451 483 618 690 474 573
755 568 543 705 716 686 643 663
386 546 450 627 720 706 434 538
577 377 568 853 561 674 660 517
473 472 454 556 574 951 761 329
457 718 798 780 323 942 216 219
505 741 894 650 383 465 762 561
719 669 388 314 586 518 626 750
299 421 513 454 892 565 426 509
466 697 701 574 892 439 777 879
392 550 588 757 595 795 467 589
262 947 521 764 612 791 321 808
670 528 668 756 714 545 183 537
607 551 592 446 722 960 407 783
575 508 631 344 593 765 701 767
693 457 293 635 565 456 418 925
572 444 917 587 520 628 691 277
683 617 853 680 571 934 830 524
750 607 672 616 615 458 727 596
433 573 434 559 498 709 702 766
640 279 865 781 651 377 654 459
469 511 518 335 791 275 393 509
572 358 456 674 374 665 524 482
642 649 319 364 440 195 507 555
439 449 669 605 573 423 389 669
814 507 351 429 493 350 617 470
704 396 578 445 433 560 833 637
664 752 703 893 782 510 473 871
986 780 579 481 664 582 363 557
514 638 566 536 801 785 877 679
724 616 461 612 318 543 737 358
531 837 811 654 529 586 465 766
638 618 470 547 446 502 916 532
553 716 445 384 331 827 485 510
348 791 789 578 570 454 603 553
711 385 492 708 512 660 794 517
597 436 704 536 707 769 551 847
295 732 302 393 614 691 504 487
529 560 629 427 706 382 691 609
677 705 442 566 809 674 688 580
495 681 623 850 693 803 305 416
899 387 503 636 585 511 603 804
757 409 941 713 542 622 753 404
823 735 625 501 527 469 699 861
632 582 320 176 488 506 557 793
731 454 454 622 467 629 558 874
541 600 569 710 716 584 479 588
468 721 465 930 601 562 545 608
771 441 603 281 654 512 899 433
510 363 474 600 698 473 177 571
556 817 813 741 500 576 669 292
627 617 331 463 733 700 605 599
413 425 623 760 736 706 535 469
284 708 610 329 584 401 470 807
832 326 377 845 872 586 744 767
530 252 737 650 372 687 581 531
544 607 548 790 883 378 742 754
649 620 496 512 784 631 570 638
669 451 492 636 683 672 617 663
760 391 639 639 655 535 655 571
689 845 593 694 662 811 609 441
563 522 607 708 444 315 539 395
540 789 627 670 490 736 443 517
511 225 377 877 678 524 514 568
536 719 640 639 522 660 441 422
833 803 783 514 521 913 764 553
555 603 578 429 953 662 600 751
673 691 605 472 490 701 632 290
518 397 220 704 358 536 632 699
614 685 653 756 586 646 347 459
675 677 767 737 815 147 598 444
702 699 645 522 536 836 843 352
770 725 669 821 728 436 634 563
727 315 606 887 716 699 658 634
656 775 680 544 971 411 769 509
561 671 583 760 446 508 605 286
530 568 542 611 689 624 768 528
770 250 415 505 660 706 494 685
701 598 561 799 717 477 631 738
607 716 598 444 704 403 615 608
781 679 314 685 507 773 655 700
688 291 308 756 587 581 495 857
457 622 647 831 493 355 852 632
768 874 747 145 500 344 507 865
500 521 466 843 586 596 480 768
516 650 678 562 383 823 428 678
453 771 612 399 720 727 622 627
547 864 589 526 434 532 618 627
562 706 469 648 521 727 713 908
444 393 524 788 502 748 582 648
550 661 659 524 557 520 520 700
531 943 722 700 678 483 672 577
685 738 840 561 882 731 790 599
711 660 541 706 507 224 500 566
847 715 565 789 475 630 613 789
575 649 684 566 547 535 480 501
546 454 399 636 680 613 566 457
574 633 703 356 437 340 549 775
757 498 695 795 430 509 316 749
359 302 862 848 475 722 566 638
645 552 455 521 415 325 447 551
642 396 236 445 513 196 670 582
561 544 474 500 474 649 568 480
282 581 459 669 669 619 637 608
394 793 392 292 638 1019 689 306
554 460 822 728 541 682 652 882
498 500 524 488 613 689 726 742
417 674 438 553 626 524 781 555
461 598 503 675 621 704 458 747
802 387 380 772 716 829 884 827
764 536 403 571 453 679 253 335
665 606 657 749 554 517 774 700
786 708 573 517 632 709 834 37
753 492 678 558 725 513 537 375
558 832 806 637 321 628 875 639
795 465 570 773 566 503 670 1049
347 723 792 698 697 782 432 592
822 478 717 434 482 431 740 465
645 739 617 596 668 772 332 588
507 325 669 629 788 682 636 545
564 622 425 858 310 558 685 547
589 362 515 823 868 516 575 415
516 693 433 490 278 695 584 662
737 517 755 688 554 617 1035 516
639 577 565 651 777 368 814 635
216 679 687 601 537 765 622 559
743 756 663 830 524 822 572 419
555 466 584 774 653 312 541 492
674 813 683 872 514 622 859 603
404 928 596 640 532 552 455 676
464 434 552 788 492 398 696 579
556 525 425 716 612 635 546 614
764 829 552 157 756 489 565 563
837 733 665 468 632 704 504 923
759 629 758 550 581 828 694 501
531 546 536 954 590 751 623 531
714 250 647 170 494 512 638 717
540 634 723 564 480 546 509 789
646 535 488 400 955 669 472 471
640 569 579 845 259 648 433 559
697 618 848 876 495 751 560 597
811 463 593 534 678 641 876 359
838 564 558 696 305 329 625 462
611 369 495 458 607 538 614 764
636 268 412 749 436 508 673 709
796 536 643 790 733 441 726 637
574 595 632 647 700 425 522 355
634 439 727 519 505 716 424 772
502 658 655 379 440 614 396 551
426 490 535 767 590 547 231 856
527 621 764 577 640 547 465 434
581 650 905 633 772 563 220 288
482 576 625 719 490 707 612 341
739 806 654 588 505 213 568 332
530 593 569 679 698 794 421 589
587 449 909 809 739 336 566 699
595 574 411 691 849 373 409 644
437 239 545 265 480 708 472 635
640 460 475 496 776 562 466 721
744 507 576 743 672 587 709 696
587 806 528 513 608 505 1018 582
533 491 505 525 594 516 640 672
644 417 884 469 308 1056 860 287
524 590 418 730 580 475 160 664
609 536 615 864 836 483 733 484
746 436 767 678 698 618 685 739
470 540 519 501 733 451 862 317
772 693 369 699 683 417 509 675
519 413 483 400 381 826 543 513
803 449 490 418 620 719 879 982
678 635 237 529 467 599 453 713
651 423 291 540 453 630 242 590
417 497 184 427 800 639 557 528
468 586 783 482 556 620 645 425
762 698 749 654 456 501 867 548
656 854 578 409 588 403 608 529
829 651 397 463 718 598 669 449
520 539 572 739 256 646 702 378
744 592 752 607 529 420 961 646
447 921 707 734 529 762 643 510
784 481 644 363 457 650 623 289
729 425 459 615 637 697 742 464
818 562 422 974 797 465 711 612
380 422 483 409 772 290 1029 483
534 704 321 492 580 343 704 850
754 611 743 577 381 719 862 493
619 487 601 517 616 705 340 818
509 469 795 626 677 579 380 1101
325 619 507 885 670 767 446 382
480 860 508 745 606 608 708 364
758 769 641 501 485 410 768 403
19 648 462 626 697 -14 703 771
608 288 678 671 539 887 793 728
736 617 768 367 484 436 729 759
551 627 812 655 548 722 865 479
361 778 651 693 644 549 658 741
583 479 598 634 633 568 704 498
526 823 317 528 616 557 480 368
689 587 802 659 571 484 373 731
778 439 364 610 539 702 584 694
688 268 850 834 604 531 673 687
340 575 555 642 703 464 401 568
555 370 642 720 570 725 670 531
770 599 924 770 472 654 548 681
601 533 787 596 383 443 358 671
716 587 821 637 256 409 661 640
605 578 469 958 645 477 543 580
756 381 448 517 635 738 360 638
475 687 551 652 540 807 698 638
693 932 626 573 777 277 674 488
504 1265 720 494 597 580 517 652
848 698 377 434 587 421 535 503
821 662 619 669 241 744 214 191
830 951 940 976 691 406 238 672
824 838 650 727 504 896 580 799
404 732 704 584 825 739 858 928
1012 548 578 597 367 564 499 527
445 827 773 399 820 626 393 371
438 789 505 495 703 532 688 462
442 635 747 383 780 558 513 605
322 539 468 787 446 654 550 606
691 408 715 813 491 698 771 364
882 635 543 599 724 496 486 799
727 653 668 502 586 520 520 797
461 585 715 637 600 406 528 839
574 622 651 590 1185 574 819 529
575 590 540 499 568 861 757 647
534 549 635 517 639 437 825 612
286 519 584 604 540 393 804 765
547 582 522 377 594 661 486 455
724 751 599 656 686 731 679 601
571 651 599 560 891 338 622 561
486 189 853 779 139 497 329 520
765 428 311 657 643 272 459 496
752 505 637 694 540 339 665 493
643 584 898 542 901 695 815 586
789 630 415 410 658 744 594 833
554 499 498 618 482 435 686 621
595 661 668 365 375 923 627 870
954 710 359 305 694 159 603 507
371 535 524 881 476 676 742 709
600 679 459 492 542 428 649 369
699 426 834 359 673 770 627 761
779 637 424 309 735 726 674 317
782 319 815 692 512 792 578 524
569 276 715 494 529 828 404 596
838 1061 546 580 784 335 934 1074
365 350 480 543 515 831 529 1000
509 873 429 589 634 673 628 632
460 850 761 803 329 567 638 487
603 594 541 730 758 469 706 752
625 505 656 727 712 351 776 481
326 637 621 519 553 619 618 757
741 476 611 516 568 783 666 504
753 668 327 404 390 624 402 664
776 632 609 836 417 464 638 481
740 490 464 631 417 536 663 883
565 829 434 686 754 776 512 518
628 490 565 520 618 575 855 734
839 451 765 604 854 536 708 677
659 700 625 576 602 576 701 762
562 794 472 539 750 583 443 714
573 617 715 578 623 387 761 541
804 416 660 660 603 609 792 601
803 464 562 743 489 673 834 463
848 662 491 632 796 425 701 441
760 1161 790 611 591 565 611 255
361 602 705 664 788 677 556 567
256 362 713 676 841 681 657 569
218 692 625 797 590 622 535 340
338 591 509 731 373 403 722 668
587 731 593 799 816 669 518 528
467 968 733 838 443 700 374 652
529 468 559 571 723 411 356 56
655 963 585 715 557 414 726 642
684 815 590 667 660 515 448 690
676 593 874 504 702 328 531 411
739 542 727 465 690 614 590 527
633 473 689 631 548 761 622 577
724 515 656 409 766 637 658 521
700 659 593 271 583 483 568 906
588 882 878 585 622 488 553 849
482 707 423 871 573 615 676 780
618 620 498 652 822 780 604 668
1062 416 502 627 742 450 424 648
458 747 543 767 606 380 528 908
700 637 604 617 803 505 488 346
253 434 739 597 377 796 456 458
446 841 802 646 563 843 649 715
620 643 566 502 639 669 616 531
723 801 903 504 609 551 683 735
642 561 297 747 554 719 670 567
819 607 675 506 567 736 587 640
788 806 738 603 736 519 745 639
845 714 610 590 534 856 568 201
657 385 883 630 560 589 642 474
403 704 749 549 642 342 563 475
322 613 732 711 417 387 605 603
403 411 831 671 598 769 691 793
724 557 781 506 616 566 841 461
717 619 517 457 472 457 741 616
782 444 107 580 785 802 583 567
527 440 750 306 653 519 676 766
856 766 426 738 546 589 479 428
430 772 612 531 660 726 932 808
580 644 545 852 678 369 489 554
741 840 501 808 681 468 725 578
791 461 439 923 579 405 628 704
539 503 741 614 584 546 548 572
457 695 629 766 392 658 858 661
869 657 496 1026 686 441 910 868
646 346 490 741 226 729 866 439
660 610 804 642 195 326 478 560
541 538 717 457 621 714 457 633
665 532 583 512 498 595 534 885
535 868 741 432 584 835 758 469
510 619 571 638 513 624 448 450
782 363 542 777 794 619 715 331
537 750 569 662 465 709 791 663
619 503 414 695 822 619 431 649
738 573 394 584 716 343 545 667
475 1238 673 639 679 754 418 765
398 378 511 626 511 409 710 539
459 599 528 819 491 727 907 688
554 641 513 976 558 788 536 470
599 720 588 745 663 434 794 636
869 763 395 613 604 1032 486 486
657 388 569 645 504 321 614 580
662 456 502 557 421 756 798 449
495 975 727 485 720 462 503 568
736 634 465 729 863 372 814 793
678 660 708 716 632 328 481 662
457 618 529 482 809 539 734 525
411 616 534 594 469 746 592 614
649 330 631 547 706 299 182 578
487 750 447 658 629 582 676 428
704 608 628 486 477 499 494 591
716 357 482 574 750 561 598 468
544 562 672 869 892 634 706 535
