485
514
504
479
492
523
466
494
518
488
490
499
521
491
494
494
531
531
514
505
510
521
487
517
482
491
513
480
498
488
496
460
475
490
513
498
500
510
488
504
489
476
494
508
505
500
534
506
514
532
482
485
525
489
500
515
513
525
521
515
489
511
504
481
520
511
501
497
483
503
507
488
516
484
470
515
494
498
488
477
518
490
523
511
496
485
490
483
530
502
516
482
503
517
495
515
485
481
505
495
509
472
510
537
500
500
503
474
506
477
494
518
490
507
514
504
481
495
528
471
496
492
502
511
523
496
511
507
507
492
486
484
489
505
511
505
492
526
521
495
488
502
518
505
508
497
506
522
497
502
504
504
480
473
486
502
508
492
519
498
500
497
502
510
509
487
522
485
501
496
485
499
490
501
506
521
504
491
494
502
501
521
520
495
492
464
492
486
495
506
503
500
503
498
503
454
496
498
495
497
510
492
531
510
500
497
499
487
499
504
508
508
496
480
491
523
513
505
489
500
482
492
497
495
514
480
488
481
483
502
477
511
497
501
505
494
515
497
508
497
504
504
504
486
506
495
509
470
479
505
526
512
490
476
511
499
508
502
500
542
500
498
498
492
514
495
509
504
517
506
483
481
520
491
481
491
518
480
488
491
482
483
479
493
495
490
477
518
481
504
485
509
514
488
473
510
527
506
502
512
511
488
491
509
498
519
490
511
505
498
517
510
486
509
519
498
496
491
500
510
488
481
495
480
507
494
475
495
497
506
498
526
493
499
499
496
502
508
519
478
493
494
513
495
473
501
500
503
485
524
495
497
487
487
483
494
486
529
473
484
494
510
494
510
486
501
525
486
506
503
468
492
516
502
483
510
493
505
505
484
511
486
482
488
495
502
489
511
504
490
513
516
499
497
475
494
496
503
498
503
522
493
493
481
500
514
475
491
501
512
505
505
497
507
514
476
510
499
493
465
480
524
490
485
494
489
502
521
492
502
484
521
503
485
513
517
502
477
525
504
517
492
494
502
516
502
482
504
523
501
502
482
480
491
495
501
502
523
501
515
499
520
474
492
514
498
513
505
513
509
510
521
514
514
500
492
491
511
466
482
486
496
463
518
508
528
515
515
532
492
479
497
488
496
485
508
507
500
504
498
511
501
496
513
518
519
486
492
476
497
506
498
527
494
485
508
502
508
504
503
470
490
492
495
494
506
508
484
510
508
507
480
506
501
514
525
522
502
500
509
484
479
493
517
495
521
461
478
498
513
499
499
498
475
516
490
515
499
515
505
498
503
479
500
524
519
486
507
504
512
501
497
519
503
518
514
495
498
527
503
489
483
514
502
489
510
502
477
508
519
536
500
503
523
502
504
491
480
513
482
516
489
504
495
517
504
528
485
506
501
504
523
508
484
508
494
493
515
491
495
500
513
508
497
496
484
489
491
498
528
490
496
471
508
478
487
515
470
501
511
522
487
491
526
500
490
490
486
494
515
513
483
503
494
511
498
505
498
469
501
482
511
490
491
500
508
498
523
523
524
497
479
517
494
501
509
477
523
512
505
513
508
502
496
490
504
505
515
503
488
478
498
500
499
478
515
515
488
511
513
501
487
523
505
496
511
523
493
510
527
484
492
492
498
497
504
488
491
504
502
512
506
511
484
495
526
506
511
504
506
497
551
494
499
466
516
492
499
493
498
496
499
499
498
498
519
512
513
490
518
516
492
522
490
474
516
498
514
489
482
517
480
478
473
460
485
469
499
468
485
533
505
501
477
497
501
477
502
517
495
497
471
480
515
491
487
490
499
484
502
481
511
485
519
500
488
513
481
492
500
498
472
487
502
481
518
507
493
497
526
513
505
480
523
515
498
492
497
483
493
511
474
496
502
501
483
483
515
483
514
493
515
494
484
512
500
520
513
497
494
500
503
488
512
494
494
492
503
490
502
539
499
494
476
501
484
495
502
476
502
504
482
494
474
522
505
497
498
516
499
505
521
495
485
488
520
501
493
514
514
493
486
478
475
496
487
526
501
473
520
502
510
510
504
507
503
484
505
514
497
508
506
526
496
496
498
499
468
491
504
500
489
491
495
489
493
492
513
514
513
506
490
514
496
500
519
501
503
480
507
486
514
497
468
495
497
507
509
495
514
455
490
484
482
514
512
489
517
501
494
490
489
507
509
503
471
504
508
491
501
474
483
495
496
505
483
495
493
507
520
524
478
499
484
499
506
501
499
521
510
496
500
512
509
494
475
483
502
475
498
494
514
481
473
494
509
515
487
507
484
489
508
510
486
507
474
497
484
489
482
508
508
490
505
504
498
531
488
500
495
495
502
496
488
604
593
581
633
579
589
586
623
613
590
586
604
604
599
584
599
611
603
580
610
570
618
603
585
610
601
596
597
611
585
607
594
603
569
607
603
601
599
611
567
610
616
612
617
604
597
629
591
596
584
609
612
622
600
589
605
583
611
609
593
604
592
601
602
605
594
600
606
582
612
614
605
595
601
571
612
598
606
605
586
601
598
629
572
617
609
616
609
616
592
613
601
627
632
620
594
602
601
623
602
577
616
565
587
587
609
630
606
589
605
610
595
612
602
593
596
607
593
596
601
613
580
587
623
618
587
619
608
578
626
595
604
595
602
590
616
583
602
589
593
597
608
588
598
623
576
611
606
597
594
592
608
601
618
603
599
615
616
596
583
612
609
602
584
608
586
590
609
591
600
610
620
591
600
622
589
612
601
607
602
578
608
584
600
603
624
607
599
587
592
594
629
582
602
622
596
587
580
591
591
625
591
587
623
606
580
590
605
592
573
615
605
585
611
581
588
598
600
591
619
628
604
612
603
608
583
601
622
604
592
621
609
607
591
605
600
591
618
588
592
616
603
606
624
615
617
617
584
575
586
591
597
598
604
573
601
581
602
614
599
599
608
621
602
595
594
628
606
619
609
613
596
601
599
595
641
619
618
576
590
612
577
606
605
586
594
582
616
582
618
575
618
613
580
606
612
597
585
579
601
583
604
621
626
586
602
586
604
598
613
588
602
611
601
600
603
604
603
595
581
605
612
594
600
608
601
622
580
592
598
593
599
593
592
607
619
591
597
602
614
573
594
603
590
600
611
599
576
594
605
606
586
614
608
603
589
618
568
592
601
606
634
584
595
618
595
601
585
584
606
594
588
587
588
605
607
602
591
561
592
572
608
606
592
587
562
616
604
601
587
616
602
590
568
598
599
595
593
623
599
587
614
598
600
619
602
607
599
621
614
626
599
568
592
599
598
589
580
602
615
605
578
579
599
607
593
592
577
609
600
596
602
579
577
590
608
601
596
609
573
632
607
596
583
610
586
584
606
590
589
606
579
605
594
579
601
608
605
590
623
594
609
603
612
600
602
605
608
583
589
632
593
585
613
570
591
607
557
612
605
584
583
598
581
588
620
599
594
560
609
591
590
595
584
607
620
603
613
611
612
604
610
602
599
585
621
597
585
586
601
597
603
590
600
606
606
594
618
617
604
582
582
579
594
603
609
577
586
600
574
589
572
638
602
603
590
592
602
617
617
621
599
605
581
633
628
608
572
598
570
630
619
618
592
603
585
607
581
587
593
623
601
619
617
605
605
596
604
611
578
614
601
621
617
586
590
603
595
602
607
595
598
586
566
607
588
594
598
611
583
611
609
601
583
596
584
604
623
610
581
595
631
576
603
605
595
610
603
592
588
617
582
598
593
582
602
603
600
610
592
602
599
595
620
574
615
608
618
618
608
600
590
593
595
601
580
609
595
595
573
598
589
561
622
591
610
578
622
595
569
592
629
611
609
591
583
589
597
591
608
615
621
582
569
602
594
616
638
593
597
625
605
622
581
595
611
588
571
591
613
592
599
615
607
590
622
615
583
559
593
611
611
611
574
621
604
605
616
624
583
600
605
615
616
586
620
580
618
605
608
605
597
577
607
610
616
602
599
587
601
604
584
598
615
567
620
608
614
610
619
618
616
607
595
600
606
601
562
610
608
593
590
584
602
583
628
576
592
592
605
618
602
595
595
607
603
614
597
611
604
593
576
588
579
613
600
599
605
604
591
596
627
609
576
611
616
612
591
619
605
608
578
616
587
596
580
609
606
576
624
595
592
604
574
593
600
620
614
615
582
621
609
622
602
628
599
616
616
596
594
589
614
617
596
594
608
569
596
592
621
609
595
585
571
610
623
609
608
570
598
613
614
605
598
585
621
614
614
608
613
606
581
618
603
586
605
590
619
601
593
598
599
608
620
599
596
596
584
604
594
593
612
594
598
584
580
599
590
604
584
594
582
609
606
597
589
565
607
592
617
604
586
585
620
602
589
612
591
618
619
586
603
584
599
612
605
596
616
607
595
596
606
594
593
581
603
596
597
611
590
603
621
598
575
592
578
587
609
612
616
596
611
600
607
607
598
605
606
594
614
607
577
582
621
584
601
608
593
609
613
624
620
596
577
607
592
582
605
604
589
594
628
599
574
566
598
600
630
633
619
604
601
616
603
594
635
615
607
602
578
591
590
596
601
588
616
606
598
591
600
603
599
597
593
597
607
608
592
617
582
616
571
583
619
574
605
592
576
614
611
579
605
596
555
604
612
626
626
582
603
595
576
608
606
609
587
613
610
619
584
590
612
590
608
