462
535
510
447
480
558
414
485
545
469
476
497
553
477
484
485
578
577
535
514
526
553
467
542
456
477
532
449
495
470
491
401
437
475
533
494
500
524
469
510
472
439
486
520
512
500
585
515
535
579
454
463
562
472
501
538
531
562
553
538
473
528
511
453
550
529
502
492
458
507
517
471
541
461
425
537
486
496
470
443
544
476
559
529
489
462
474
457
574
506
541
455
506
542
488
536
462
452
513
487
523
430
525
592
499
501
506
434
515
443
485
544
474
518
536
510
452
488
569
428
490
480
504
526
557
490
529
518
517
480
465
461
473
511
527
511
481
564
554
487
471
505
545
512
520
493
516
555
492
505
509
510
450
434
464
506
520
481
549
495
501
493
505
525
524
468
554
461
503
490
463
497
474
503
514
552
511
478
486
505
503
552
549
487
481
410
481
465
487
514
506
499
507
496
507
386
490
496
488
492
525
479
578
524
500
493
497
468
497
510
520
520
490
450
476
557
532
513
473
500
456
480
491
487
534
450
469
451
456
504
443
527
491
502
511
485
537
493
521
493
510
510
509
466
515
489
522
424
448
513
566
530
476
440
526
497
521
504
501
605
500
494
496
479
535
487
522
510
543
515
457
453
550
478
453
476
545
450
469
476
456
458
446
484
487
476
442
544
453
510
462
524
534
469
432
525
566
515
506
529
527
471
477
522
495
547
475
527
512
496
542
524
464
523
549
495
491
476
500
524
471
452
487
451
518
485
438
488
493
516
495
566
482
498
496
490
505
519
547
445
482
484
533
487
433
503
499
506
463
561
489
493
468
467
457
486
466
573
433
460
486
524
485
524
465
502
562
466
515
507
420
479
540
505
457
524
483
513
513
460
528
464
454
469
488
504
473
526
509
475
531
541
497
492
437
486
490
509
494
509
554
481
483
454
500
535
438
476
501
530
514
512
492
517
536
440
526
497
481
414
451
560
476
462
484
474
504
554
479
505
459
554
507
462
532
542
506
442
563
511
541
481
486
504
539
505
456
509
558
502
505
455
450
477
488
504
506
557
502
538
499
551
434
479
535
494
533
514
533
522
524
553
535
535
501
479
477
527
414
454
466
491
407
545
521
570
538
536
580
480
447
492
471
491
463
520
518
499
511
495
527
502
491
533
545
547
465
481
440
492
515
495
568
486
462
520
505
519
511
509
425
474
479
488
484
515
521
460
524
521
516
450
516
503
534
563
556
504
500
522
461
449
483
543
488
553
401
444
496
531
498
497
496
438
541
476
539
498
538
512
496
508
448
500
561
546
465
518
509
529
503
492
547
508
544
534
489
494
568
507
473
458
534
506
472
524
506
441
521
547
591
501
508
557
506
510
478
451
532
455
540
472
509
487
542
511
569
462
515
502
510
556
521
459
519
485
483
537
479
487
501
533
521
492
490
459
473
477
495
570
476
490
427
521
444
468
537
426
503
528
554
467
478
564
499
474
475
466
484
538
531
458
508
486
528
494
513
494
423
502
455
526
476
479
500
520
494
558
558
561
492
448
543
485
501
522
443
558
531
512
531
520
504
489
474
510
513
538
507
470
444
495
499
497
446
538
538
471
528
534
501
466
557
513
491
527
557
482
524
569
461
481
479
494
493
511
471
478
511
505
531
514
527
460
486
565
514
526
510
515
492
626
486
499
414
539
480
498
481
495
490
498
498
495
494
546
531
531
474
544
540
480
554
476
435
539
496
535
473
455
544
450
445
432
401
463
423
499
421
461
582
512
502
443
491
502
443
504
542
488
493
428
451
537
477
467
476
498
459
504
452
527
463
547
500
470
532
451
481
500
496
429
467
506
453
545
518
482
492
566
533
513
450
558
537
495
481
493
458
483
527
436
489
504
504
458
458
539
457
536
483
538
485
459
530
499
551
532
492
484
501
507
469
530
486
485
481
508
476
505
598
498
485
441
502
461
487
505
439
506
511
454
486
435
556
512
494
494
540
497
512
554
488
461
471
551
503
482
534
535
483
466
444
437
491
468
566
502
431
550
506
525
524
510
519
508
461
513
536
493
519
515
564
491
490
496
496
420
477
511
500
472
476
487
472
482
481
532
536
533
515
475
534
489
501
547
503
509
450
517
465
536
493
421
487
492
517
524
488
536
388
475
461
456
534
529
473
542
504
485
476
472
517
523
508
428
510
520
476
502
434
457
489
489
512
458
488
483
519
550
561
445
498
461
498
515
503
498
552
525
490
501
531
522
485
437
458
505
437
495
484
535
453
432
485
522
538
468
517
461
474
520
525
465
517
434
493
460
471
455
520
520
476
513
509
495
576
470
501
486
487
506
490
470
610
584
553
682
548
574
564
658
633
575
566
609
611
597
560
596
629
608
550
625
525
644
608
562
625
602
590
593
629
562
617
584
607
524
618
607
602
597
627
519
624
639
630
643
610
591
672
577
589
560
623
630
656
599
572
614
557
627
623
583
611
581
602
604
613
584
600
615
555
630
635
613
586
602
527
630
596
616
613
566
602
596
673
530
642
622
641
624
640
581
632
602
668
679
650
584
605
603
658
606
543
640
513
567
567
622
675
615
571
612
625
588
630
604
582
590
616
584
590
601
633
550
567
657
645
568
648
621
544
666
587
611
588
605
574
641
558
606
573
583
594
619
570
595
658
540
626
615
592
585
580
619
603
645
608
598
637
640
590
557
630
622
606
561
619
565
576
623
577
601
624
651
579
599
654
572
630
603
617
605
545
619
559
600
607
660
619
597
567
580
586
674
555
604
656
589
568
550
578
578
663
578
568
659
615
550
574
613
580
532
637
613
562
627
553
569
594
600
578
648
671
611
631
607
620
558
603
655
611
579
653
622
619
577
613
601
577
644
569
580
641
607
616
661
638
643
643
559
538
564
577
592
594
609
533
602
552
605
636
598
598
621
652
606
588
585
671
614
647
623
632
591
604
598
587
702
646
646
540
576
630
542
614
612
565
584
554
640
554
644
538
645
633
551
614
631
592
563
549
603
558
610
654
665
566
606
565
609
596
633
570
604
628
602
600
606
609
608
587
554
612
630
584
600
620
602
655
549
581
594
582
598
583
579
618
647
577
593
604
636
532
585
607
576
600
628
597
541
585
613
616
566
636
620
608
572
646
521
579
601
614
686
560
588
645
586
602
562
560
614
585
569
567
570
613
618
605
576
503
581
531
621
614
580
568
505
640
611
602
568
640
605
574
521
595
598
587
581
657
597
566
634
595
599
647
606
618
598
653
635
665
597
521
580
598
595
573
550
606
638
614
545
548
599
616
582
580
544
622
600
589
604
548
542
575
619
602
589
623
533
680
618
590
558
625
565
561
616
575
572
615
547
614
585
547
602
620
612
576
656
586
624
607
631
599
606
612
620
558
572
680
582
563
634
524
579
616
492
630
612
561
557
596
553
569
649
596
585
501
623
577
576
587
559
617
650
608
634
627
629
611
626
606
598
563
653
593
563
566
603
593
608
575
599
616
616
585
645
643
610
554
555
547
585
607
623
543
565
600
535
572
530
696
604
606
576
579
605
641
643
654
598
613
552
683
671
620
531
594
526
675
647
646
580
608
562
617
554
568
581
658
602
648
643
613
612
590
609
627
544
634
602
652
643
565
574
607
589
604
617
589
594
566
515
617
571
586
595
627
558
627
623
602
557
591
560
611
657
624
551
588
678
541
608
614
588
624
609
581
569
642
554
594
582
556
605
608
601
626
581
604
598
589
650
534
639
620
646
645
619
601
576
582
588
604
549
623
587
589
534
595
572
501
655
577
625
546
654
587
523
579
672
627
621
577
559
573
592
578
620
637
652
556
522
605
585
640
695
583
593
663
613
654
552
586
628
570
527
577
632
579
598
638
617
576
655
638
559
498
583
629
627
627
536
652
609
613
639
660
559
599
613
638
640
566
650
551
644
612
619
613
593
543
618
624
641
605
597
568
602
609
560
595
638
518
650
620
635
626
649
644
640
617
586
601
615
601
506
625
619
583
576
559
605
557
671
539
580
581
613
645
604
587
588
618
607
635
593
628
610
583
541
570
548
633
600
598
613
610
577
589
666
622
539
627
639
630
576
647
613
620
545
640
568
591
550
623
615
541
659
588
579
609
535
582
599
650
636
639
555
653
622
656
605
670
597
640
640
589
586
572
636
643
591
584
619
524
591
579
651
622
587
562
527
626
658
621
619
524
595
634
635
612
596
564
653
636
636
620
632
616
553
645
607
564
612
575
648
602
583
595
598
619
650
597
591
589
560
609
586
581
629
585
596
559
551
598
575
610
561
584
555
622
614
592
573
514
618
581
643
610
565
562
651
604
572
630
576
645
648
564
608
560
597
630
611
590
641
619
588
589
616
586
583
554
609
591
592
626
575
607
651
595
537
580
544
568
623
629
640
590
626
600
616
617
596
611
616
584
636
617
542
554
652
559
603
621
581
623
633
660
650
589
541
617
579
555
612
611
574
586
669
597
534
516
594
601
675
684
648
609
603
639
608
585
686
637
617
605
545
579
574
589
603
570
641
615
595
579
600
608
598
593
582
593
617
621
579
642
554
639
528
557
647
534
611
580
541
634
627
548
614
591
487
610
631
666
664
556
609
588
539
621
614
624
568
632
626
647
559
574
630
575
620
