435 560
517 410
465 599
354 474
576 448
459 494
589 462
473 474
632 631
560 523
544 589
444 571
425 462
554 414
492 448
485 332
394 458
556 490
500 541
447 517
452 396
477 534
520 499
644 525
559 634
422 438
605 452
502 564
553 605
590 564
454 548
519 420
585 548
503 486
428 512
528 450
570 434
373 562
476 492
450 404
575 459
600 548
481 435
456 427
625 510
569 424
511 571
480 562
435 418
523 477
539 381
543 656
499 502
511 388
526 404
474 575
456 530
561 517
418 480
618 378
483 467
507 545
597 484
549 530
528 466
440 434
455 519
546 519
467 608
591 479
451 508
576 520
533 487
527 593
486 509
515 517
415 387
439 510
533 468
583 491
501 488
508 542
540 446
591 434
505 484
437 495
456 504
524 588
518 463
477 508
506 588
584 478
467 347
467 441
479 523
511 498
512 492
512 306
484 493
480 487
542 464
632 541
500 488
495 445
494 517
535 535
484 415
460 597
554 522
454 500
425 467
485 478
557 415
448 418
426 507
404 545
485 504
519 474
562 488
536 488
517 517
515 442
526 481
538 371
412 522
612 550
459 398
545 495
535 507
502 678
500 490
493 465
559 479
538 517
573 525
427 420
585 463
421 460
576 415
448 460
425 429
409 472
479 459
401 575
420 517
436 540
557 447
385 542
613 525
510 549
546 450
460 537
491 579
458 545
521 492
571 541
440 538
582 492
485 460
499 541
451 419
477 417
531 474
395 479
488 527
491 612
469 496
494 483
509 532
580 406
469 473
556 479
386 505
498 511
438 603
481 489
446 444
427 476
443 623
387 432
476 540
475 541
441 504
605 442
525 512
365 465
568 508
427 541
471 522
523 433
547 440
422 447
479 507
454 545
515 458
553 570
494 487
394 476
483 515
490 515
592 468
471 421
499 559
395 460
502 551
523 520
487 529
561 397
544 494
468 353
417 602
459 435
473 455
507 591
465 509
431 591
511 435
554 572
510 402
607 519
570 467
476 507
567 509
425 516
598 504
508 424
416 462
480 506
510 596
504 564
498 587
388 464
559 490
556 523
557 537
540 590
559 560
501 465
460 545
354 422
442 485
342 576
536 619
564 562
635 466
410 486
451 485
437 534
531 498
519 491
545 504
484 556
576 580
441 468
398 486
525 492
616 476
435 534
509 533
518 515
373 456
465 479
473 525
536 432
541 535
528 415
526 505
558 607
595 507
500 538
433 413
472 573
480 590
333 405
493 553
496 494
493 394
569 459
565 496
564 521
494 514
412 500
603 578
441 530
515 549
506 486
580 513
575 558
481 490
616 511
454 428
558 510
452 540
510 400
535 580
654 502
514 596
510 517
462 416
555 424
568 453
516 478
570 518
618 435
525 503
517 596
535 431
532 475
472 563
464 477
502 557
535 486
484 430
454 461
491 619
459 482
377 536
405 446
563 374
506 548
592 445
463 608
498 456
457 442
474 565
553 430
513 476
547 491
522 490
369 503
424 545
459 464
499 535
490 599
599 603
486 411
573 475
502 538
404 598
552 521
553 533
507 482
456 517
522 565
512 449
405 492
498 494
408 564
564 451
548 557
502 443
597 523
485 546
597 470
541 617
433 467
464 491
487 518
451 463
518 509
552 525
546 431
477 611
524 545
516 526
486 714
476 498
355 566
467 496
468 492
483 497
497 491
490 579
553 553
456 575
568 467
591 459
389 566
493 559
455 424
574 416
406 384
332 438
370 498
366 434
640 521
503 403
485 503
404 508
571 479
488 377
416 563
460 444
458 497
430 508
418 546
437 579
499 449
555 418
467 500
493 379
445 510
421 576
530 469
487 612
556 523
415 598
563 491
467 489
428 472
546 392
481 507
506 429
429 565
427 561
471 565
475 430
551 499
587 554
486 473
501 511
447 551
476 475
468 514
458 508
666 497
474 400
503 433
477 509
396 509
518 422
476 390
595 520
489 490
568 494
520 591
479 434
451 586
505 470
558 560
471 442
406 392
484 446
612 504
383 585
510 542
541 518
531 514
434 522
561 487
533 525
609 485
482 493
494 364
461 518
500 452
460 479
452 469
468 554
561 556
526 458
558 481
501 580
505 515
415 529
441 561
489 366
479 486
529 540
480 561
310 457
433 425
558 550
453 571
506 475
458 453
528 539
514 377
518 534
460 503
388 426
481 481
521 429
480 471
532 585
603 406
497 433
496 525
505 497
589 543
484 501
552 537
474 393
429 509
393 491
473 560
421 384
475 538
564 445
528 433
455 534
543 440
528 388
488 432
452 423
533 533
459 523
516 492
629 450
501 477
478 510
482 448
507 571
557 512
456 511
565 571
522 478
488 546
541 395
540 543
447 454
455 459
415 519
453 496
470 515
439 515
523 550
618 374
519 457
384 550
580 477
513 496
526 553
521 521
576 490
555 451
596 544
476 373
500 429
518 587
510 489
521 517
358 514
537 484
559 492
546 636
494 383
480 396
537 579
542 519
461 595
545 517
512 507
527 463
592 509
536 474
522 363
433 498
421 646
400 521
599 529
481 467
540 452
493 541
482 505
482 442
571 584
481 484
489 532
446 495
516 539
333 524
521 560
468 469
572 406
598 653
529 549
411 458
563 522
489 514
530 482
498 498
437 519
608 604
411 534
541 475
442 421
473 521
491 463
425 521
564 444
527 387
461 544
433 464
585 456
449 535
617 486
546 581
520 484
447 414
567 511
580 559
463 429
525 462
523 456
448 492
556 518
571 426
437 495
630 540
436 495
513 466
537 491
482 576
397 442
451 449
456 529
566 555
439 494
527 514
578 459
509 476
515 435
444 456
466 593
571 487
510 404
489 510
569 520
526 518
516 416
475 586
549 530
504 540
443 405
477 532
506 561
521 503
580 568
494 434
446 490
478 599
399 496
436 507
523 476
532 488
489 475
539 508
594 576
533 370
411 559
471 514
462 531
557 427
451 400
514 400
478 531
623 522
575 516
519 487
477 570
522 520
464 479
624 496
580 469
548 517
476 539
407 534
547 516
579 496
491 521
552 534
486 440
540 453
451 461
503 452
432 460
489 527
504 435
514 519
473 452
452 468
633 447
516 457
470 458
548 523
492 530
545 449
533 457
550 544
524 487
468 484
546 459
503 395
516 438
421 531
513 473
482 636
488 488
539 505
559 517
546 527
539 497
513 484
536 419
544 560
545 494
530 453
550 434
536 532
524 473
546 390
547 511
563 512
610 443
537 447
492 545
538 625
479 577
485 458
403 510
469 551
468 471
521 603
435 561
552 487
541 483
642 493
505 480
398 484
514 590
530 489
504 520
477 541
598 478
572 553
532 507
520 487
610 457
568 593
481 570
509 504
496 403
533 587
458 551
495 434
560 601
452 513
414 497
529 605
593 599
468 485
400 457
413 522
458 434
479 429
519 517
481 456
420 533
514 528
482 487
587 464
481 545
518 377
399 460
555 540
531 538
442 536
445 557
469 517
388 419
565 542
427 577
435 501
471 445
570 601
511 592
483 506
508 431
530 543
490 398
522 409
451 508
454 515
486 402
510 535
561 478
496 410
618 590
498 493
324 562
534 549
476 472
426 547
575 567
511 480
437 458
528 483
598 569
464 427
467 564
469 533
466 521
532 559
586 579
468 491
430 486
501 476
470 562
554 524
423 512
477 579
392 466
465 472
557 359
488 551
559 467
459 521
509 504
272 432
448 539
414 437
491 423
539 477
610 462
465 548
461 591
529 482
490 671
529 509
492 562
409 489
330 468
551 583
536 538
397 459
588 469
492 452
444 472
460 557
513 561
417 574
501 610
497 410
577 492
371 509
514 565
285 569
472 616
397 533
525 475
454 478
479 425
560 434
561 393
489 490
499 557
488 473
488 559
428 439
383 622
430 387
451 463
588 472
518 393
512 401
481 454
503 538
420 432
512 541
585 472
411 511
452 445
584 537
456 499
495 510
476 386
441 468
502 435
511 477
454 424
527 525
548 533
537 523
394 483
414 582
499 576
438 494
516 480
511 589
438 342
596 453
567 539
487 523
432 505
536 454
477 519
579 500
474 491
570 462
482 462
488 513
562 373
533 447
536 574
560 509
550 443
496 591
453 512
478 488
524 484
500 470
390 512
526 583
492 416
455 532
495 517
479 612
604 444
555 518
501 448
597 570
413 583
498 464
441 557
524 448
451 477
469 532
523 462
401 420
552 440
507 394
524 615
420 533
516 555
492 516
511 534
450 512
549 570
530 432
407 525
439 551
483 561
628 496
493 561
564 602
512 462
500 463
514 448
554 542
508 502
488 579
571 509
449 429
517 462
529 477
546 512
560 366
486 633
350 551
525 577
490 571
573 512
430 555
442 492
557 566
479 538
407 472
588 581
540 491
551 499
510 505
453 544
436 547
442 457
330 491
511 550
579 411
559 472
496 494
473 447
517 549
424 499
462 566
530 591
407 562
510 456
529 594
596 549
441 519
521 575
490 501
461 540
487 511
472 503
435 510
464 542
611 551
433 478
403 501
394 428
566 552
409 473
528 524
402 516
464 572
488 522
493 540
454 540
573 610
595 468
535 548
535 545
525 467
512 551
528 434
447 475
488 509
441 548
389 532
530 539
316 419
479 510
495 451
617 572
520 739
512 555
539 698
655 557
542 615
618 596
532 594
648 614
516 643
473 674
614 535
643 603
582 588
648 535
629 573
612 470
631 612
603 594
645 462
641 667
651 673
617 585
723 560
581 532
639 651
695 599
552 623
527 645
639 570
618 568
604 607
622 574
600 626
524 651
660 623
577 603
476 652
593 628
623 542
604 594
723 481
671 638
669 640
668 568
655 604
715 735
685 573
608 605
699 610
503 668
452 543
545 638
728 626
552 620
642 580
652 607
569 584
628 572
583 602
656 515
544 697
677 546
681 635
506 712
577 618
580 608
555 670
528 610
554 572
589 632
549 592
699 498
645 626
586 575
566 633
605 677
613 597
662 667
583 527
650 638
610 534
632 540
559 639
562 602
640 687
564 598
691 553
651 605
630 609
507 632
530 600
613 703
632 596
544 566
576 725
524 607
695 582
546 515
562 563
707 563
546 700
625 516
557 623
565 484
663 622
536 646
521 548
590 600
562 682
720 618
652 612
633 529
605 693
618 565
690 637
632 561
622 601
561 675
548 566
670 612
627 704
664 672
673 531
494 539
560 587
589 616
486 604
518 608
661 597
597 635
688 610
580 575
721 624
680 638
655 585
606 597
578 773
679 677
499 560
650 502
623 620
540 573
523 668
522 674
494 677
656 516
623 653
587 537
513 605
529 617
691 710
543 610
541 615
592 656
549 607
647 604
600 611
615 613
577 521
620 651
573 600
635 604
694 513
567 590
570 597
572 564
631 680
561 588
607 661
484 574
611 559
600 648
595 500
575 622
627 542
660 634
613 553
677 466
564 603
624 746
532 579
676 577
604 536
532 624
575 548
544 550
622 631
609 560
435 567
482 635
624 565
546 439
668 618
603 546
668 608
556 466
592 596
577 568
697 594
543 658
591 599
679 610
630 596
690 659
711 595
466 566
597 591
554 514
610 664
623 507
512 597
628 569
566 504
638 599
581 607
511 502
558 632
603 581
639 487
736 631
582 528
643 541
534 627
557 552
625 510
623 575
510 604
635 620
559 696
577 640
613 652
599 610
620 633
529 552
736 569
537 657
472 564
628 417
650 621
533 528
593 520
548 683
594 575
432 639
561 559
577 531
630 684
614 657
645 650
619 644
609 597
537 691
589 537
543 605
588 614
557 598
627 627
575 676
673 616
522 524
510 574
611 638
504 541
600 490
553 482
763 607
611 559
564 608
670 673
691 596
622 519
742 720
634 482
590 474
727 680
677 565
614 535
630 521
546 568
699 603
681 672
622 621
582 616
646 506
658 604
688 673
540 557
612 581
608 628
581 590
542 456
629 551
576 591
646 528
646 640
603 528
584 532
618 696
641 517
580 732
500 613
623 580
641 615
567 547
671 523
589 570
525 608
614 601
644 568
606 597
581 685
488 665
635 678
676 632
601 559
570 579
606 513
638 579
580 487
592 552
433 693
561 643
508 691
578 469
565 722
646 636
561 530
555 586
562 634
663 689
526 467
608 575
667 761
571 589
706 621
692 518
577 647
549 476
562 655
564 597
664 629
560 693
664 530
427 571
649 647
647 492
687 615
622 667
702 530
599 622
664 668
542 684
516 675
621 633
623 589
503 630
641 669
609 595
547 604
615 531
591 665
461 685
634 659
644 682
675 668
630 577
601 625
603 441
643 633
572 559
531 608
528 721
497 566
568 621
677 607
578 579
631 611
659 588
648 617
571 500
550 512
656 600
597 623
616 561
581 713
637 497
646 666
651 560
680 623
633 507
668 546
585 514
638 625
500 700
579 565
615 489
570 599
685 661
665 524
690 637
695 608
719 595
668 668
582 576
552 661
672 584
574 632
470 584
565 687
638 578
536 477
644 699
636 633
471 592
657 659
620 593
538 690
661 661
633 654
627 520
676 612
539 621
558 682
604 572
592 597
633 684
596 585
581 532
616 576
568 650
574 594
530 516
597 558
617 533
573 524
637 624
586 555
454 631
567 673
616 541
536 687
608 553
651 560
677 681
539 614
533 596
651 619
583 669
632 580
581 627
575 572
521 615
585 587
645 557
611 687
592 493
566 505
546 638
650 669
583 645
599 628
629 593
619 627
572 660
629 502
522 688
531 606
635 568
639 657
703 685
581 501
629 565
524 621
619 555
576 718
594 488
457 590
602 728
742 682
615 605
666 614
574 747
662 630
608 507
564 556
581 606
548 669
625 592
564 600
614 596
588 570
588 629
635 564
672 522
667 479
527 680
488 619
566 500
658 646
512 623
585 408
617 653
712 708
525 615
579 496
636 624
640 545
654 644
680 531
556 651
558 633
539 493
656 537
747 650
637 600
559 527
681 572
613 592
605 546
634 680
637 562
577 662
637 669
632 685
567 675
523 646
623 707
763 572
518 642
683 691
527 508
668 631
639 580
683 525
500 595
631 637
565 588
470 654
545 713
651 590
606 546
589 646
621 591
686 622
476 604
616 498
514 574
518 683
633 631
548 592
536 730
593 634
668 459
548 651
633 572
593 556
625 521
656 601
611 574
569 627
523 660
583 619
566 642
609 618
687 569
520 493
625 525
596 568
503 522
650 650
641 593
556 580
515 524
600 706
757 649
534 646
665 704
553 526
620 560
660 632
617 699
633 596
636 658
590 613
677 610
544 596
670 617
627 588
637 670
655 518
674 573
573 613
467 577
639 604
468 650
512 586
504 643
605 542
679 575
562 582
652 565
610 628
589 568
645 625
505 571
544 645
494 606
626 614
669 564
646 615
565 588
607 578
513 520
666 598
609 620
527 684
692 510
535 608
673 537
715 610
636 514
571 573
498 598
584 669
700 586
636 734
653 645
655 659
627 629
627 570
575 629
722 559
644 470
569 702
653 554
498 597
606 625
627 654
654 641
583 574
536 611
636 622
562 523
493 516
694 492
566 667
498 526
594 651
578 624
595 588
628 532
645 728
477 645
589 544
628 544
594 554
492 525
618 683
703 600
548 622
598 690
572 596
642 678
522 509
691 734
647 555
635 729
630 591
640 609
619 637
739 672
574 527
592 603
529 581
590 544
716 589
630 567
589 567
614 607
567 630
591 694
492 564
609 536
663 611
589 568
544 703
621 623
545 628
677 668
695 632
530 636
735 570
628 523
587 605
636 717
593 697
716 641
681 541
630 703
579 515
492 558
637 566
555 637
530 577
548 631
693 600
587 652
695 644
618 656
717 724
544 567
656 559
589 650
552 498
610 592
597 610
632 783
743 593
583 617
632 503
549 515
580 647
618 608
524 536
575 585
620 526
536 571
709 676
624 508
632 682
531 663
648 638
559 594
691 616
534 540
515 532
609 610
697 569
613 601
601 663
630 589
606 656
569 598
697 472
558 717
551 606
735 583
643 523
631 620
700 541
711 544
518 664
646 668
605 583
650 488
735 646
658 516
637 622
633 629
611 647
527 597
640 722
590 558
650 613
612 634
691 647
634 554
554 526
573 585
677 689
599 630
514 574
610 660
531 647
534 500
613 594
484 600
677 528
584 554
596 565
627 620
558 682
602 495
620 662
625 610
635 559
593 729
597 619
589 589
484 624
588 593
570 563
692 665
569 663
685 641
566 695
530 633
533 647
585 680
663 703
558 595
559 593
671 564
694 555
605 567
540 565
502 664
555 579
497 654
568 506
681 596
648 640
626 615
562 562
648 659
664 659
562 622
507 641
517 608
563 615
629 761
525 614
622 622
495 500
587 609
592 629
515 593
628 639
494 595
551 447
545 611
591 508
556 596
520 634
594 701
549 557
613 645
559 668
624 631
578 564
578 635
611 603
606 537
513 574
586 613
627 575
578 702
694 780
626 539
610 653
705 571
532 644
486 631
686 632
664 613
680 503
591 602
637 507
656 548
586 478
556 565
653 572
653 545
575 596
648 599
606 646
524 678
629 614
632 709
600 611
509 595
615 554
706 707
551 589
556 609
630 657
581 559
652 570
535 625
585 617
636 594
545 569
647 528
544 667
687 703
572 587
644 598
572 621
621 611
476 676
492 647
623 545
576 492
576 650
523 494
586 670
632 687
671 461
626 610
565 534
617 635
652 611
577 621
581 538
579 573
561 596
469 588
533 600
572 487
621 526
517 669
687 654
553 575
580 709
598 627
609 528
621 616
556 592
575 679
559 498
610 679
588 635
471 548
604 574
621 766
554 597
553 553
642 702
581 538
528 578
628 580
666 693
603 558
588 565
635 651
732 610
657 597
610 620
664 503
659 518
656 534
649 623
509 549
657 542
607 666
649 652
646 540
574 560
530 553
577 635
571 654
591 593
456 528
647 646
545 683
648 639
657 694
533 666
610 593
610 553
663 550
685 626
687 703
604 665
597 612
575 568
634 564
645 696
626 660
636 644
595 588
642 552
667 593
693 627
523 626
716 569
677 603
583 580
561 619
631 603
537 608
671 673
584 663
523 660
602 634
677 684
657 660
512 658
540 569
630 477
669 539
602 584
691 566
601 524
587 561
578 575
516 560
570 470
661 649
582 554
595 611
667 632
572 613
546 528
628 592
706 619
442 555
634 583
589 523
574 536
580 565
572 709
594 545
654 652
606 671
561 643
692 562
613 553
514 648
427 566
662 508
562 541
565 557
