446
549
514
425
471
582
380
479
563
457
466
495
574
468
478
479
609
608
550
519
536
574
454
558
438
468
545
429
493
457
487
361
412
465
546
491
500
534
456
514
460
414
481
528
517
499
618
520
548
611
436
449
586
460
501
553
544
587
574
553
462
539
516
434
570
540
502
488
441
510
523
459
558
446
395
551
480
494
459
421
562
466
582
540
484
446
464
440
603
508
557
437
509
558
483
551
446
433
519
481
532
402
535
629
499
502
509
408
521
421
479
562
464
525
550
514
432
484
597
400
486
473
506
537
580
487
540
525
523
472
451
446
463
516
538
516
473
589
575
482
459
506
563
516
528
490
523
576
488
507
513
514
430
407
450
508
527
474
568
493
501
490
507
535
533
456
575
446
504
486
448
496
463
504
520
573
515
470
481
507
505
572
569
482
473
373
473
452
482
519
509
499
510
494
510
340
487
495
483
489
535
470
609
534
500
490
496
455
495
514
529
529
486
430
467
580
544
518
462
500
438
473
488
482
547
430
457
432
439
506
421
537
488
503
516
479
551
490
529
490
514
514
512
452
522
484
531
393
427
518
592
541
466
416
537
496
529
506
501
646
500
492
494
471
549
482
531
514
560
521
440
434
570
470
435
467
563
430
457
467
438
441
425
477
482
466
418
562
434
514
447
533
547
457
405
534
593
521
508
541
538
459
467
530
493
565
465
537
517
494
558
534
450
532
568
494
488
467
499
534
460
433
481
432
526
479
413
483
490
522
493
592
474
497
495
486
507
527
566
422
475
478
546
482
406
504
498
509
449
585
484
491
455
454
439
481
453
602
407
444
480
533
480
533
451
503
586
452
521
510
389
471
556
507
440
534
476
518
519
445
539
450
435
456
483
505
462
537
512
466
544
557
495
489
412
480
486
512
492
512
576
474
476
435
500
548
413
467
502
542
519
516
489
524
550
415
536
495
474
379
432
584
466
446
477
463
506
575
471
508
443
575
509
446
545
559
508
419
588
515
558
473
480
505
555
507
438
513
581
503
506
438
431
468
484
505
508
579
503
553
498
572
407
470
549
492
546
519
547
530
533
574
549
549
501
471
467
537
379
435
452
488
370
562
530
598
553
551
611
472
426
488
459
487
448
528
525
499
515
493
537
503
487
546
562
566
451
474
416
488
521
493
596
480
446
528
507
527
515
512
395
464
471
483
478
520
530
444
534
529
523
430
522
504
548
588
579
506
500
531
445
428
477
560
484
574
362
421
494
544
497
495
494
413
557
466
554
497
553
517
495
511
427
500
585
565
451
525
512
540
505
488
566
511
562
548
484
492
596
509
462
441
548
508
461
533
508
418
529
566
627
502
512
580
508
514
469
431
545
437
556
461
513
482
558
515
597
446
520
502
514
579
529
443
526
479
477
552
470
481
502
547
529
488
487
443
462
468
493
598
467
485
398
530
422
455
552
396
505
540
576
454
469
589
499
464
464
452
478
554
544
442
511
480
539
492
518
492
392
502
437
537
466
470
500
529
492
581
582
585
488
427
560
479
502
531
421
581
543
517
544
528
506
485
463
514
518
554
510
458
422
494
499
495
424
553
553
459
540
547
502
453
580
519
488
538
580
475
534
596
445
473
470
492
490
515
459
469
515
508
543
520
538
443
481
591
519
537
513
521
489
677
480
498
380
555
473
497
474
493
486
498
497
492
492
565
544
544
464
562
556
473
575
466
409
555
494
548
463
438
561
430
423
405
362
449
393
498
389
446
615
517
503
420
488
502
421
506
559
483
490
399
431
552
467
454
466
497
443
506
433
538
448
565
500
458
545
432
473
500
494
401
454
508
435
563
525
475
489
592
546
519
430
581
552
493
473
491
441
477
538
411
484
506
505
442
441
554
439
550
476
553
479
442
542
499
572
544
489
478
501
509
456
542
480
479
473
511
466
507
637
497
479
417
502
445
481
508
414
508
515
436
481
409
578
516
491
492
556
495
516
575
483
446
459
571
505
475
548
549
476
452
422
411
487
456
592
503
404
570
508
535
534
515
526
512
445
518
551
490
527
521
590
487
486
494
495
388
468
515
500
460
467
482
460
475
473
544
550
546
521
465
548
484
501
566
504
512
430
524
451
550
491
389
482
489
524
533
484
550
343
465
445
438
548
541
462
558
505
479
466
461
523
532
512
399
515
528
467
502
408
439
484
485
517
441
483
476
526
570
585
422
498
445
497
521
504
498
573
536
487
501
543
530
479
412
441
507
412
492
478
549
435
404
479
531
553
455
523
445
463
528
536
451
524
408
490
444
460
437
527
527
466
519
513
494
607
458
501
481
482
508
485
457
614
577
534
715
527
563
550
681
646
564
552
613
615
596
544
595
640
611
531
635
495
661
612
546
636
602
585
590
640
547
624
578
610
493
626
610
603
595
637
486
634
655
642
661
614
588
701
567
584
544
632
642
678
599
561
619
540
637
632
576
615
574
603
606
618
578
600
621
537
642
649
619
581
603
498
643
595
623
619
552
603
595
702
502
659
631
657
633
656
573
645
603
695
711
670
578
607
605
682
608
520
656
478
553
554
631
705
621
560
616
635
584
643
606
575
587
623
577
586
602
646
530
554
680
663
555
667
629
522
693
581
615
584
607
563
658
541
608
562
577
591
626
558
593
681
515
637
621
588
580
572
627
604
663
611
598
652
655
586
540
642
631
609
546
626
551
566
632
568
601
633
672
570
599
675
561
642
604
624
607
523
626
543
600
610
685
626
596
553
572
580
703
537
605
678
585
556
530
569
569
688
569
556
682
621
530
564
619
572
504
652
618
547
638
535
557
591
600
569
668
699
615
643
610
627
542
604
677
615
571
674
631
626
568
618
601
568
662
557
572
658
610
622
686
653
660
661
543
513
550
567
589
591
613
506
603
532
607
651
597
598
629
672
608
583
579
699
620
666
632
645
587
605
597
582
743
665
664
516
567
642
519
619
616
551
577
536
656
535
661
513
663
647
531
619
644
589
548
528
604
541
614
675
691
553
608
552
613
594
647
558
606
639
603
600
609
613
611
581
535
616
642
578
600
629
603
677
528
573
592
575
598
577
571
626
666
568
590
606
650
505
578
609
566
600
640
596
518
579
618
622
552
650
628
611
561
664
489
570
602
620
721
544
583
663
581
603
547
544
620
579
557
554
558
618
625
607
567
464
573
503
629
620
571
556
468
656
615
602
555
656
607
564
489
594
597
581
574
680
595
553
648
592
599
666
609
625
597
674
649
692
596
489
572
597
593
562
529
608
653
619
524
528
598
623
574
572
521
631
599
585
605
527
519
565
626
602
585
632
507
712
626
585
541
635
552
545
622
565
560
620
526
619
580
526
603
629
617
567
679
581
633
610
643
599
608
616
628
541
560
712
574
548
647
494
570
623
449
642
617
545
540
594
534
557
668
595
580
462
632
568
566
581
543
624
670
611
647
637
641
616
637
608
597
548
675
591
548
553
604
590
611
565
599
623
622
579
663
660
613
536
537
526
579
609
632
520
551
600
509
561
502
735
606
609
566
570
607
658
660
675
597
618
533
717
699
628
503
592
496
705
666
664
571
612
546
624
535
555
574
681
603
667
660
618
617
586
613
638
522
648
603
672
660
550
564
610
584
606
623
584
592
552
481
624
559
580
593
638
541
638
633
603
540
587
544
615
679
634
532
584
709
517
611
619
584
634
612
573
557
658
536
591
575
538
607
612
601
636
574
605
597
584
670
508
654
629
665
663
626
601
566
575
583
605
529
632
582
584
507
593
560
462
677
568
636
524
675
582
492
571
700
638
630
568
542
563
588
569
628
652
673
539
490
607
579
655
733
576
591
688
618
676
532
581
639
558
498
568
645
570
598
653
624
567
677
653
542
457
576
640
638
638
511
672
613
618
655
684
542
599
618
653
656
552
669
531
662
617
627
619
591
520
625
634
657
608
596
556
603
613
543
592
654
485
670
628
649
636
668
662
656
624
581
601
620
602
469
636
627
577
567
543
607
540
700
515
572
574
618
664
606
582
583
625
609
648
591
639
614
576
517
559
527
646
600
598
619
613
568
585
693
630
515
638
655
642
567
666
619
627
523
656
555
587
529
632
620
518
683
583
571
613
509
575
599
670
651
654
537
674
631
678
607
698
596
656
656
585
580
560
650
660
587
578
626
493
587
571
672
631
582
547
498
636
682
630
627
494
593
647
648
616
594
549
674
650
650
628
644
622
534
663
610
550
617
565
668
603
577
593
597
627
670
596
588
584
544
613
581
574
641
579
595
542
531
597
565
614
545
578
538
630
620
588
563
479
625
573
660
613
551
547
671
606
561
642
567
664
667
550
612
545
596
642
616
586
657
626
583
584
622
580
577
535
612
588
589
637
565
609
672
593
512
572
522
556
632
641
657
586
637
600
623
624
595
616
622
577
650
624
519
536
672
543
605
629
574
632
647
685
670
585
518
624
571
538
617
616
563
580
697
595
508
482
592
602
706
717
668
613
604
655
612
579
721
651
624
607
523
570
564
584
605
557
657
620
593
570
600
611
597
590
575
590
624
629
570
659
536
655
500
540
666
508
616
572
518
648
638
527
619
588
442
614
644
692
689
538
612
583
514
630
620
633
555
644
636
666
543
564
642
565
627
