489 510
503 485
494 517
476 496
513 491
493 499
515 494
496 496
522 522
510 504
507 515
491 512
487 494
509 486
499 491
497 472
482 493
509 498
500 507
491 503
492 483
496 506
503 500
524 504
510 522
487 490
517 492
500 511
509 518
515 511
492 508
503 487
514 508
500 498
488 502
505 492
512 489
479 510
496 499
492 484
513 493
517 508
497 489
493 488
521 502
512 487
502 512
497 510
489 486
504 496
506 480
507 526
500 500
502 481
504 484
496 512
493 505
510 503
486 497
520 480
497 494
501 507
516 497
508 505
505 494
490 489
492 503
508 503
495 518
515 496
492 501
513 503
506 498
505 515
498 501
503 503
486 481
490 502
506 495
514 499
500 498
501 507
507 491
515 489
501 497
490 499
493 501
504 515
503 494
496 501
501 515
514 496
495 474
495 490
496 504
502 500
502 499
502 468
497 499
497 498
507 494
522 507
500 498
499 491
499 503
506 506
497 486
493 516
509 504
492 500
487 494
498 496
510 486
491 486
488 501
484 508
498 501
503 496
510 498
506 498
503 503
502 490
504 497
506 478
485 504
519 508
493 483
507 499
506 501
500 530
500 498
499 494
510 496
506 503
512 504
488 487
514 494
487 493
513 486
491 493
487 488
485 495
496 493
483 513
487 503
489 507
510 491
481 507
519 504
502 508
508 492
493 506
499 513
493 508
503 499
512 507
490 506
514 499
498 493
500 507
492 487
496 486
505 496
482 497
498 504
499 519
495 499
499 497
501 505
513 484
495 496
509 496
481 501
500 502
490 517
497 498
491 491
488 496
490 521
481 489
496 507
496 507
490 501
517 490
504 502
477 494
511 501
488 507
495 504
504 489
508 490
487 491
497 501
492 507
503 493
509 512
499 498
482 496
497 502
498 502
515 495
495 487
500 510
482 493
500 509
504 503
498 505
510 483
507 499
495 476
486 517
493 489
495 493
501 515
494 502
489 515
502 489
509 512
502 484
518 503
512 494
496 501
511 501
487 503
516 501
501 487
486 494
497 501
502 516
501 511
500 514
481 494
510 498
509 504
509 506
507 515
510 510
500 494
493 508
476 487
490 498
474 513
506 520
511 510
523 494
485 498
492 497
489 506
505 500
503 499
508 501
497 509
513 513
490 495
483 498
504 499
519 496
489 506
501 505
503 502
479 493
494 497
496 504
506 489
507 506
505 486
504 501
510 518
516 501
500 506
489 485
495 512
497 515
472 484
499 509
499 499
499 482
512 493
511 499
511 503
499 502
485 500
517 513
490 505
502 508
501 498
513 502
513 510
497 498
519 502
492 488
510 502
492 507
502 483
506 513
526 500
502 516
502 503
494 486
509 487
511 492
503 496
512 503
520 489
504 500
503 516
506 489
505 496
495 510
494 496
500 509
506 498
497 488
492 493
499 520
493 497
479 506
484 491
510 479
501 508
515 491
494 518
500 493
493 490
496 511
509 488
502 496
508 498
504 498
478 500
487 507
493 494
500 506
498 516
516 517
498 485
512 496
500 506
484 516
509 504
509 506
501 497
493 503
504 511
502 491
484 499
500 499
485 511
511 492
508 510
500 491
516 504
497 508
516 495
507 519
489 495
494 498
498 503
492 494
503 502
509 504
508 489
496 518
504 507
503 504
498 536
496 500
476 511
494 499
495 499
497 500
499 498
498 513
509 509
493 513
511 494
515 493
482 511
499 510
492 487
512 486
484 481
472 490
478 500
478 489
523 503
501 484
498 500
484 501
512 497
498 480
486 511
493 491
493 499
488 501
486 508
489 513
500 492
509 486
495 500
499 480
491 502
487 513
505 495
498 519
509 504
486 516
511 499
495 498
488 495
508 482
497 501
501 488
488 511
488 510
495 511
496 488
509 500
514 509
498 496
500 502
491 508
496 496
495 502
493 501
528 499
496 483
501 489
496 502
483 502
503 487
496 482
516 503
498 498
511 499
503 515
497 489
492 514
501 495
510 510
495 490
484 482
497 491
519 501
481 514
502 507
507 503
505 502
489 504
510 498
506 504
518 497
497 499
499 477
494 503
500 492
493 496
492 495
495 509
510 509
504 493
510 497
500 513
501 502
486 505
490 510
498 478
496 498
505 507
497 510
468 493
489 487
510 508
492 512
501 496
493 492
505 507
502 479
503 506
493 500
481 488
497 497
504 488
497 495
505 514
517 484
500 489
499 504
501 500
515 507
497 500
509 506
496 482
488 501
482 498
495 510
487 481
496 506
511 491
505 489
493 506
507 490
505 481
498 489
492 487
506 506
493 504
503 499
522 492
500 496
496 502
497 491
501 512
509 502
493 502
511 512
504 496
498 508
507 482
507 507
491 492
492 493
486 503
492 499
495 503
490 502
504 508
520 479
503 493
481 508
513 496
502 499
504 509
503 503
513 498
509 492
516 507
496 479
500 488
503 515
502 498
503 503
476 502
506 497
510 499
508 523
499 481
497 483
506 513
507 503
494 516
508 503
502 501
505 494
515 502
506 496
504 477
489 500
487 524
483 503
517 505
497 494
507 492
499 507
497 501
497 490
512 514
497 497
498 505
491 499
503 506
472 504
503 510
495 495
512 484
516 526
505 508
485 493
511 504
498 502
505 497
500 500
489 503
518 517
485 506
507 496
490 487
496 504
498 494
488 504
511 491
504 481
493 507
489 494
514 493
491 506
520 498
508 513
503 497
491 486
511 502
513 510
494 488
504 494
504 493
491 499
509 503
512 488
489 499
522 507
489 499
502 494
506 498
497 513
483 490
492 492
493 505
511 509
490 499
505 502
513 493
502 496
503 489
491 493
494 515
512 498
502 484
498 502
511 503
504 503
503 486
496 514
508 505
501 507
491 484
496 505
501 510
504 500
513 511
499 489
491 498
496 517
483 499
489 501
504 496
505 498
498 496
507 501
516 513
506 478
485 510
495 502
494 505
510 488
492 483
502 483
496 505
521 504
513 503
503 498
496 512
504 503
494 497
521 499
513 495
508 503
496 506
485 506
508 503
513 499
499 504
509 506
498 490
507 492
492 493
501 492
489 493
498 505
501 489
502 503
495 492
492 495
522 491
503 493
495 493
508 504
499 505
507 491
505 493
508 507
504 498
495 497
508 493
500 483
503 490
487 505
502 496
497 523
498 498
507 501
510 503
508 504
506 500
502 497
506 487
507 510
507 499
505 492
508 489
506 505
504 496
508 482
508 502
511 502
518 491
506 491
499 507
506 521
496 513
497 493
484 502
495 508
495 495
504 517
489 510
509 498
507 497
524 499
501 497
483 497
502 515
505 498
501 503
496 507
516 496
512 509
505 501
503 498
518 493
511 515
497 512
501 501
499 484
505 514
493 508
499 489
510 517
492 502
486 500
505 518
516 516
495 498
483 493
485 504
493 489
496 488
503 503
497 493
487 506
502 505
497 498
514 494
497 507
503 480
483 493
509 507
505 506
490 506
491 509
495 503
481 487
511 507
488 513
489 500
495 491
512 517
502 515
497 501
501 488
505 507
498 483
504 485
492 501
492 503
498 484
502 506
510 496
499 485
520 515
500 499
471 510
506 508
496 495
488 508
513 511
502 497
489 493
505 497
516 512
494 488
495 511
495 505
494 503
505 510
514 513
495 499
488 498
500 496
495 510
509 504
487 502
496 513
482 494
494 495
510 476
498 509
510 495
493 503
502 501
462 489
491 506
486 490
498 487
506 496
518 494
494 508
493 515
505 497
498 529
505 502
499 510
485 498
472 495
508 514
506 506
483 493
515 495
499 492
491 495
493 510
502 510
486 512
500 518
499 485
513 499
478 501
502 511
464 511
495 519
483 505
504 496
492 496
497 487
510 489
510 482
498 498
500 510
498 495
498 510
488 490
480 520
488 481
492 494
515 495
503 482
502 484
497 492
501 506
487 489
502 507
514 495
485 502
492 491
514 506
493 500
499 502
496 481
490 495
500 489
502 496
492 487
504 504
508 505
506 504
482 497
486 514
500 513
490 499
503 497
502 515
490 474
516 492
511 507
498 504
489 501
506 492
496 503
513 500
496 499
512 494
497 494
498 502
510 479
506 491
506 512
510 502
508 491
499 515
492 502
496 498
504 497
500 495
482 502
504 514
499 486
492 505
499 503
496 519
517 491
509 503
500 491
516 512
485 514
500 494
490 509
504 491
492 496
495 505
504 494
483 487
509 490
501 482
504 519
487 505
503 509
499 503
502 506
492 502
508 512
505 489
484 504
490 508
497 510
521 499
499 510
511 517
502 494
500 494
502 491
509 507
501 500
498 513
512 501
491 488
503 494
505 496
508 502
510 478
498 522
475 508
504 513
498 512
512 502
488 509
490 499
509 511
497 506
485 495
515 513
507 499
508 500
502 501
492 507
489 508
490 493
472 498
502 508
513 485
510 495
499 499
496 491
503 508
487 500
494 511
505 515
485 510
502 493
505 516
516 508
490 503
503 512
498 500
493 507
498 502
495 500
489 502
494 507
518 508
489 496
484 500
482 488
511 509
485 496
505 504
484 503
494 512
498 504
499 507
492 507
512 518
516 495
506 508
506 508
504 495
502 508
505 489
491 496
498 502
490 508
481 505
505 506
469 487
496 502
499 492
603 595
587 623
585 593
590 616
609 593
590 603
603 599
589 599
608 602
586 607
579 612
602 589
607 600
597 598
608 589
605 595
602 578
605 602
601 599
608 577
607 611
609 612
603 598
620 593
597 589
606 608
616 600
592 604
588 608
607 595
603 595
601 601
604 596
600 604
587 609
610 604
596 601
579 609
599 605
604 590
601 599
621 580
612 606
612 607
611 595
609 601
619 622
614 596
601 601
617 602
584 611
575 591
591 606
621 604
592 603
607 597
609 601
595 597
605 595
597 600
609 586
591 616
613 591
614 606
584 619
596 603
597 601
593 612
588 602
592 595
598 605
592 599
616 583
607 604
598 596
594 606
601 613
602 600
610 611
597 588
608 606
602 589
605 590
593 606
594 600
607 614
594 600
615 592
609 601
605 601
584 605
588 600
602 617
605 599
591 594
596 621
587 601
616 597
591 586
594 594
618 594
591 617
604 586
593 604
594 581
611 604
589 608
587 591
598 600
594 614
620 603
609 602
606 588
601 615
603 594
615 606
605 594
604 600
594 612
591 594
612 602
604 617
611 612
612 588
582 590
593 598
598 603
581 601
586 601
610 599
600 606
615 602
597 596
620 604
613 606
609 597
601 599
596 629
613 613
583 593
608 584
604 603
590 595
587 611
587 612
582 613
609 586
604 609
598 589
585 601
588 603
615 618
590 602
590 603
599 609
592 601
608 601
600 602
603 602
596 587
603 608
596 600
606 601
616 586
594 598
595 600
595 594
605 613
593 598
601 610
581 596
602 593
600 608
599 583
596 604
605 590
610 606
602 592
613 578
594 600
604 624
589 597
613 596
601 589
589 604
596 591
591 592
604 605
601 593
572 594
580 606
604 594
591 573
611 603
600 591
611 601
593 578
599 599
596 595
616 599
590 610
598 600
613 602
605 599
615 610
619 599
578 594
599 599
592 586
602 611
604 585
585 600
605 595
594 584
606 600
597 601
585 584
593 605
601 597
606 581
623 605
597 588
607 590
589 604
593 592
604 585
604 596
585 601
606 603
593 616
596 607
602 609
600 602
603 606
588 592
623 595
590 610
579 594
605 570
608 603
589 588
599 587
591 614
599 596
572 606
594 593
596 588
605 614
602 610
608 608
603 607
602 599
589 615
598 590
590 601
598 602
593 600
605 604
596 613
612 603
587 587
585 596
602 606
584 590
600 582
592 580
627 601
602 593
594 601
612 612
615 599
604 587
624 620
606 580
598 579
621 613
613 594
602 589
605 587
591 595
616 601
613 612
604 603
597 603
608 584
610 601
615 612
590 593
602 597
601 605
597 598
590 576
605 592
596 599
608 588
608 607
601 588
597 589
603 616
607 586
597 622
583 602
604 597
607 602
595 591
612 587
598 595
588 601
602 600
607 595
601 599
597 614
581 611
606 613
613 605
600 593
595 597
601 586
606 596
597 581
599 592
572 616
593 607
585 615
596 578
594 620
608 606
593 588
592 598
594 606
611 615
588 578
601 596
611 627
595 598
618 604
615 586
596 608
592 579
594 609
594 600
611 605
593 615
611 588
571 595
608 608
608 582
615 603
604 611
617 588
600 604
611 611
590 614
586 613
603 605
604 598
584 605
607 612
602 599
591 601
603 589
598 611
577 614
606 610
607 614
612 611
605 596
600 604
600 573
607 605
595 593
588 601
588 620
583 594
595 604
613 601
596 597
605 602
610 598
608 603
595 583
592 585
609 600
600 604
603 593
597 619
606 583
608 611
609 593
613 604
606 584
611 591
597 586
606 604
583 617
596 594
603 582
595 600
614 610
611 587
615 606
616 601
620 599
611 611
597 596
592 610
612 597
596 605
578 597
594 615
606 596
589 579
607 617
606 605
579 599
610 610
603 599
590 615
610 610
606 609
605 587
613 602
590 604
593 614
601 595
599 599
605 614
599 598
597 589
603 596
595 608
596 599
588 586
599 593
603 589
596 587
606 604
598 592
576 605
595 612
603 590
589 614
601 592
608 593
613 614
590 602
589 599
608 603
597 611
605 597
597 605
596 595
587 602
598 598
607 593
602 615
599 582
594 584
591 606
608 611
597 607
600 605
605 599
603 605
595 610
605 584
587 615
589 601
606 595
606 609
617 614
597 583
605 594
587 603
603 593
596 620
599 581
576 598
600 621
624 614
603 601
611 602
596 624
610 605
601 584
594 593
597 601
591 611
604 599
594 600
602 599
598 595
598 605
606 594
612 587
611 580
588 613
581 603
594 583
610 608
585 604
597 568
603 609
619 618
587 602
597 583
606 604
607 591
609 607
613 588
593 609
593 606
590 582
609 589
624 608
606 600
593 588
613 595
602 599
601 591
606 613
606 594
596 610
606 612
605 614
595 612
587 608
604 618
627 595
586 607
614 615
588 585
611 605
606 597
614 588
583 599
605 606
594 598
578 609
591 619
608 598
601 591
598 608
604 598
614 604
579 601
603 583
586 596
586 614
605 605
591 599
589 622
599 606
611 577
591 608
605 595
599 593
604 587
609 600
602 596
595 604
587 610
597 603
594 607
601 603
614 595
587 582
604 587
599 595
584 587
608 608
607 599
593 597
586 587
600 618
626 608
589 608
611 617
592 588
603 593
610 605
603 616
605 599
606 610
598 602
613 602
591 599
612 603
604 598
606 612
609 586
612 595
596 602
578 596
606 601
578 608
585 598
584 607
601 590
613 596
594 597
609 594
602 605
598 595
607 604
584 595
591 607
582 601
604 602
612 594
608 602
594 598
601 596
586 587
611 600
602 603
588 614
615 585
589 601
612 589
619 602
606 586
595 595
583 600
597 612
617 598
606 622
609 607
609 610
605 605
604 595
596 605
620 593
607 578
595 617
609 592
583 600
601 604
604 609
609 607
597 596
589 602
606 604
594 587
582 586
616 582
594 611
583 588
599 609
596 604
599 598
605 589
608 621
579 608
598 591
605 591
599 592
582 587
603 614
617 600
591 604
600 615
595 599
607 613
587 585
615 622
608 592
606 621
605 598
607 602
603 606
623 612
596 588
599 600
588 597
598 591
619 598
605 594
598 595
602 601
594 605
598 616
582 594
601 589
610 602
598 595
591 617
604 604
591 605
613 611
616 605
588 606
623 595
605 587
598 601
606 619
599 616
619 607
614 590
605 617
597 586
582 593
606 594
593 606
588 596
591 605
615 600
598 609
616 607
603 609
619 621
591 594
609 593
598 608
592 583
602 599
600 602
605 630
624 599
597 603
605 584
592 586
597 608
603 601
587 589
596 597
603 588
589 595
618 613
604 585
605 614
588 611
608 606
593 599
615 603
589 590
586 589
601 602
616 595
602 600
600 611
605 598
601 609
595 600
616 579
593 620
592 601
623 597
607 587
605 603
617 590
618 591
586 611
608 611
601 597
608 581
623 608
610 586
606 604
605 605
602 608
588 599
607 620
598 593
608 602
602 606
615 608
606 592
592 588
595 598
613 615
600 605
586 596
602 610
589 608
589 583
602 599
581 600
613 588
597 592
599 594
605 603
593 614
600 582
603 610
604 602
606 593
599 621
600 603
598 598
581 604
598 599
595 594
615 611
595 610
614 607
594 616
588 606
589 608
598 613
610 617
593 599
593 599
612 594
616 593
601 595
590 594
584 611
593 597
583 609
595 584
613 599
608 607
604 603
594 594
608 610
611 610
594 604
585 607
586 601
594 602
605 627
587 602
604 604
582 583
598 601
599 605
586 599
605 607
582 599
592 574
591 602
599 585
593 599
587 606
599 617
592 593
602 608
593 611
604 605
596 594
596 606
602 600
601 589
585 596
598 602
605 596
596 617
616 630
604 590
602 609
618 595
589 607
581 605
614 605
611 602
613 584
599 600
606 585
609 591
598 580
593 594
609 595
609 591
596 599
608 600
601 608
587 613
605 602
605 618
600 602
585 599
603 592
618 618
592 598
593 601
605 610
597 593
609 595
589 604
598 603
606 599
591 595
608 588
591 611
614 617
595 598
607 600
595 604
604 602
579 613
582 608
604 591
596 582
596 608
587 582
598 612
605 615
612 577
604 602
594 589
603 606
609 602
596 603
597 590
596 596
593 599
578 598
589 600
595 581
604 588
586 611
614 609
592 596
597 618
600 604
602 588
603 603
593 599
596 613
593 583
602 613
598 606
579 591
601 596
604 628
592 600
592 592
607 617
597 590
588 596
605 597
611 615
601 593
598 594
606 609
622 602
610 600
602 603
611 584
610 586
609 589
608 604
585 592
609 590
601 611
608 609
608 590
596 593
588 592
596 606
595 609
599 599
576 588
608 608
591 614
608 606
609 616
589 611
602 599
602 592
611 592
614 604
615 617
601 611
600 602
596 595
606 594
608 616
604 610
606 607
599 598
607 592
611 599
615 605
587 604
619 595
613 600
597 597
593 603
605 600
590 601
612 612
597 611
587 610
600 606
613 614
610 610
585 610
590 595
605 579
611 590
600 597
615 594
600 587
598 594
596 596
586 593
595 578
610 608
597 592
599 602
611 605
595 602
591 588
605 599
618 603
574 593
606 597
598 587
596 589
597 594
595 618
599 591
609 609
601 612
593 607
615 594
602 592
586 608
571 594
610 585
594 590
594 593
