435 560 517 410 465 599 354 474
576 448 459 494 589 462 473 474
632 631 560 523 544 589 444 571
425 462 554 414 492 448 485 332
394 458 556 490 500 541 447 517
452 396 477 534 520 499 644 525
559 634 422 438 605 452 502 564
553 605 590 564 454 548 519 420
585 548 503 486 428 512 528 450
570 434 373 562 476 492 450 404
575 459 600 548 481 435 456 427
625 510 569 424 511 571 480 562
435 418 523 477 539 381 543 656
499 502 511 388 526 404 474 575
456 530 561 517 418 480 618 378
483 467 507 545 597 484 549 530
528 466 440 434 455 519 546 519
467 608 591 479 451 508 576 520
533 487 527 593 486 509 515 517
415 387 439 510 533 468 583 491
501 488 508 542 540 446 591 434
505 484 437 495 456 504 524 588
518 463 477 508 506 588 584 478
467 347 467 441 479 523 511 498
512 492 512 306 484 493 480 487
542 464 632 541 500 488 495 445
494 517 535 535 484 415 460 597
554 522 454 500 425 467 485 478
557 415 448 418 426 507 404 545
485 504 519 474 562 488 536 488
517 517 515 442 526 481 538 371
412 522 612 550 459 398 545 495
535 507 502 678 500 490 493 465
559 479 538 517 573 525 427 420
585 463 421 460 576 415 448 460
425 429 409 472 479 459 401 575
420 517 436 540 557 447 385 542
613 525 510 549 546 450 460 537
491 579 458 545 521 492 571 541
440 538 582 492 485 460 499 541
451 419 477 417 531 474 395 479
488 527 491 612 469 496 494 483
509 532 580 406 469 473 556 479
386 505 498 511 438 603 481 489
446 444 427 476 443 623 387 432
476 540 475 541 441 504 605 442
525 512 365 465 568 508 427 541
471 522 523 433 547 440 422 447
479 507 454 545 515 458 553 570
494 487 394 476 483 515 490 515
592 468 471 421 499 559 395 460
502 551 523 520 487 529 561 397
544 494 468 353 417 602 459 435
473 455 507 591 465 509 431 591
511 435 554 572 510 402 607 519
570 467 476 507 567 509 425 516
598 504 508 424 416 462 480 506
510 596 504 564 498 587 388 464
559 490 556 523 557 537 540 590
559 560 501 465 460 545 354 422
442 485 342 576 536 619 564 562
635 466 410 486 451 485 437 534
531 498 519 491 545 504 484 556
576 580 441 468 398 486 525 492
616 476 435 534 509 533 518 515
373 456 465 479 473 525 536 432
541 535 528 415 526 505 558 607
595 507 500 538 433 413 472 573
480 590 333 405 493 553 496 494
493 394 569 459 565 496 564 521
494 514 412 500 603 578 441 530
515 549 506 486 580 513 575 558
481 490 616 511 454 428 558 510
452 540 510 400 535 580 654 502
514 596 510 517 462 416 555 424
568 453 516 478 570 518 618 435
525 503 517 596 535 431 532 475
472 563 464 477 502 557 535 486
484 430 454 461 491 619 459 482
377 536 405 446 563 374 506 548
592 445 463 608 498 456 457 442
474 565 553 430 513 476 547 491
522 490 369 503 424 545 459 464
499 535 490 599 599 603 486 411
573 475 502 538 404 598 552 521
553 533 507 482 456 517 522 565
512 449 405 492 498 494 408 564
564 451 548 557 502 443 597 523
485 546 597 470 541 617 433 467
464 491 487 518 451 463 518 509
552 525 546 431 477 611 524 545
516 526 486 714 476 498 355 566
467 496 468 492 483 497 497 491
490 579 553 553 456 575 568 467
591 459 389 566 493 559 455 424
574 416 406 384 332 438 370 498
366 434 640 521 503 403 485 503
404 508 571 479 488 377 416 563
460 444 458 497 430 508 418 546
437 579 499 449 555 418 467 500
493 379 445 510 421 576 530 469
487 612 556 523 415 598 563 491
467 489 428 472 546 392 481 507
506 429 429 565 427 561 471 565
475 430 551 499 587 554 486 473
501 511 447 551 476 475 468 514
458 508 666 497 474 400 503 433
477 509 396 509 518 422 476 390
595 520 489 490 568 494 520 591
479 434 451 586 505 470 558 560
471 442 406 392 484 446 612 504
383 585 510 542 541 518 531 514
434 522 561 487 533 525 609 485
482 493 494 364 461 518 500 452
460 479 452 469 468 554 561 556
526 458 558 481 501 580 505 515
415 529 441 561 489 366 479 486
529 540 480 561 310 457 433 425
558 550 453 571 506 475 458 453
528 539 514 377 518 534 460 503
388 426 481 481 521 429 480 471
532 585 603 406 497 433 496 525
505 497 589 543 484 501 552 537
474 393 429 509 393 491 473 560
421 384 475 538 564 445 528 433
455 534 543 440 528 388 488 432
452 423 533 533 459 523 516 492
629 450 501 477 478 510 482 448
507 571 557 512 456 511 565 571
522 478 488 546 541 395 540 543
447 454 455 459 415 519 453 496
470 515 439 515 523 550 618 374
519 457 384 550 580 477 513 496
526 553 521 521 576 490 555 451
596 544 476 373 500 429 518 587
510 489 521 517 358 514 537 484
559 492 546 636 494 383 480 396
537 579 542 519 461 595 545 517
512 507 527 463 592 509 536 474
522 363 433 498 421 646 400 521
599 529 481 467 540 452 493 541
482 505 482 442 571 584 481 484
489 532 446 495 516 539 333 524
521 560 468 469 572 406 598 653
529 549 411 458 563 522 489 514
530 482 498 498 437 519 608 604
411 534 541 475 442 421 473 521
491 463 425 521 564 444 527 387
461 544 433 464 585 456 449 535
617 486 546 581 520 484 447 414
567 511 580 559 463 429 525 462
523 456 448 492 556 518 571 426
437 495 630 540 436 495 513 466
537 491 482 576 397 442 451 449
456 529 566 555 439 494 527 514
578 459 509 476 515 435 444 456
466 593 571 487 510 404 489 510
569 520 526 518 516 416 475 586
549 530 504 540 443 405 477 532
506 561 521 503 580 568 494 434
446 490 478 599 399 496 436 507
523 476 532 488 489 475 539 508
594 576 533 370 411 559 471 514
462 531 557 427 451 400 514 400
478 531 623 522 575 516 519 487
477 570 522 520 464 479 624 496
580 469 548 517 476 539 407 534
547 516 579 496 491 521 552 534
486 440 540 453 451 461 503 452
432 460 489 527 504 435 514 519
473 452 452 468 633 447 516 457
470 458 548 523 492 530 545 449
533 457 550 544 524 487 468 484
546 459 503 395 516 438 421 531
513 473 482 636 488 488 539 505
559 517 546 527 539 497 513 484
536 419 544 560 545 494 530 453
550 434 536 532 524 473 546 390
547 511 563 512 610 443 537 447
492 545 538 625 479 577 485 458
403 510 469 551 468 471 521 603
435 561 552 487 541 483 642 493
505 480 398 484 514 590 530 489
504 520 477 541 598 478 572 553
532 507 520 487 610 457 568 593
481 570 509 504 496 403 533 587
458 551 495 434 560 601 452 513
414 497 529 605 593 599 468 485
400 457 413 522 458 434 479 429
519 517 481 456 420 533 514 528
482 487 587 464 481 545 518 377
399 460 555 540 531 538 442 536
445 557 469 517 388 419 565 542
427 577 435 501 471 445 570 601
511 592 483 506 508 431 530 543
490 398 522 409 451 508 454 515
486 402 510 535 561 478 496 410
618 590 498 493 324 562 534 549
476 472 426 547 575 567 511 480
437 458 528 483 598 569 464 427
467 564 469 533 466 521 532 559
586 579 468 491 430 486 501 476
470 562 554 524 423 512 477 579
392 466 465 472 557 359 488 551
559 467 459 521 509 504 272 432
448 539 414 437 491 423 539 477
610 462 465 548 461 591 529 482
490 671 529 509 492 562 409 489
330 468 551 583 536 538 397 459
588 469 492 452 444 472 460 557
513 561 417 574 501 610 497 410
577 492 371 509 514 565 285 569
472 616 397 533 525 475 454 478
479 425 560 434 561 393 489 490
499 557 488 473 488 559 428 439
383 622 430 387 451 463 588 472
518 393 512 401 481 454 503 538
420 432 512 541 585 472 411 511
452 445 584 537 456 499 495 510
476 386 441 468 502 435 511 477
454 424 527 525 548 533 537 523
394 483 414 582 499 576 438 494
516 480 511 589 438 342 596 453
567 539 487 523 432 505 536 454
477 519 579 500 474 491 570 462
482 462 488 513 562 373 533 447
536 574 560 509 550 443 496 591
453 512 478 488 524 484 500 470
390 512 526 583 492 416 455 532
495 517 479 612 604 444 555 518
501 448 597 570 413 583 498 464
441 557 524 448 451 477 469 532
523 462 401 420 552 440 507 394
524 615 420 533 516 555 492 516
511 534 450 512 549 570 530 432
407 525 439 551 483 561 628 496
493 561 564 602 512 462 500 463
514 448 554 542 508 502 488 579
571 509 449 429 517 462 529 477
546 512 560 366 486 633 350 551
525 577 490 571 573 512 430 555
442 492 557 566 479 538 407 472
588 581 540 491 551 499 510 505
453 544 436 547 442 457 330 491
511 550 579 411 559 472 496 494
473 447 517 549 424 499 462 566
530 591 407 562 510 456 529 594
596 549 441 519 521 575 490 501
461 540 487 511 472 503 435 510
464 542 611 551 433 478 403 501
394 428 566 552 409 473 528 524
402 516 464 572 488 522 493 540
454 540 573 610 595 468 535 548
535 545 525 467 512 551 528 434
447 475 488 509 441 548 389 532
530 539 316 419 479 510 495 451
577 519 476 441 504 576 502 498
504 507 486 442 592 538 627 530
486 443 480 431 626 499 547 558
565 653 494 489 510 545 511 484
457 454 516 440 391 507 570 540
499 524 401 459 601 571 457 605
457 451 592 578 465 497 479 530
594 532 493 419 547 427 489 557
549 550 542 509 518 506 529 532
508 531 459 482 514 615 532 492
487 545 494 538 531 425 528 528
548 450 566 490 619 605 464 418
542 451 569 532 413 547 508 525
591 492 545 464 466 487 463 534
421 550 454 523 429 529 565 501
593 492 525 444 526 466 457 595
424 493 543 514 389 536 417 473
485 325 494 540 490 511 636 568
504 655 462 531 405 524 493 504
522 517 436 477 500 414 548 613
518 468 362 409 520 576 487 411
448 466 384 481 554 399 466 379
451 491 561 527 429 506 480 499
488 519 511 552 507 601 531 589
543 460 575 571 328 467 587 563
412 552 604 536 411 453 524 487
577 544 618 561 533 481 584 500
438 503 494 440 550 492 524 453
490 546 485 478 631 519 544 545
506 532 442 587 575 511 500 426
562 485 537 414 538 489 501 415
541 463 497 548 495 619 446 514
525 439 505 488 514 527 584 517
533 590 405 484 502 407 505 359
542 411 425 531 400 623 507 494
572 495 514 491 470 522 532 424
447 460 498 521 629 517 490 457
559 499 521 500 533 529 522 500
506 523 385 498 559 471 375 417
505 457 508 499 472 445 512 504
493 552 512 464 478 496 507 580
601 472 439 467 525 550 476 445
523 537 562 462 520 402 494 543
589 518 485 416 514 538 561 515
443 533 601 484 452 480 499 469
542 526 480 499 408 519 416 483
472 528 473 497 590 406 507 552
462 501 418 403 543 480 421 472
536 533 563 470 462 520 560 478
557 480 622 397 592 410 573 505
473 445 444 541 528 489 498 448
492 553 446 531 472 408 564 418
472 564 453 557 473 494 613 568
505 461 502 599 630 463 587 405
535 522 562 450 509 388 462 499
512 668 469 501 431 387 554 554
417 399 462 600 411 541 508 482
464 515 481 476 488 567 513 504
583 484 586 459 532 481 496 461
482 458 524 451 532 641 407 358
441 545 457 535 557 485 553 364
550 548 494 560 586 616 616 503
492 495 340 542 641 534 415 440
444 599 530 538 521 433 443 541
505 389 547 585 500 481 582 488
463 408 471 612 570 507 500 559
506 424 509 511 501 515 458 509
404 445 485 536 482 526 561 645
482 461 502 512 533 549 483 544
505 574 483 508 516 568 500 438
398 562 538 600 506 505 511 468
458 526 571 536 471 525 511 466
427 450 572 515 463 505 537 468
454 393 565 535 540 534 378 507
527 504 359 493 485 562 494 469
469 543 540 487 476 362 378 450
491 453 409 498 499 579 478 486
457 656 539 450 382 423 445 418
493 439 404 538 408 347 556 607
502 541 540 641 441 473 474 503
488 495 509 619 516 550 540 521
484 548 395 592 540 506 499 513
549 528 582 603 566 411 469 559
628 465 536 574 506 427 617 448
456 516 503 445 601 531 554 497
500 579 469 479 528 554 554 443
435 449 553 553 519 518 401 519
406 550 481 515 487 495 433 490
496 512 533 529 516 461 422 440
451 551 565 452 430 403 463 525
435 571 522 564 452 543 433 542
586 586 468 447 490 594 418 409
377 506 398 571 598 492 644 514
470 469 586 548 378 387 412 464
422 454 451 433 627 585 607 601
496 507 444 509 440 404 454 552
506 536 501 445 531 506 579 581
482 507 446 448 465 530 469 593
528 484 561 456 461 581 422 491
477 456 559 552 541 501 538 380
476 502 465 511 643 507 525 512
428 411 403 517 378 539 488 527
420 593 496 386 574 424 427 428
481 535 533 651 460 473 418 434
567 470 527 502 437 451 387 488
505 482 560 421 503 440 523 446
549 538 520 515 517 520 532 479
433 497 531 531 604 470 415 467
475 452 438 492 496 438 431 522
528 451 490 530 508 594 419 407
543 521 467 565 461 531 489 453
475 570 477 590 509 485 440 541
512 495 506 493 428 539 611 602
506 485 505 463 517 522 428 480
552 554 425 566 483 498 490 373
525 403 550 422 564 514 537 457
391 441 519 527 448 580 499 402
516 454 549 513 509 483 567 445
520 503 438 495 443 622 561 402
473 537 570 552 614 508 577 430
552 487 491 583 558 490 653 576
473 355 517 477 462 470 509 579
441 496 488 451 517 606 537 504
474 503 397 496 488 529 557 545
492 469 462 453 463 493 427 527
493 450 462 550 554 643 534 459
457 523 548 584 448 506 430 523
439 587 453 537 509 503 392 495
441 465 529 663 614 531 523 479
440 527 473 605 629 628 462 470
427 539 449 464 447 467 599 352
532 452 641 550 439 463 466 569
602 509 491 563 502 528 513 453
582 464 616 571 512 425 601 519
554 589 433 522 477 519 527 400
486 505 425 456 507 541 491 458
440 479 452 536 515 461 514 640
545 515 543 576 409 474 463 461
627 531 567 518 665 379 471 474
479 555 505 539 563 514 544 474
461 447 505 443 436 539 444 534
481 465 555 560 513 585 399 565
452 486 522 458 497 474 486 626
389 487 524 432 490 518 522 549
566 480 505 415 497 413 501 549
525 505 548 564 450 571 455 473
544 511 499 510 579 504 545 543
625 583 542 543 510 490 499 501
473 475 496 481 488 490 554 548
561 575 457 502 518 527 531 585
467 514 427 525 404 522 574 537
436 454 537 493 369 585 511 414
514 633 491 490 461 539 515 549
456 544 429 530 452 502 406 506
499 408 604 537 435 440 485 466
494 370 602 457 573 490 647 552
564 572 505 509 492 522 505 522
452 475 533 501 529 540 553 530
486 448 569 458 500 597 452 484
507 393 436 575 527 550 515 383
439 366 539 663 406 564 565 511
418 448 379 492 513 549 488 449
459 492 518 583 623 500 435 574
653 455 470 493 501 459 417 537
492 568 533 561 504 542 456 530
561 580 482 536 578 407 479 535
483 461 527 472 505 408 472 517
495 498 520 566 486 499 505 472
454 551 431 536 488 480 520 529
438 499 474 456 375 552 554 431
494 427 479 462 581 418 393 479
483 618 455 589 530 599 517 403
445 533 447 644 390 462 528 501
472 587 505 565 475 563 514 403
427 568 500 569 544 433 429 494
510 458 531 487 455 515 461 413
594 382 401 550 516 466 616 476
493 501 537 541 582 472 497 482
420 480 520 507 586 512 441 469
451 464 495 546 552 445 525 496
479 460 456 468 563 556 550 364
575 518 552 490 511 580 561 444
452 527 512 447 497 459 535 636
446 527 525 488 477 479 412 381
448 464 545 434 469 564 548 529
566 659 494 537 492 489 446 602
512 592 523 448 501 539 513 391
501 477 475 418 613 559 450 487
578 402 595 522 529 490 526 617
507 459 469 563 517 514 467 585
508 452 395 427 524 447 378 450
491 536 348 497 554 448 465 512
440 445 493 511 534 501 500 515
448 374 446 471 451 432 564 450
478 535 526 456 447 496 458 492
448 525 415 487 517 518 645 486
509 494 614 560 616 465 510 503
431 521 441 563 487 409 466 503
605 552 506 553 510 447 525 552
683 518 471 556 541 595 545 397
496 577 603 450 487 539 475 485
555 561 569 530 439 492 441 470
535 510 633 516 525 498 546 600
510 591 494 565 495 494 379 392
493 545 497 449 442 545 439 550
542 590 648 485 493 587 497 406
454 523 427 621 578 444 449 508
475 494 541 488 586 552 561 431
414 499 607 573 545 575 433 414
578 464 452 537 485 493 521 510
402 472 543 459 481 483 347 506
463 535 516 452 528 471 459 412
526 491 469 406 566 483 520 518
418 541 485 488 384 574 506 487
458 496 538 495 528 434 390 453
478 438 496 484 387 544 486 431
409 637 470 372 413 505 456 485
497 498 498 489 597 478 566 512
557 534 568 652 495 527 614 514
341 473 478 508 461 639 631 402
445 563 451 475 453 585 496 575
465 548 484 512 474 484 495 515
547 443 421 576 622 558 579 478
537 526 510 449 403 575 547 460
521 473 556 532 593 508 495 503
668 541 507 554 486 521 561 345
421 425 480 479 527 540 588 481
476 472 446 512 427 569 516 549
597 364 492 464 528 551 526 508
490 556 502 602 470 610 429 516
505 458 419 556 500 557 607 541
558 477 586 592 534 487 503 509
528 500 483 490 500 574 444 384
409 514 517 570 649 490 564 465
566 517 428 520 532 523 484 589
569 542 459 477 550 603 562 489
510 575 423 416 563 509 444 489
479 531 493 527 596 512 494 470
472 494 562 548 412 613 467 468
490 624 539 514 465 511 637 552
474 479 536 558 431 523 543 576
428 638 476 474 470 535 444 604
472 508 433 469 379 498 494 394
489 530 581 446 391 493 608 481
472 565 477 478 459 507 499 510
506 407 539 416 482 575 536 592
471 467 571 509 625 445 544 538
571 537 543 511 559 472 556 613
459 543 527 444 507 554 546 448
517 529 555 503 467 567 436 462
546 520 509 452 555 535 617 542
417 506 495 491 488 510 456 405
525 566 528 518 454 552 382 622
467 543 473 506 479 380 538 436
431 471 483 521 469 661 408 480
529 565 538 551 458 536 578 530
644 496 480 397 474 531 554 584
513 466 421 489 438 488 417 479
462 561 430 399 547 590 546 491
448 487 476 428 501 577 551 521
497 441 565 414 371 496 475 479
544 532 540 565 424 605 449 519
612 598 585 499 412 436 481 459
457 486 462 469 506 441 543 557
473 501 591 548 597 546 562 466
498 454 505 533 514 410 453 429
519 476 516 376 506 439 543 546
533 557 549 469 413 543 519 363
397 422 495 416 539 469 593 526
492 525 444 587 563 515 616 412
549 572 530 491 376 565 474 496
559 559 431 441 458 541 565 530
474 491 583 433 547 494 529 502
562 532 504 636 575 516 547 507
459 397 624 474 535 576 474 483
531 532 502 437 577 546 511 548
305 504 475 382 533 441 585 491
540 465 549 585 406 537 401 493
516 434 480 590 554 562 598 481
560 464 575 432 450 605 537 520
489 477 496 495 541 602 450 511
549 483 549 417 638 520 497 457
484 544 643 422 494 433 427 505
470 520 542 425 468 483 370 485
423 487 497 387 433 524 553 614
521 461 445 424 562 418 453 492
577 537 492 538 615 480 569 537
575 509 459 437 488 439 414 641
444 471 508 608 540 584 510 502
513 574 446 465 556 584 413 471
530 536 571 587 475 567 448 564
489 527 547 553 523 520 425 527
461 471 525 595 559 496 489 457
503 361 493 461 490 409 475 590
511 433 473 508 363 642 516 515
547 534 586 602 451 384 398 632
435 590 436 578 577 514 462 569
467 594 465 583 458 455 542 501
538 667 445 479 508 437 401 445
544 458 458 529 439 555 616 517
527 457 517 529 424 442 452 513
468 512 471 566 489 439 598 624
546 528 498 527 436 431 535 429
609 453 533 426 499 525 474 462
484 578 561 566 562 591 549 363
539 527 487 412 459 480 552 543
430 537 385 474 499 545 485 534
518 529 540 483 553 593 490 364
539 501 529 452 472 503 490 497
470 492 541 532 424 513 456 522
572 549 461 506 523 527 449 532
519 443 522 473 446 476 443 457
589 422 547 528 591 620 491 519
504 434 474 666 525 407 538 563
543 412 516 402 485 333 390 520
566 493 541 613 439 538 575 511
524 530 474 576 423 476 508 556
434 556 493 561 630 557 520 521
539 536 449 515 534 443 494 417
342 488 481 592 414 536 511 564
474 536 441 527 509 470 569 508
542 594 579 565 488 521 533 551
535 467 486 488 477 546 393 463
482 576 441 531 507 460 625 543
470 571 502 429 322 539 525 447
411 455 469 528 517 475 395 426
596 473 574 554 401 546 437 444
548 468 407 430 476 540 411 502
598 420 468 471 443 549 493 495
588 516 496 496 453 573 473 501
377 538 585 575 437 536 503 463
531 540 527 530 494 599 449 524
419 494 515 510 541 452 451 424
450 459 449 417 519 483 509 476
629 381 464 409 542 462 516 425
502 491 467 682 517 387 631 490
432 457 556 565 529 456 541 516
511 505 485 509 468 540 514 616
428 575 446 465 494 594 447 563
560 573 463 550 502 529 475 384
512 548 556 522 479 455 549 555
498 516 511 470 553 588 400 532
525 490 441 605 489 605 553 504
490 511 532 511 476 566 600 499
509 545 480 374 509 565 422 370
536 440 416 429 520 578 418 513
518 513 538 499 414 514 563 484
450 548 468 485 550 534 642 476
568 448 627 587 546 420 533 459
544 510 490 618 450 469 545 466
468 556 556 618 538 566 503 487
512 468 570 453 548 625 496 578
523 506 551 541 532 503 460 601
518 552 629 561 439 435 622 401
458 542 519 413 508 622 448 407
461 508 476 562 570 583 558 486
468 504 562 448 520 562 569 538
435 486 495 387 447 586 473 411
529 571 395 489 447 452 441 515
495 583 437 590 502 507 451 526
583 447 568 459 473 516 498 494
499 622 509 435 427 482 614 654
557 427 444 429 445 356 534 463
612 525 544 392 470 427 401 535
504 407 579 537 462 533 510 463
456 542 519 410 546 424 468 551
491 554 615 457 537 552 575 508
446 408 544 561 559 540 438 557
385 547 437 433 415 388 555 419
519 591 432 539 432 467 442 456
538 506 417 422 581 404 589 453
503 513 471 534 485 447 452 480
595 501 463 426 498 468 368 531
547 532 610 525 482 533 550 495
516 494 583 577 487 454 495 401
547 554 439 551 487 614 642 487
409 577 607 547 502 568 432 566
458 489 578 576 491 462 508 447
573 460 439 553 521 464 468 487
446 511 488 402 475 586 444 465
476 494 417 453 488 537 530 515
515 442 385 415 521 528 441 600
598 448 506 565 589 514 471 535
531 603 546 530 498 532 371 516
539 404 437 387 532 549 415 482
440 533 442 447 525 640 451 459
482 535 511 461 473 467 434 560
478 531 463 506 564 589 558 446
412 498 530 603 495 548 517 427
539 492 552 418 549 493 469 595
549 548 492 430 423 480 417 472
497 479 512 362 548 493 534 478
491 433 514 457 515 552 510 618
525 497 512 510 538 465 521 444
509 540 553 478 572 487 428 507
544 458 418 500 494 453 580 549
560 423 483 471 477 561 466 461
562 608 578 446 378 454 492 519
470 569 535 501 415 570 497 394
574 614 487 439 567 586 543 376
462 446 534 588 501 491 411 420
500 586 470 465 435 424 557 485
549 390 478 590 430 439 492 499
517 493 503 500 445 473 420 511
447 532 531 374 550 541 506 368
387 548 469 517 330 529 456 454
559 478 521 449 617 451 547 468
509 488 484 481 446 523 513 496
579 550 458 507 563 492 501 476
471 552 513 538 510 472 437 479
533 526 404 608 462 495 513 600
450 451 441 513 534 510 611 480
513 393 358 531 531 431 496 536
481 451 496 620 549 474 554 516
505 520 521 421 516 479 497 444
523 512 498 516 521 555 413 601
504 477 554 496 600 512 559 502
480 542 590 573 539 551 562 562
568 382 459 547 544 380 485 404
423 503 462 471 474 515 549 443
490 518 482 544 502 572 436 650
464 584 568 601 548 458 322 455
565 514 438 427 430 471 491 592
517 465 523 452 590 410 535 419
475 539 527 487 506 407 410 533
607 550 515 560 509 554 524 507
405 522 522 546 492 520 470 594
469 466 503 400 447 403 599 525
468 441 625 403 501 579 462 440
421 550 457 443 395 460 548 537
497 465 457 411 522 506 494 518
547 535 381 480 518 496 464 486
607 580 505 476 531 556 521 436
503 510 434 509 537 534 580 420
515 470 552 561 420 478 442 494
497 578 530 563 558 437 503 557
583 545 397 527 496 542 458 505
481 577 537 485 463 475 601 488
622 511 431 568 377 506 640 601
586 558 572 450 548 523 582 600
473 413 503 590 414 487 383 460
522 498 450 589 475 386 617 564
519 442 436 508 509 414 440 529
424 566 477 568 466 541 515 601
461 625 587 460 465 522 546 442
427 396 592 499 394 483 549 524
614 512 482 518 592 540 492 437
491 422 525 525 441 452 550 497
533 464 452 482 429 465 557 462
594 557 553 521 457 434 432 512
644 529 590 491 465 548 470 483
506 436 515 492 422 503 543 452
639 424 448 535 504 442 543 430
545 574 539 512 461 444 545 546
465 512 623 476 526 523 540 605
575 449 513 368 479 385 418 519
632 529 606 368 429 452 456 559
437 444 458 365 473 524 484 501
511 469 474 486 506 468 427 520
403 457 471 442 450 533 604 405
474 505 506 400 506 500 530 430
497 447 517 601 548 472 515 511
421 629 535 559 452 426 469 506
490 438 545 464 585 488 479 490
494 517 431 612 546 580 427 524
557 589 395 446 479 522 432 574
440 383 509 473 504 491 584 540
494 419 473 472 408 547 417 416
455 431 476 414 478 483 522 516
487 520 484 582 456 466 500 454
577 538 542 532 543 458 530 435
443 523 497 515 466 455 479 504
480 550 481 404 526 570 528 551
449 520 535 497 425 507 582 470
628 489 522 439 370 555 536 327
486 475 553 542 442 558 498 506
527 552 394 446 418 533 635 433
450 543 570 531 519 413 480 495
604 493 493 487 436 622 450 444
520 446 525 585 428 478 470 517
547 439 502 466 519 441 492 543
497 543 489 550 434 443 600 504
598 583 517 436 540 461 464 444
484 489 460 411 493 419 531 455
390 425 501 523 517 427 555 564
551 548 508 538 585 510 486 458
421 605 520 603 550 542 603 503
474 434 451 429 486 409 402 383
460 485 382 465 590 580 509 470
439 491 495 553 530 507 497 447
356 539 460 554 481 489 454 576
507 429 469 409 499 417 409 622
627 498 571 468 464 533 544 494
577 587 559 499 603 579 473 514
514 356 473 512 538 566 526 436
491 610 588 481 494 542 443 506
562 440 582 496 468 400 522 520
424 360 475 410 383 498 481 447
438 518 509 572 490 380 458 441
489 418 417 424 480 538 473 477
583 578 491 449 541 500 580 518
459 460 552 475 449 608 432 422
526 471 520 480 509 497 465 545
482 506 528 459 497 561 495 528
489 526 468 501 555 580 490 496
495 546 386 575 426 472 558 499
503 510 517 486 491 569 566 637
590 541 551 535 511 426 520 460
529 556 408 552 488 555 550 444
475 527 414 491 585 556 595 467
457 529 466 429 579 559 489 530
598 454 585 436 432 511 471 495
486 557 475 425 494 644 431 510
424 407 463 550 582 506 491 531
464 493 543 405 465 489 527 403
391 376 452 544 527 553 490 490
492 471 652 523 448 487 554 384
484 567 536 473 552 494 441 488
579 527 499 409 479 547 554 400
436 485 478 538 406 457 550 555
413 536 415 536 542 510 441 381
586 412 460 484 502 532 526 513
488 445 560 523 543 487 544 353
565 488 473 468 462 501 513 596
502 430 636 497 491 468 416 573
428 560 483 535 482 519 499 502
575 501 434 404 466 539 536 548
525 523 455 534 590 492 540 466
563 540 508 443 521 599 508 638
424 455 458 501 556 468 501 535
509 505 496 586 453 593 465 540
534 500 503 528 488 463 568 482
504 488 517 544 458 363 632 430
515 444 497 391 622 488 492 549
458 398 581 377 514 411 523 536
490 466 453 499 475 443 483 474
666 479 469 541 614 450 490 458
573 544 539 450 507 566 596 483
534 562 517 568 384 538 504 549
631 547 404 440 544 547 604 555
444 636 481 517 460 545 593 587
504 500 547 486 562 582 524 469
498 584 680 549 466 459 504 557
423 509 539 549 506 415 591 587
511 476 491 483 513 525 424 408
486 510 419 519 565 471 559 449
528 435 488 426 496 533 581 453
475 394 535 446 448 492 573 445
569 544 503 554 498 432 501 491
431 562 453 404 446 523 567 516
510 637 446 467 484 431 463 607
492 521 439 490 572 467 611 524
587 559 547 530 524 576 460 528
419 598 549 532 468 500 528 366
531 477 582 547 540 571 553 638
533 587 598 499 562 539 488 561
543 662 550 560 583 531 514 508
414 480 604 545 491 580 593 515
648 517 488 520 519 534 505 564
434 513 492 530 381 528 508 405
524 501 585 513 534 569 540 475
551 509 475 518 420 467 420 498
421 521 562 550 422 417 463 494
410 460 460 474 372 413 468 451
489 472 506 407 487 405 533 558
448 493 527 479 506 451 593 494
482 545 535 402 565 486 391 484
440 526 549 500 464 442 525 491
420 545 453 535 468 458 510 623
526 454 549 483 588 410 600 541
445 430 558 471 430 511 532 531
430 463 507 431 487 500 500 383
472 456 459 586 528 469 581 587
490 454 533 413 510 476 396 581
437 359 484 408 599 461 627 386
632 486 474 489 548 444 548 458
459 482 541 442 614 465 631 444
640 563 599 418 446 441 497 542
560 530 537 586 500 474 539 530
417 510 652 504 563 488 599 537
465 560 613 538 506 543 518 554
481 443 566 635 527 503 675 568
562 520 470 478 488 416 487 509
483 519 495 510 463 481 500 456
494 463 565 485 531 466 487 494
425 401 419 541 531 483 397 544
464 515 519 573 501 279 537 448
408 443 363 544 431 547 492 489
537 329 539 511 561 474 522 452
537 546 340 520 441 487 485 512
528 484 464 461 413 387 575 414
596 434 540 571 476 495 512 510
455 405 515 524 459 572 467 546
544 401 549 357 515 453 507 571
534 534 559 471 532 508 471 519
454 535 419 582 478 527 474 454
494 593 502 450 394 504 507 450
535 512 504 519 428 514 498 567
465 539 499 557 649 519 466 511
530 469 485 479 589 504 528 437
423 424 513 452 448 535 559 460
286 418 397 594 482 433 602 419
510 450 411 440 570 488 550 463
456 475 562 464 444 417 467 414
627 516 410 533 460 502 429 487
518 482 554 562 591 417 514 593
468 571 510 447 468 514 466 567
542 477 419 506 612 565 561 547
606 516 616 513 482 592 505 521
518 542 506 431 544 518 481 452
541 445 465 383 482 556 501 437
600 532 456 519 485 389 531 464
602 575 441 413 475 548 540 600
509 414 480 424 562 531 465 494
582 581 488 474 560 461 446 514
492 472 603 493 485 480 508 484
502 400 431 591 563 569 493 427
558 553 451 666 535 550 429 625
509 534 494 528 415 553 527 406
567 500 591 456 396 516 528 617
462 528 564 514 513 419 558 499
638 574 471 464 423 499 562 530
576 464 568 497 576 410 459 459
548 405 493 569 544 502 591 526
517 484 609 597 522 523 513 504
492 532 456 453 449 554 383 605
464 427 497 436 462 472 495 375
525 463 383 506 611 395 488 506
580 436 560 456 549 565 476 425
518 508 429 522 496 497 506 499
467 536 437 617 336 548 552 482
428 504 442 481 447 559 496 569
497 394 510 584 492 426 480 432
557 431 440 496 576 442 487 473
478 369 417 451 517 466 406 479
519 594 520 441 500 483 414 502
584 578 337 490 474 484 506 420
483 484 608 423 505 391 580 476
512 480 417 514 518 443 507 491
595 555 548 514 505 467 443 559
432 494 425 482 471 537 429 344
522 559 465 504 485 478 536 531
542 500 510 502 520 490 418 508
517 512 569 539 551 432 539 490
443 562 414 403 483 663 510 558
508 450 550 430 531 372 432 598
598 444 544 558 534 496 384 599
459 557 565 480 518 510 446 497
524 587 592 432 562 376 484 429
557 529 404 452 510 494 480 483
406 586 566 547 500 520 584 467
491 381 509 502 471 534 520 580
437 466 548 491 498 638 425 495
454 559 464 521 544 544 515 498
453 499 511 531 491 609 490 570
653 608 544 483 580 437 450 524
518 513 558 473 585 542 470 574
564 520 432 413 502 420 593 630
455 605 517 496 580 551 474 533
550 643 535 524 554 463 544 440
643 516 498 614 455 462 489 473
600 437 526 446 414 369 565 440
464 522 545 445 533 598 516 460
424 509 500 554 530 466 413 416
507 497 502 465 539 530 593 514
503 526 478 555 517 523 560 600
512 481 529 465 473 601 491 438
480 461 478 400 489 463 574 561
468 411 460 555 491 424 501 562
479 467 461 481 512 579 514 549
515 444 581 447 463 541 526 438
421 556 561 507 441 501 578 519
462 548 617 628 532 497 410 456
577 547 511 450 545 537 531 455
459 422 368 468 513 472 567 423
579 550 425 655 486 440 442 471
478 465 518 575 460 516 565 469
458 510 308 496 622 473 600 525
486 514 527 462 412 484 458 537
541 473 531 525 366 558 418 486
596 550 420 504 503 516 418 631
526 508 557 489 537 455 461 533
500 497 522 430 343 484 418 521
566 488 415 492 449 569 500 572
451 499 454 529 482 457 415 550
537 467 455 529 575 285 568 519
530 474 440 519 401 578 529 439
535 410 537 547 503 535 441 349
543 561 576 490 439 354 699 541
525 461 512 512 475 520 500 596
401 475 505 504 336 488 532 334
578 542 635 445 447 428 479 478
378 439 547 453 595 411 538 450
516 503 533 377 540 506 498 582
594 593 417 560 476 427 491 421
486 544 472 520 581 521 611 524
424 464 498 515 559 439 485 520
520 610 396 537 518 517 596 463
417 409 467 517 503 600 425 503
446 452 531 558 497 454 432 483
489 549 423 612 670 511 513 514
535 448 510 491 475 560 452 557
525 562 494 475 496 559 588 551
374 567 502 502 355 458 541 434
347 495 437 531 556 508 484 464
505 454 509 563 489 511 529 467
503 457 448 539 431 498 482 451
521 409 433 445 425 464 502 498
508 479 500 578 387 516 485 476
449 379 499 425 541 449 460 475
532 543 538 463 540 414 535 522
531 452 487 576 406 512 474 491
517 434 532 435 485 400 499 420
522 617 476 442 479 514 427 489
615 536 441 509 480 465 443 612
355 553 469 585 423 532 563 506
517 449 461 477 516 417 384 447
531 458 464 521 500 513 526 476
428 408 400 540 401 542 467 525
529 491 523 518 564 417 510 469
463 468 576 416 490 460 551 440
483 556 557 490 500 537 494 453
413 511 432 514 436 513 464 456
623 482 579 393 455 572 467 538
397 495 468 529 439 443 530 497
567 427 529 483 403 500 448 480
386 418 558 535 452 526 428 428
469 481 420 479 548 561 446 472
420 486 371 527 514 503 532 421
558 528 473 566 517 507 494 519
544 372 419 499 496 436 526 387
552 544 461 491 464 478 540 532
500 386 603 523 479 590 441 443
597 519 504 523 533 470 415 575
515 550 445 521 384 452 490 494
579 413 493 516 561 393 532 531
366 563 600 468 602 512 375 482
539 519 570 493 394 574 480 631
506 536 431 354 510 508 489 502
531 504 584 516 577 564 595 515
585 500 478 437 445 388 619 535
606 469 423 505 481 567 487 481
640 391 483 541 469 470 577 629
561 460 606 546 535 404 477 569
481 530 508 524 484 559 604 406
483 545 577 455 510 359 472 622
500 383 554 494 533 524 514 451
403 505 554 451 454 529 614 604
436 538 511 527 495 470 570 444
518 600 500 536 574 449 437 446
623 477 505 464 453 475 570 519
531 475 544 524 420 528 438 557
500 446 530 443 523 407 516 528
441 440 446 430 506 468 447 510
417 516 577 639 447 447 419 601
608 600 461 604 485 394 392 531
412 551 562 609 472 445 453 494
461 490 568 488 447 502 428 498
578 458 449 489 627 498 425 535
536 588 518 427 420 479 576 449
524 465 525 588 514 463 527 633
476 522 558 560 546 523 589 571
473 527 521 477 381 553 471 482
520 446 527 583 513 572 460 532
496 376 569 498 527 488 485 483
473 482 465 461 430 663 461 516
426 494 444 458 458 514 459 595
508 387 522 612 518 530 482 537
617 572 520 739 512 555 539 698
655 557 542 615 618 596 532 594
648 614 516 643 473 674 614 535
643 603 582 588 648 535 629 573
612 470 631 612 603 594 645 462
641 667 651 673 617 585 723 560
581 532 639 651 695 599 552 623
527 645 639 570 618 568 604 607
622 574 600 626 524 651 660 623
577 603 476 652 593 628 623 542
604 594 723 481 671 638 669 640
668 568 655 604 715 735 685 573
608 605 699 610 503 668 452 543
545 638 728 626 552 620 642 580
652 607 569 584 628 572 583 602
656 515 544 697 677 546 681 635
506 712 577 618 580 608 555 670
528 610 554 572 589 632 549 592
699 498 645 626 586 575 566 633
605 677 613 597 662 667 583 527
650 638 610 534 632 540 559 639
562 602 640 687 564 598 691 553
651 605 630 609 507 632 530 600
613 703 632 596 544 566 576 725
524 607 695 582 546 515 562 563
707 563 546 700 625 516 557 623
565 484 663 622 536 646 521 548
590 600 562 682 720 618 652 612
633 529 605 693 618 565 690 637
632 561 622 601 561 675 548 566
670 612 627 704 664 672 673 531
494 539 560 587 589 616 486 604
518 608 661 597 597 635 688 610
580 575 721 624 680 638 655 585
606 597 578 773 679 677 499 560
650 502 623 620 540 573 523 668
522 674 494 677 656 516 623 653
587 537 513 605 529 617 691 710
543 610 541 615 592 656 549 607
647 604 600 611 615 613 577 521
620 651 573 600 635 604 694 513
567 590 570 597 572 564 631 680
561 588 607 661 484 574 611 559
600 648 595 500 575 622 627 542
660 634 613 553 677 466 564 603
624 746 532 579 676 577 604 536
532 624 575 548 544 550 622 631
609 560 435 567 482 635 624 565
546 439 668 618 603 546 668 608
556 466 592 596 577 568 697 594
543 658 591 599 679 610 630 596
690 659 711 595 466 566 597 591
554 514 610 664 623 507 512 597
628 569 566 504 638 599 581 607
511 502 558 632 603 581 639 487
736 631 582 528 643 541 534 627
557 552 625 510 623 575 510 604
635 620 559 696 577 640 613 652
599 610 620 633 529 552 736 569
537 657 472 564 628 417 650 621
533 528 593 520 548 683 594 575
432 639 561 559 577 531 630 684
614 657 645 650 619 644 609 597
537 691 589 537 543 605 588 614
557 598 627 627 575 676 673 616
522 524 510 574 611 638 504 541
600 490 553 482 763 607 611 559
564 608 670 673 691 596 622 519
742 720 634 482 590 474 727 680
677 565 614 535 630 521 546 568
699 603 681 672 622 621 582 616
646 506 658 604 688 673 540 557
612 581 608 628 581 590 542 456
629 551 576 591 646 528 646 640
603 528 584 532 618 696 641 517
580 732 500 613 623 580 641 615
567 547 671 523 589 570 525 608
614 601 644 568 606 597 581 685
488 665 635 678 676 632 601 559
570 579 606 513 638 579 580 487
592 552 433 693 561 643 508 691
578 469 565 722 646 636 561 530
555 586 562 634 663 689 526 467
608 575 667 761 571 589 706 621
692 518 577 647 549 476 562 655
564 597 664 629 560 693 664 530
427 571 649 647 647 492 687 615
622 667 702 530 599 622 664 668
542 684 516 675 621 633 623 589
503 630 641 669 609 595 547 604
615 531 591 665 461 685 634 659
644 682 675 668 630 577 601 625
603 441 643 633 572 559 531 608
528 721 497 566 568 621 677 607
578 579 631 611 659 588 648 617
571 500 550 512 656 600 597 623
616 561 581 713 637 497 646 666
651 560 680 623 633 507 668 546
585 514 638 625 500 700 579 565
615 489 570 599 685 661 665 524
690 637 695 608 719 595 668 668
582 576 552 661 672 584 574 632
470 584 565 687 638 578 536 477
644 699 636 633 471 592 657 659
620 593 538 690 661 661 633 654
627 520 676 612 539 621 558 682
604 572 592 597 633 684 596 585
581 532 616 576 568 650 574 594
530 516 597 558 617 533 573 524
637 624 586 555 454 631 567 673
616 541 536 687 608 553 651 560
677 681 539 614 533 596 651 619
583 669 632 580 581 627 575 572
521 615 585 587 645 557 611 687
592 493 566 505 546 638 650 669
583 645 599 628 629 593 619 627
572 660 629 502 522 688 531 606
635 568 639 657 703 685 581 501
629 565 524 621 619 555 576 718
594 488 457 590 602 728 742 682
615 605 666 614 574 747 662 630
608 507 564 556 581 606 548 669
625 592 564 600 614 596 588 570
588 629 635 564 672 522 667 479
527 680 488 619 566 500 658 646
512 623 585 408 617 653 712 708
525 615 579 496 636 624 640 545
654 644 680 531 556 651 558 633
539 493 656 537 747 650 637 600
559 527 681 572 613 592 605 546
634 680 637 562 577 662 637 669
632 685 567 675 523 646 623 707
763 572 518 642 683 691 527 508
668 631 639 580 683 525 500 595
631 637 565 588 470 654 545 713
651 590 606 546 589 646 621 591
686 622 476 604 616 498 514 574
518 683 633 631 548 592 536 730
593 634 668 459 548 651 633 572
593 556 625 521 656 601 611 574
569 627 523 660 583 619 566 642
609 618 687 569 520 493 625 525
596 568 503 522 650 650 641 593
556 580 515 524 600 706 757 649
534 646 665 704 553 526 620 560
660 632 617 699 633 596 636 658
590 613 677 610 544 596 670 617
627 588 637 670 655 518 674 573
573 613 467 577 639 604 468 650
512 586 504 643 605 542 679 575
562 582 652 565 610 628 589 568
645 625 505 571 544 645 494 606
626 614 669 564 646 615 565 588
607 578 513 520 666 598 609 620
527 684 692 510 535 608 673 537
715 610 636 514 571 573 498 598
584 669 700 586 636 734 653 645
655 659 627 629 627 570 575 629
722 559 644 470 569 702 653 554
498 597 606 625 627 654 654 641
583 574 536 611 636 622 562 523
493 516 694 492 566 667 498 526
594 651 578 624 595 588 628 532
645 728 477 645 589 544 628 544
594 554 492 525 618 683 703 600
548 622 598 690 572 596 642 678
522 509 691 734 647 555 635 729
630 591 640 609 619 637 739 672
574 527 592 603 529 581 590 544
716 589 630 567 589 567 614 607
567 630 591 694 492 564 609 536
663 611 589 568 544 703 621 623
545 628 677 668 695 632 530 636
735 570 628 523 587 605 636 717
593 697 716 641 681 541 630 703
579 515 492 558 637 566 555 637
530 577 548 631 693 600 587 652
695 644 618 656 717 724 544 567
656 559 589 650 552 498 610 592
597 610 632 783 743 593 583 617
632 503 549 515 580 647 618 608
524 536 575 585 620 526 536 571
709 676 624 508 632 682 531 663
648 638 559 594 691 616 534 540
515 532 609 610 697 569 613 601
601 663 630 589 606 656 569 598
697 472 558 717 551 606 735 583
643 523 631 620 700 541 711 544
518 664 646 668 605 583 650 488
735 646 658 516 637 622 633 629
611 647 527 597 640 722 590 558
650 613 612 634 691 647 634 554
554 526 573 585 677 689 599 630
514 574 610 660 531 647 534 500
613 594 484 600 677 528 584 554
596 565 627 620 558 682 602 495
620 662 625 610 635 559 593 729
597 619 589 589 484 624 588 593
570 563 692 665 569 663 685 641
566 695 530 633 533 647 585 680
663 703 558 595 559 593 671 564
694 555 605 567 540 565 502 664
555 579 497 654 568 506 681 596
648 640 626 615 562 562 648 659
664 659 562 622 507 641 517 608
563 615 629 761 525 614 622 622
495 500 587 609 592 629 515 593
628 639 494 595 551 447 545 611
591 508 556 596 520 634 594 701
549 557 613 645 559 668 624 631
578 564 578 635 611 603 606 537
513 574 586 613 627 575 578 702
694 780 626 539 610 653 705 571
532 644 486 631 686 632 664 613
680 503 591 602 637 507 656 548
586 478 556 565 653 572 653 545
575 596 648 599 606 646 524 678
629 614 632 709 600 611 509 595
615 554 706 707 551 589 556 609
630 657 581 559 652 570 535 625
585 617 636 594 545 569 647 528
544 667 687 703 572 587 644 598
572 621 621 611 476 676 492 647
623 545 576 492 576 650 523 494
586 670 632 687 671 461 626 610
565 534 617 635 652 611 577 621
581 538 579 573 561 596 469 588
533 600 572 487 621 526 517 669
687 654 553 575 580 709 598 627
609 528 621 616 556 592 575 679
559 498 610 679 588 635 471 548
604 574 621 766 554 597 553 553
642 702 581 538 528 578 628 580
666 693 603 558 588 565 635 651
732 610 657 597 610 620 664 503
659 518 656 534 649 623 509 549
657 542 607 666 649 652 646 540
574 560 530 553 577 635 571 654
591 593 456 528 647 646 545 683
648 639 657 694 533 666 610 593
610 553 663 550 685 626 687 703
604 665 597 612 575 568 634 564
645 696 626 660 636 644 595 588
642 552 667 593 693 627 523 626
716 569 677 603 583 580 561 619
631 603 537 608 671 673 584 663
523 660 602 634 677 684 657 660
512 658 540 569 630 477 669 539
602 584 691 566 601 524 587 561
578 575 516 560 570 470 661 649
582 554 595 611 667 632 572 613
546 528 628 592 706 619 442 555
634 583 589 523 574 536 580 565
572 709 594 545 654 652 606 671
561 643 692 562 613 553 514 648
427 566 662 508 562 541 565 557
662 709 576 588 554 608 681 499
542 519 646 584 590 567 664 571
589 589 559 655 489 646 540 548
501 631 570 589 648 610 633 529
560 488 696 672 520 619 629 582
571 568 572 579 616 626 497 579
749 592 647 549 587 636 612 670
620 605 719 625 603 543 645 626
534 542 633 604 417 696 664 563
572 644 523 656 622 677 627 611
695 580 647 640 586 644 547 687
529 567 511 629 642 639 562 640
558 648 619 658 601 671 596 605
533 692 529 592 712 440 518 647
678 617 586 684 539 542 655 636
582 535 538 622 553 640 499 647
478 593 522 690 570 541 612 687
686 696 690 594 706 540 629 606
569 641 592 535 603 570 587 527
602 573 611 595 579 685 584 510
639 490 547 693 572 591 486 593
659 603 519 618 729 521 519 567
579 687 559 580 566 713 647 596
643 545 562 660 594 522 554 618
655 601 655 676 557 621 514 626
457 548 597 605 659 607 663 667
589 570 598 748 609 541 693 605
554 618 740 442 571 576 519 579
657 593 609 666 613 567 633 562
642 557 562 541 576 511 631 669
558 682 550 631 690 659 604 562
594 712 585 572 644 619 653 533
521 665 654 589 546 561 515 622
731 531 636 669 657 684 600 634
665 607 560 615 646 654 576 572
599 752 561 657 667 501 687 520
613 521 556 571 645 568 594 728
550 713 644 651 508 510 535 525
712 652 594 607 566 599 624 498
540 598 620 543 701 604 533 634
549 680 672 594 565 645 617 624
660 543 572 624 613 622 596 664
663 605 537 530 605 535 674 610
588 599 581 615 609 582 578 524
654 696 556 674 558 627 517 582
555 626 686 664 645 648 568 610
555 650 509 564 629 664 660 584
514 612 549 568 635 621 720 614
712 608 617 515 702 454 581 535
690 607 541 572 635 583 633 613
549 610 544 574 569 506 666 619
532 579 584 536 641 622 474 520
519 623 687 556 589 630 601 668
553 614 524 558 644 638 705 680
708 604 611 671 555 629 643 516
596 582 623 509 601 602 665 653
625 719 668 666 594 475 586 602
599 632 605 640 611 601 601 568
542 576 738 547 702 526 541 766
640 638 555 519 536 482 662 696
605 688 579 686 697 626 668 619
588 549 638 591 745 640 518 527
480 624 590 561 727 636 581 602
645 659 549 594 554 507 594 633
665 514 482 683 545 644 561 581
522 503 552 586 574 647 568 587
632 580 588 637 656 567 622 613
604 625 684 655 540 585 698 696
557 627 627 521 594 605 507 671
568 546 560 541 532 652 661 541
645 546 592 574 556 664 656 607
625 697 692 547 588 587 595 529
656 600 571 622 623 615 651 514
613 626 600 626 621 556 595 574
535 602 714 628 601 703 663 619
674 585 574 546 632 609 621 710
544 631 595 641 681 637 462 519
563 668 709 531 635 587 608 608
695 570 519 612 612 576 562 769
561 570 637 575 679 610 592 507
546 632 583 704 661 587 785 680
610 652 691 590 684 501 638 574
631 567 649 598 596 617 560 560
703 627 709 694 447 624 618 660
711 516 621 563 660 640 587 532
625 639 579 605 647 544 505 688
525 462 593 516 596 592 677 691
593 630 636 565 528 562 639 713
594 718 617 642 527 634 559 591
534 522 644 629 609 603 530 599
569 653 616 570 604 577 646 562
653 702 568 528 610 620 613 592
506 578 563 596 676 550 620 708
595 651 592 590 588 626 708 613
580 609 451 554 620 617 611 611
574 676 680 555 606 577 605 699
601 548 605 611 637 580 530 568
614 549 628 549 615 665 620 526
682 663 612 546 567 592 569 527
583 612 618 566 650 566 547 617
682 614 668 678 605 571 562 583
670 565 685 558 568 632 506 542
593 600 537 570 572 664 540 591
528 527 689 637 552 634 610 600
659 550 683 539 527 609 548 616
619 591 673 632 619 606 707 634
631 503 678 677 664 654 559 597
549 702 654 633 515 585 570 637
594 672 562 574 614 631 507 608
584 683 641 590 639 611 617 671
638 588 573 605 604 566 622 701
657 588 549 675 576 620 671 540
659 601 462 649 531 490 656 607
585 527 618 588 667 515 551 579
598 625 570 630 652 581 611 508
470 611 592 647 620 698 506 612
621 684 528 571 554 614 610 614
536 498 691 420 659 713 600 666
557 582 693 603 586 605 555 687
632 664 643 606 668 649 499 506
526 549 572 588 605 639 612 656
646 625 609 598 603 574 550 578
493 619 526 580 646 609 619 633
483 572 642 670 528 583 557 669
681 619 565 632 514 685 578 591
615 622 557 628 545 662 533 623
619 523 654 595 606 695 652 561
585 633 573 553 642 627 569 579
596 674 640 528 606 581 542 683
652 550 523 623 644 597 637 568
684 557 606 529 531 673 578 722
591 561 684 533 598 498 580 613
526 630 518 570 627 625 588 578
585 743 538 591 643 531 519 620
573 497 586 614 575 629 507 630
681 721 655 702 556 524 611 554
602 523 622 635 635 670 604 559
491 576 459 534 670 605 669 532
592 713 498 515 612 603 601 632
644 602 590 648 516 701 666 685
630 496 648 529 577 589 577 620
513 522 616 551 456 607 643 566
643 599 580 622 523 587 642 488
563 593 641 646 508 672 739 667
579 650 607 559 623 609 657 615
482 699 585 589 641 490 638 534
623 562 661 646 501 544 548 542
547 508 475 689 636 561 600 588
527 587 533 546 588 613 690 622
573 593 534 619 510 570 453 517
548 635 574 699 673 511 657 653
553 500 598 523 720 575 558 600
626 593 717 546 582 589 540 685
702 556 689 581 518 656 562 579
669 615 608 618 533 604 696 648
683 610 676 546 602 601 649 545
575 560 626 616 592 641 607 613
443 576 513 624 552 670 576 490
691 651 635 569 576 626 581 589
464 695 633 527 478 588 440 658
534 588 644 593 782 564 639 611
602 474 544 681 603 560 636 509
664 550 611 724 614 559 583 636
520 592 539 662 695 611 643 645
594 620 608 552 594 633 579 594
600 723 555 504 660 550 557 560
655 577 523 658 597 660 541 638
542 524 528 619 653 599 748 536
532 600 560 602 598 577 621 519
648 551 597 556 567 557 609 636
571 568 696 683 527 517 572 545
643 645 570 596 588 631 610 556
585 579 722 584 602 604 569 593
587 582 618 578 610 573 513 617
573 548 621 664 519 536 590 624
688 644 593 584 582 653 600 642
572 417 630 505 671 530 661 651
563 606 705 645 522 619 656 592
482 513 570 526 615 534 580 597
607 749 652 535 644 596 478 639
589 644 672 624 597 686 647 649
568 624 723 521 586 576 589 654
583 507 628 588 635 573 592 692
623 666 573 665 557 472 534 665
656 554 623 616 659 513 541 491
677 657 568 653 600 662 628 584
630 647 632 684 663 649 548 640
676 577 589 668 614 689 579 605
531 568 658 574 591 597 612 463
527 593 658 606 625 549 621 546
629 531 531 669 557 580 475 643
632 714 503 662 637 574 518 705
548 575 584 525 607 536 598 579
674 690 642 700 729 504 574 652
535 497 692 582 615 585 530 646
600 644 503 519 706 673 662 547
629 487 612 626 738 539 607 557
439 590 517 503 587 632 543 553
623 585 568 662 626 567 545 580
578 586 625 641 623 672 646 649
544 542 665 668 547 624 580 540
623 641 501 520 669 560 586 545
593 607 553 658 580 622 575 589
513 724 462 645 612 547 645 554
538 514 580 603 534 741 548 438
676 616 624 605 584 601 626 596
601 459 625 620 609 607 686 576
616 594 583 641 559 555 698 516
602 633 585 610 517 496 568 595
544 639 598 553 698 580 530 677
667 638 617 561 562 602 579 632
613 556 646 634 577 627 617 671
621 579 530 695 631 507 687 566
491 535 647 596 539 488 615 546
594 584 577 523 639 563 606 673
663 750 655 653 731 723 535 625
582 611 582 659 577 623 635 584
715 643 667 546 744 607 593 647
541 612 572 555 509 646 582 572
667 587 474 658 601 561 672 595
614 690 616 613 655 602 633 730
631 655 608 630 592 640 653 682
515 715 518 564 529 582 678 607
623 578 593 494 615 593 524 602
523 659 653 559 548 640 631 592
562 625 539 629 520 554 655 612
629 645 491 598 684 632 560 696
605 518 551 628 577 621 569 528
568 659 604 635 608 570 600 734
672 604 650 578 682 635 636 618
643 619 521 654 635 597 603 684
601 633 726 616 634 445 530 567
618 708 564 656 540 502 517 602
519 657 665 712 516 668 538 579
576 492 634 584 638 551 571 604
564 643 662 600 639 567 564 692
619 535 571 534 627 494 554 604
654 668 508 634 567 469 555 713
567 535 515 634 635 538 654 572
643 653 540 566 621 694 746 550
707 686 674 514 636 575 573 597
583 603 510 601 607 536 552 608
590 595 634 618 536 535 514 685
578 558 559 542 645 574 542 613
507 605 667 603 631 672 671 496
663 642 558 525 608 589 520 532
480 682 683 668 629 536 613 620
586 514 570 665 632 604 569 651
593 587 538 581 604 603 680 552
529 530 707 627 649 596 706 685
631 589 582 646 549 553 553 586
689 633 532 719 653 697 612 402
742 610 725 659 695 508 484 581
580 692 628 561 566 662 583 570
513 603 509 591 576 643 692 616
529 566 510 638 620 563 579 585
591 669 653 562 665 470 567 588
540 685 568 625 618 637 641 602
584 513 572 640 670 583 625 649
547 515 486 563 682 645 633 610
610 534 593 688 589 568 536 587
716 592 648 658 617 592 593 547
483 665 553 709 652 607 669 537
625 610 645 570 498 528 733 567
475 611 486 584 583 587 568 575
600 639 641 581 638 666 731 575
687 549 627 553 560 488 582 589
497 517 504 533 484 626 594 549
589 665 606 688 601 685 501 578
584 668 566 642 601 695 792 654
560 591 495 604 557 608 590 554
605 702 617 668 615 605 545 529
546 643 681 673 689 452 528 592
603 650 537 509 557 557 622 640
493 550 556 603 511 499 597 593
578 616 569 565 666 584 561 593
591 628 578 486 602 545 486 575
595 629 569 621 657 657 685 611
534 675 544 630 511 593 660 585
699 621 609 445 581 565 499 566
534 579 568 689 542 696 669 558
615 490 661 578 661 614 677 581
567 611 622 710 668 678 611 641
616 677 579 640 705 537 458 646
572 515 587 532 689 623 472 562
507 628 753 578 671 660 594 599
601 628 565 633 586 663 534 666
579 614 712 519 633 696 669 543
539 573 641 700 651 639 519 682
568 565 561 637 553 519 636 578
606 544 559 583 711 569 688 645
556 677 563 621 520 665 673 731
660 689 634 559 638 647 643 588
658 574 613 525 713 681 608 663
639 601 595 625 669 618 633 674
588 607 605 572 610 598 570 576
558 638 651 537 553 481 640 510
675 654 533 567 581 692 565 557
588 584 610 584 644 558 642 646
594 524 597 652 594 534 572 645
611 715 541 557 653 476 722 571
582 697 529 600 528 605 634 545
639 486 675 536 582 717 566 598
689 581 593 583 545 532 415 589
644 678 550 590 648 615 606 728
642 629 668 629 614 584 600 653
516 609 555 742 566 655 748 657
513 549 583 732 513 545 519 604
617 631 615 695 592 597 562 637
564 546 479 609 578 639 572 642
548 623 611 610 589 615 571 533
634 568 600 545 560 520 692 563
611 570 662 633 645 637 599 538
710 695 644 572 647 666 631 463
455 659 693 568 613 644 564 648
592 583 652 610 759 619 667 612
508 574 565 599 651 651 559 573
588 639 607 490 633 645 565 664
474 657 585 595 619 570 619 602
545 713 564 531 592 565 588 487
642 554 441 588 602 548 610 584
462 513 582 499 569 601 615 611
633 511 647 630 478 634 761 640
557 552 696 521 552 431 580 637
533 576 560 586 609 621 562 650
609 525 556 637 656 588 588 654
504 571 472 593 649 525 630 572
603 551 573 573 633 560 594 609
673 602 546 589 604 553 611 589
616 677 521 584 608 621 531 509
542 658 547 621 563 704 555 599
632 618 607 504 601 649 616 588
641 585 663 542 592 646 610 708
569 695 643 703 647 504 593 672
610 599 559 458 667 614 545 633
564 584 548 524 634 647 539 534
642 588 429 612 542 638 661 648
639 529 522 594 522 666 696 680
645 649 659 654 522 717 620 616
680 591 571 542 577 617 499 685
622 579 715 601 554 597 579 711
546 613 556 617 502 611 624 592
697 677 512 623 571 637 628 558
685 586 538 532 604 666 562 518
606 492 625 488 609 574 603 552
479 540 544 547 660 491 643 602
545 570 576 640 551 642 607 602
607 627 658 716 704 545 644 602
595 597 529 639 579 557 558 611
607 637 509 561 623 652 688 606
634 660 623 568 525 601 608 542
626 608 722 649 540 578 622 651
541 552 510 722 656 573 672 532
554 637 588 607 517 642 633 620
732 582 574 577 527 599 531 671
683 522 624 565 625 668 499 619
540 593 661 497 642 596 626 650
601 528 568 624 669 549 643 654
486 535 683 588 566 559 582 666
605 663 665 578 571 558 553 650
588 538 585 724 606 646 680 632
697 720 579 651 600 561 657 551
603 596 554 626 588 708 601 606
562 500 520 528 611 678 618 561
628 613 636 585 494 617 576 549
591 502 620 580 613 656 605 628
628 635 577 578 596 713 579 541
776 629 563 574 571 620 561 594
520 554 598 669 564 534 566 557
520 551 514 579 565 640 609 474
572 645 616 532 639 530 526 606
531 546 619 545 694 658 599 609
525 429 667 604 673 590 636 569
587 546 641 582 580 640 596 603
547 670 628 586 509 484 635 596
504 559 618 626 578 631 507 742
552 651 619 568 665 662 668 459
603 566 645 525 590 592 613 627
571 648 617 549 681 529 600 545
572 536 672 555 619 636 667 510
594 671 670 595 613 561 691 673
675 653 652 498 503 533 514 700
526 471 576 552 569 559 643 736
571 614 570 707 637 590 618 547
700 642 621 639 659 601 577 592
604 559 646 571 577 569 613 728
588 720 629 695 546 546 634 731
530 620 589 542 602 560 574 647
604 552 599 625 537 605 553 585
591 567 671 656 582 576 621 577
521 714 654 584 670 483 657 589
592 545 616 550 487 637 671 476
576 638 550 582 579 573 559 620
579 635 675 648 611 543 601 633
568 507 588 493 555 560 515 596
702 506 617 616 604 593 607 676
593 584 734 592 745 571 525 520
591 565 609 572 616 685 692 617
584 591 580 693 539 602 718 590
490 650 535 520 604 511 589 538
445 575 606 598 714 610 503 648
632 616 566 603 604 586 623 564
646 621 532 660 578 698 703 605
555 671 502 650 595 671 678 605
634 654 655 639 612 652 569 585
485 608 659 624 585 634 614 645
642 672 740 555 629 606 570 686
527 591 606 589 715 602 564 615
566 633 603 505 653 588 600 625
529 597 558 468 600 605 598 419
590 545 559 516 586 593 568 560
650 575 591 610 538 570 560 630
562 576 503 549 579 583 683 558
529 619 531 675 592 639 661 717
479 602 605 625 550 688 591 643
690 636 669 556 554 544 604 639
667 595 650 453 594 582 634 565
622 679 530 582 573 555 626 619
573 756 631 660 672 571 581 536
610 644 518 672 576 679 632 546
612 527 566 600 597 527 597 617
625 695 530 712 585 583 575 584
489 517 540 593 474 590 568 510
617 590 542 561 571 621 782 664
636 563 516 607 493 591 572 590
698 576 618 651 667 596 652 576
640 617 600 552 583 567 614 594
501 592 615 599 516 697 515 570
580 568 725 696 617 577 636 624
589 535 544 556 607 634 553 590
658 588 579 640 643 632 616 623
520 580 544 610 645 640 538 577
592 517 588 695 586 628 622 569
552 552 545 583 590 732 660 498
546 644 674 667 496 728 456 457
564 653 710 619 519 549 661 586
645 626 521 493 595 569 610 656
487 533 568 545 709 587 535 566
550 637 638 590 710 540 666 705
522 581 596 659 598 673 550 596
473 730 570 661 605 671 495 678
626 573 626 658 643 580 444 576
603 581 597 542 646 735 527 669
591 566 612 504 597 662 638 663
635 546 485 613 587 546 532 722
590 541 719 595 570 610 634 479
631 607 695 630 589 725 686 572
656 603 627 606 606 547 648 599
537 590 538 584 562 641 638 662
615 480 699 668 619 516 620 547
551 567 569 500 671 478 522 566
590 509 546 628 515 624 572 556
616 618 495 511 540 448 565 583
539 543 626 602 590 534 521 626
680 565 506 536 560 506 606 551
639 524 592 542 537 585 687 614
624 657 639 710 668 566 552 702
745 668 592 555 624 593 511 584
568 614 587 576 675 670 704 630
647 606 548 604 494 579 651 509
574 689 679 620 573 595 549 662
614 607 551 580 542 563 718 574
582 643 542 519 499 685 557 566
505 672 671 592 589 545 601 582
642 519 560 641 567 622 673 569
599 539 639 576 640 663 581 693
486 649 488 523 605 634 564 558
573 585 611 535 640 518 634 603
629 639 541 587 678 628 633 592
561 630 608 694 635 676 489 531
712 520 564 613 594 567 601 676
659 528 728 642 578 608 657 527
684 650 610 563 573 551 637 698
612 593 495 441 558 565 584 673
649 545 545 608 550 611 584 703
578 600 588 641 643 594 555 596
551 645 550 724 600 586 579 603
664 540 601 480 620 567 712 537
566 511 553 600 637 552 441 589
583 681 680 653 563 591 626 484
610 606 499 549 650 637 602 600
530 534 609 660 651 640 575 551
481 640 604 499 594 525 551 677
687 497 516 692 702 595 654 663
574 469 651 619 514 633 593 574
579 603 581 671 706 517 653 658
618 607 561 567 669 612 589 614
626 544 560 614 631 627 606 624
660 522 615 614 621 576 620 589
634 692 597 635 623 679 603 540
586 571 603 640 542 493 577 523
577 671 610 626 559 651 541 569
566 459 516 704 629 572 568 588
576 645 615 615 571 623 540 533
688 676 669 568 571 717 661 583
583 601 592 536 732 623 600 657
628 634 602 552 559 638 612 484
569 524 457 639 509 576 612 637
605 632 620 658 595 617 505 547
628 629 663 651 681 430 599 541
638 637 617 571 576 688 691 507
664 647 626 683 648 538 613 586
648 493 602 708 644 637 622 613
621 666 630 579 739 529 663 566
585 627 593 660 542 566 602 482
574 588 578 604 634 609 663 573
664 469 531 565 623 640 560 632
638 599 585 675 644 554 612 652
603 643 599 542 639 526 605 603
668 629 493 632 565 665 621 637
633 484 490 659 595 593 561 696
546 608 618 687 560 508 694 612
663 703 655 429 562 504 565 699
563 570 550 691 595 598 555 663
569 619 629 586 519 683 536 629
545 664 604 525 645 648 608 610
580 699 596 572 538 574 607 610
586 640 551 618 570 647 642 715
542 522 571 670 563 655 593 618
581 623 622 571 584 570 570 637
574 729 646 637 629 556 627 591
632 652 690 585 706 649 671 600
642 622 578 640 565 459 563 587
693 643 587 671 553 611 605 671
591 618 631 587 580 576 555 563
580 545 525 613 630 605 587 546
590 612 638 508 539 503 581 666
659 562 636 673 536 566 493 656
510 488 698 693 553 646 587 614
617 582 546 571 530 497 543 582
616 524 463 542 567 449 626 593
586 579 553 562 553 619 588 555
481 593 547 626 626 607 614 603
523 672 522 485 614 757 633 490
583 548 683 648 578 631 619 706
562 562 571 558 605 633 647 653
532 628 539 582 610 572 668 583
548 599 563 628 608 639 547 655
676 520 517 665 644 686 706 685
661 576 526 589 545 630 470 501
624 602 621 656 583 569 665 637
670 640 590 569 612 641 688 389
657 560 629 584 647 568 576 516
584 687 677 614 496 611 703 615
673 549 589 665 587 564 626 768
505 646 672 637 637 668 537 597
683 554 644 538 556 537 652 549
617 652 606 599 626 664 499 595
565 497 626 611 670 631 613 579
586 608 534 697 491 584 632 580
596 511 568 684 701 569 591 531
569 635 537 559 479 636 594 623
651 569 658 633 583 606 763 569
615 591 587 619 666 513 680 613
456 629 633 600 576 662 608 585
654 659 624 686 572 683 590 532
583 550 594 665 620 492 578 560
628 680 631 702 568 608 697 601
527 723 599 615 574 582 546 628
549 538 582 671 559 524 636 592
583 572 534 644 605 613 580 605
662 686 582 434 658 558 587 586
689 650 624 551 612 639 564 721
659 611 659 581 593 686 635 563
574 580 576 733 596 657 609 574
643 469 618 439 560 567 614 644
578 613 646 586 555 580 566 671
617 576 558 525 733 626 552 552
615 588 592 692 472 618 537 585
636 607 693 704 561 657 585 599
679 549 598 575 629 615 703 510
689 587 584 636 489 498 609 548
604 513 561 547 603 577 605 662
614 475 530 656 539 565 627 641
674 576 616 671 650 541 647 614
590 598 612 618 637 534 571 508
613 540 648 570 565 644 534 665
563 622 621 517 540 605 523 581
535 559 575 663 596 580 462 696
573 608 661 591 615 580 550 538
593 619 714 612 664 586 458 483
556 591 609 645 559 640 604 503
652 677 620 595 564 455 588 499
574 597 588 630 637 673 533 596
595 543 716 678 652 501 587 637
598 590 529 634 694 515 529 616
539 465 579 475 555 640 552 613
615 547 553 561 666 586 550 646
654 565 591 654 627 595 641 636
595 677 573 567 603 564 757 593
575 559 565 572 598 569 615 627
617 531 707 551 491 771 697 483
572 596 532 649 593 553 435 624
603 576 606 699 689 556 650 557
655 538 663 629 637 607 632 652
551 577 570 563 650 544 698 494
665 635 513 637 631 531 566 628
570 530 556 525 518 685 579 567
676 543 559 532 608 645 705 743
629 613 464 573 550 600 545 642
619 534 484 578 545 611 466 596
531 562 444 535 675 615 584 573
550 595 669 556 584 608 617 534
661 637 656 620 546 563 700 580
621 695 592 528 596 526 603 574
686 619 524 549 644 599 626 543
570 577 590 652 471 617 638 517
654 597 657 603 574 533 735 617
543 720 640 650 573 661 616 566
669 555 617 511 546 619 609 483
648 534 547 606 614 636 653 549
682 586 533 740 674 549 642 604
517 533 556 528 664 484 761 556
575 639 495 559 592 504 639 694
658 604 653 591 518 645 698 560
607 558 600 569 606 639 502 682
566 551 673 610 629 592 517 788
497 607 565 707 626 663 542 518
555 698 565 654 602 603 640 511
659 663 615 563 557 529 663 526
382 618 548 610 636 370 639 664
603 483 629 626 577 708 672 648
651 606 663 513 557 538 648 660
582 610 680 621 580 646 699 555
511 667 619 635 617 581 622 653
594 555 599 613 612 588 639 562
572 684 494 573 606 584 555 513
634 595 676 622 589 557 515 649
667 540 511 604 577 638 594 635
633 476 694 688 601 574 627 632
503 591 583 616 639 549 525 588
583 514 616 645 589 647 626 574
664 600 722 664 552 620 580 630
600 575 670 598 519 541 509 627
643 595 683 614 471 528 623 615
602 592 551 734 617 554 579 592
659 518 543 569 613 652 510 614
553 633 582 620 577 678 637 614
635 724 610 590 666 479 628 558
564 849 645 560 599 593 569 619
693 637 517 538 595 533 576 564
683 623 607 626 465 654 455 447
686 732 727 741 634 527 464 627
684 689 619 648 564 711 593 675
527 649 639 594 684 652 697 723
754 581 592 599 513 587 562 573
542 685 665 525 683 610 522 514
539 671 565 561 638 574 633 548
541 613 655 519 668 584 567 602
496 577 550 670 542 620 581 602
634 528 643 680 559 637 664 511
706 613 579 600 646 561 557 675
647 620 626 563 595 570 570 674
548 594 643 614 600 527 573 689
590 608 619 596 819 590 682 573
591 596 578 562 588 698 659 618
575 581 613 569 614 539 684 604
482 570 594 601 577 522 677 662
580 593 571 516 598 623 557 546
646 656 600 621 632 649 629 600
589 619 600 585 709 502 608 585
557 446 695 667 427 561 498 570
662 535 492 621 616 477 547 561
657 564 614 635 577 502 624 560
616 594 712 578 713 636 681 595
671 611 531 529 622 654 598 687
583 562 562 607 556 538 632 608
598 623 626 512 515 721 610 701
733 641 510 489 635 435 601 565
514 576 572 705 554 629 653 641
600 630 547 559 578 535 618 513
637 535 688 510 627 664 610 660
667 614 534 491 651 647 628 494
668 495 680 634 567 672 592 572
588 479 643 560 574 685 527 598
689 773 580 593 669 501 725 778
512 506 555 579 568 687 573 750
566 702 536 596 613 627 610 612
547 694 660 676 499 588 614 558
601 598 578 649 659 551 640 657
609 564 621 647 642 507 666 555
497 614 608 570 582 607 607 659
653 553 604 569 588 669 625 564
657 626 498 526 521 609 526 624
666 612 603 688 532 549 614 555
652 559 549 612 531 576 624 706
587 686 538 632 658 666 567 569
610 559 587 570 607 591 696 650
689 544 662 601 695 576 641 629
622 637 609 591 601 591 638 661
586 673 552 577 656 594 541 643
590 606 643 592 609 520 660 578
676 531 622 623 601 603 672 600
676 549 586 653 559 628 688 548
693 623 559 612 674 534 638 540
660 810 671 604 597 587 604 471
510 601 639 624 670 629 584 587
471 511 643 629 690 630 622 588
457 635 609 674 596 608 576 503
502 597 566 649 515 526 646 625
595 649 597 674 681 626 569 573
550 738 650 689 541 637 515 620
573 551 585 589 646 529 508 396
621 736 594 643 584 530 647 616
631 681 596 625 623 568 543 634
628 597 703 564 638 498 574 529
652 578 648 549 634 605 596 572
612 552 633 612 581 660 608 591
647 568 621 528 662 614 622 571
637 622 598 477 594 556 588 715
596 706 704 594 608 558 582 693
556 640 534 701 590 606 629 668
607 607 562 619 683 667 601 625
773 531 563 610 653 544 534 618
547 655 578 663 602 518 573 715
638 614 602 607 676 565 558 505
470 538 652 599 516 674 546 547
542 690 676 617 586 691 618 643
608 616 587 563 615 626 606 574
646 676 714 564 603 582 631 651
616 586 487 655 583 645 626 588
682 603 628 565 588 651 595 615
671 677 652 601 651 570 654 615
692 643 604 596 575 696 588 450
622 519 706 611 585 596 616 553
526 639 656 581 616 503 586 553
496 605 650 642 531 520 602 601
526 529 686 627 599 663 634 672
647 584 668 565 606 587 690 548
644 607 569 546 552 546 653 606
668 542 415 592 669 676 594 588
573 540 656 490 620 570 628 662
696 662 535 652 580 596 555 535
536 665 604 574 623 647 724 678
593 616 579 694 629 513 558 583
653 690 563 678 630 551 647 592
672 548 540 721 592 527 610 639
577 564 653 605 594 580 581 589
546 636 611 662 522 622 697 623
701 621 561 760 632 540 716 700
617 505 559 653 460 648 700 540
623 604 677 616 448 497 554 585
578 577 644 546 608 643 546 613
624 575 594 567 562 598 575 707
576 700 653 537 594 688 659 551
566 607 589 614 568 609 543 544
668 511 578 666 673 607 643 499
576 656 588 623 549 641 672 623
607 564 530 636 683 607 537 618
652 590 523 594 643 504 579 625
553 839 627 615 630 658 532 662
524 517 567 610 567 528 641 577
547 600 573 682 559 648 715 633
583 616 568 741 584 671 576 551
600 645 596 654 623 538 673 613
701 661 523 605 602 762 557 557
621 520 588 617 564 495 605 592
623 546 563 584 533 659 674 543
561 741 647 557 645 548 563 588
651 613 549 648 699 514 680 673
629 622 641 644 612 498 555 623
546 607 574 556 678 577 650 572
529 606 575 598 551 655 597 605
618 499 612 580 640 487 443 592
558 656 543 622 611 593 628 536
639 603 611 557 554 562 560 597
643 509 556 590 656 585 599 550
579 586 627 701 709 613 640 576
