469
528
508
457
484
547
431
488
536
475
481
497
542
482
487
488
562
562
528
511
521
542
474
533
465
482
526
460
496
476
493
421
450
480
526
495
500
519
475
508
477
451
489
516
510
500
568
512
528
563
463
471
549
477
501
530
525
550
542
530
478
522
509
462
540
523
501
493
466
506
513
476
533
469
440
529
489
496
476
455
536
481
547
523
491
469
479
466
559
505
533
464
505
533
491
529
469
461
511
489
518
444
520
573
499
501
505
447
512
455
488
535
479
514
529
508
461
491
555
443
492
484
503
521
546
492
523
514
513
484
472
469
479
509
522
509
484
551
543
490
477
504
536
509
516
494
513
544
493
504
507
508
460
447
471
505
516
485
539
496
501
495
504
520
519
475
543
469
502
492
470
498
479
502
511
542
509
483
489
504
503
541
539
490
484
428
484
472
490
511
505
499
506
496
506
409
492
497
490
494
520
483
562
519
500
494
498
474
497
508
516
516
492
460
481
546
525
510
478
500
464
484
493
490
527
460
476
461
465
504
455
521
493
502
509
488
529
495
517
494
508
508
507
472
512
491
518
439
459
510
553
524
481
452
521
498
517
503
501
584
500
495
497
483
528
490
518
508
534
512
466
462
540
483
463
481
536
460
475
481
465
467
457
487
490
481
453
535
462
508
470
519
527
475
446
520
553
512
505
523
522
477
481
517
496
537
480
521
510
496
533
519
472
518
539
496
493
481
500
519
477
462
489
461
515
488
450
490
495
513
496
553
485
498
497
492
504
515
538
456
486
487
527
490
446
502
499
505
471
549
491
495
475
474
465
489
473
558
447
468
489
519
488
519
472
502
549
473
512
506
436
483
532
504
466
520
486
510
511
468
522
472
463
475
490
503
478
521
507
480
525
533
497
494
450
488
492
507
495
507
543
485
486
463
500
528
450
481
501
524
511
509
494
514
529
452
521
497
485
431
461
548
481
469
487
479
504
543
483
504
468
543
505
469
526
534
505
454
550
509
533
484
489
503
531
504
464
507
546
502
504
464
460
482
491
503
505
545
502
530
499
541
447
483
528
495
526
511
527
517
519
542
528
528
501
484
481
521
431
463
473
493
426
536
517
556
530
529
564
484
457
493
477
493
470
516
515
499
509
496
521
502
492
526
536
538
472
485
452
493
512
496
555
489
469
516
504
516
509
507
440
479
483
490
487
512
517
468
519
517
513
460
512
502
527
550
545
503
500
518
468
459
487
535
491
542
421
455
497
525
498
497
497
450
533
481
531
498
530
510
497
506
458
500
549
537
472
514
507
523
503
493
538
506
536
528
491
495
555
505
479
466
528
505
478
519
505
453
517
538
572
501
507
545
505
508
482
461
526
464
532
478
508
489
533
509
555
469
512
501
508
545
517
468
515
488
487
530
483
489
501
527
516
493
492
467
479
481
496
556
481
492
442
517
455
474
529
440
503
523
543
474
482
551
499
479
480
472
488
531
525
467
506
489
522
496
511
496
438
501
464
521
481
483
500
516
495
546
547
549
493
458
535
488
501
518
455
546
525
510
525
516
503
491
479
508
510
531
506
476
455
496
499
497
457
530
530
477
523
527
501
473
546
511
493
522
546
486
520
555
468
484
483
496
494
509
477
482
509
504
525
512
522
468
489
552
511
521
508
512
493
601
489
499
431
531
484
498
485
496
492
499
499
496
495
537
525
525
479
536
532
484
543
481
448
531
497
528
479
464
535
460
456
446
421
471
439
499
437
469
566
510
501
454
493
501
455
504
534
490
494
442
460
530
481
474
480
498
467
504
462
522
470
537
500
476
526
461
485
500
497
443
474
505
463
536
514
485
494
553
526
511
460
546
530
496
484
495
466
487
522
449
491
503
503
467
467
531
465
529
486
531
488
467
524
500
541
525
494
487
501
505
475
524
489
488
485
507
480
504
578
498
488
453
501
469
489
504
451
504
509
463
489
448
545
509
495
495
532
497
509
543
490
469
477
540
503
486
528
528
487
473
456
449
493
475
553
502
445
540
505
520
519
508
515
507
469
510
529
494
516
512
551
493
492
497
497
436
482
508
500
477
481
490
477
485
485
525
529
526
512
480
527
491
501
538
502
507
460
514
472
529
495
437
490
494
514
519
491
529
410
480
469
465
527
523
478
533
503
488
480
478
513
518
507
442
508
516
481
501
447
465
491
491
510
466
490
486
515
540
549
456
499
469
498
512
502
499
542
520
492
501
525
517
488
450
466
504
449
496
487
528
463
445
488
518
530
474
513
469
479
516
520
472
513
447
494
468
477
464
516
516
480
511
507
496
561
476
500
489
489
505
492
476
608
587
562
666
558
579
571
646
626
580
573
607
609
598
568
597
623
607
560
620
540
635
607
569
620
601
592
594
623
570
614
587
606
539
615
605
602
597
621
535
619
632
624
635
608
593
658
581
591
568
618
624
645
600
577
611
566
621
618
586
609
585
602
603
610
588
600
612
564
624
628
611
589
602
541
624
597
613
611
573
602
597
658
544
633
618
633
619
632
585
626
602
654
664
640
587
604
603
647
605
554
632
530
573
574
618
660
612
577
609
620
591
624
603
586
592
613
587
592
601
626
560
574
646
636
575
638
617
556
653
589
609
591
604
579
633
566
605
578
587
595
615
576
596
647
552
621
612
593
588
584
616
602
636
606
599
629
632
592
566
624
618
605
569
615
572
580
618
582
601
619
641
583
599
643
578
624
602
614
604
556
615
567
600
606
648
615
598
573
584
589
659
564
603
645
591
575
560
582
583
650
582
575
647
612
560
580
611
584
545
630
611
570
622
563
575
595
600
582
639
657
608
625
605
616
567
602
644
608
583
642
618
615
582
611
601
582
635
575
584
633
606
613
649
630
634
635
567
550
571
581
594
595
607
546
602
561
604
629
598
599
617
641
605
590
588
657
612
638
618
626
593
603
598
590
682
637
636
552
581
624
554
611
609
572
587
563
632
563
635
550
636
627
561
611
625
594
570
559
602
566
608
643
652
573
605
572
607
596
627
576
603
622
602
600
605
607
606
589
563
609
624
587
600
616
602
644
559
584
595
586
599
587
583
615
638
582
594
603
629
546
588
605
581
600
623
597
553
588
610
613
573
628
616
606
578
636
537
583
601
611
669
568
590
636
589
602
570
568
611
588
575
574
576
610
614
604
581
522
584
545
617
611
584
575
524
632
608
601
575
632
604
579
537
596
598
589
585
646
597
573
628
596
600
637
605
614
598
643
628
652
597
537
584
598
596
578
560
605
630
611
556
559
599
613
585
584
555
618
600
591
603
558
554
580
615
601
591
618
547
664
615
592
566
620
572
569
613
580
577
612
558
611
588
558
602
616
610
581
645
589
619
606
625
599
605
609
616
566
577
664
585
571
627
540
583
613
514
624
610
568
566
597
562
575
639
597
588
521
618
582
581
589
567
614
640
607
627
621
624
609
621
604
598
570
643
595
570
573
602
594
607
580
599
613
613
588
636
634
608
563
564
558
588
605
618
555
572
600
548
578
544
677
603
605
581
583
604
633
634
643
598
610
562
667
657
616
544
595
541
660
638
636
584
607
569
614
563
574
585
647
602
638
634
610
610
592
608
622
555
627
602
641
635
572
580
606
591
604
613
591
595
573
532
614
577
589
596
622
566
622
619
602
566
593
568
609
645
619
561
591
662
553
606
611
591
619
607
584
575
633
563
595
586
565
604
607
601
621
585
603
599
591
640
547
631
616
637
636
615
600
581
586
590
603
559
618
590
591
547
596
577
521
644
582
620
557
643
590
538
583
657
622
617
582
567
579
593
582
616
630
642
565
537
604
588
632
676
587
595
650
610
644
561
589
622
576
542
582
626
583
599
630
613
581
644
630
567
518
586
623
622
622
549
641
607
610
632
648
567
599
610
630
632
573
640
560
635
610
615
611
595
554
614
620
633
604
597
575
602
607
568
596
631
534
640
616
628
621
639
635
632
614
589
600
612
601
525
620
615
587
581
567
604
566
657
552
584
585
610
636
603
590
590
615
605
628
595
623
608
586
553
576
558
626
600
599
611
608
581
591
653
617
552
622
631
624
581
638
611
616
556
632
574
593
560
618
612
553
647
590
583
607
548
586
600
640
629
631
564
642
618
645
604
656
598
632
632
591
589
577
629
634
592
588
615
539
593
583
641
618
590
570
542
621
647
617
615
539
596
627
628
609
597
571
642
629
629
616
625
613
562
636
606
571
610
580
639
602
587
596
599
615
640
598
593
591
568
607
589
585
623
588
597
567
560
598
580
608
569
587
564
617
612
593
579
531
614
585
634
608
572
570
641
604
578
624
581
636
638
571
607
568
598
624
609
592
633
615
590
591
613
588
587
563
607
593
594
621
580
605
641
596
549
584
555
575
618
623
632
592
621
600
613
614
597
609
613
587
628
614
554
563
641
568
603
617
585
618
627
648
640
591
553
614
584
564
610
609
579
589
656
597
547
533
596
601
660
667
639
607
602
631
607
588
669
629
614
604
556
583
579
591
603
576
632
612
596
583
600
606
598
595
586
594
614
617
583
634
563
631
543
566
638
547
609
584
553
627
622
559
611
593
510
608
625
653
651
565
607
590
551
617
611
619
574
625
621
638
567
579
624
580
616
