492
507
502
489
496
512
483
497
509
494
495
499
511
495
497
497
516
515
507
503
505
511
493
508
491
495
506
490
499
494
498
480
487
495
507
499
500
505
494
502
494
488
497
504
502
500
517
503
507
516
491
493
512
494
500
508
506
512
511
508
495
506
502
491
510
506
500
498
492
501
503
494
508
492
485
507
497
499
494
489
509
495
512
506
498
492
495
491
515
501
508
491
501
508
498
507
492
490
503
497
505
486
505
518
500
500
501
487
503
489
497
509
495
504
507
502
490
498
514
486
498
496
501
505
511
498
506
504
503
496
493
492
495
502
505
502
496
513
511
497
494
501
509
502
504
499
503
511
498
501
502
502
490
487
493
501
504
496
510
499
500
499
501
505
505
494
511
492
501
498
493
499
495
501
503
510
502
496
497
501
501
510
510
497
496
482
496
493
497
503
501
500
501
499
501
477
498
499
498
498
505
496
516
505
500
499
499
494
499
502
504
504
498
490
495
511
506
503
495
500
491
496
498
497
507
490
494
490
491
501
489
505
498
500
502
497
507
499
504
499
502
502
502
493
503
498
504
485
490
503
513
506
495
488
505
499
504
501
500
521
500
499
499
496
507
497
504
502
509
503
491
491
510
496
491
495
509
490
494
495
491
492
489
497
497
495
488
509
491
502
492
505
507
494
486
505
513
503
501
506
505
494
495
504
499
509
495
505
502
499
508
505
493
505
510
499
498
495
500
505
494
490
497
490
504
497
488
498
499
503
499
513
496
500
499
498
501
504
509
489
496
497
507
497
487
501
500
501
493
512
498
499
494
493
491
497
493
515
487
492
497
505
497
505
493
500
512
493
503
501
484
496
508
501
491
505
497
503
503
492
506
493
491
494
498
501
495
505
502
495
506
508
499
498
487
497
498
502
499
502
511
496
497
491
500
507
488
495
500
506
503
502
498
503
507
488
505
499
496
483
490
512
495
492
497
495
501
511
496
501
492
511
501
492
506
508
501
488
513
502
508
496
497
501
508
501
491
502
512
500
501
491
490
495
498
501
501
511
500
508
500
510
487
496
507
499
507
503
507
504
505
511
507
507
500
496
495
505
483
491
493
498
481
509
504
514
508
507
516
496
489
498
494
498
493
504
504
500
502
499
505
500
498
507
509
509
493
496
488
498
503
499
514
497
492
504
501
504
502
502
485
495
496
498
497
503
504
492
505
504
503
490
503
501
507
513
511
501
500
504
492
490
497
509
498
511
480
489
499
506
500
499
499
488
508
495
508
500
508
502
499
502
490
500
512
509
493
504
502
506
501
498
509
502
509
507
498
499
514
501
495
492
507
501
494
505
501
488
504
509
518
500
502
511
501
502
496
490
506
491
508
494
502
497
508
502
514
492
503
500
502
511
504
492
504
497
497
507
496
497
500
507
504
498
498
492
495
495
499
514
495
498
485
504
489
494
507
485
501
506
511
493
496
513
500
495
495
493
497
508
506
492
502
497
506
499
503
499
485
500
491
505
495
496
500
504
499
512
512
512
498
490
509
497
500
504
489
512
506
502
506
504
501
498
495
502
503
508
501
494
489
499
500
499
489
508
508
494
506
507
500
493
511
503
498
505
511
496
505
514
492
496
496
499
499
502
494
496
502
501
506
503
505
492
497
513
503
505
502
503
498
525
497
500
483
508
496
500
496
499
498
500
500
499
499
509
506
506
495
509
508
496
511
495
487
508
499
507
495
491
509
490
489
486
480
493
485
500
484
492
516
502
500
489
498
500
489
501
508
498
499
486
490
507
495
493
495
500
492
501
490
505
493
509
500
494
506
490
496
500
499
486
493
501
491
509
504
496
498
513
507
503
490
512
507
499
496
499
492
497
505
487
498
501
501
492
492
508
491
507
497
508
497
492
506
500
510
506
498
497
500
501
494
506
497
497
496
502
495
501
520
500
497
488
500
492
497
501
488
501
502
491
497
487
511
502
499
499
508
499
502
511
498
492
494
510
501
496
507
507
497
493
489
487
498
494
513
500
486
510
501
505
505
502
504
502
492
503
507
499
504
503
513
498
498
499
499
484
495
502
500
494
495
497
494
496
496
506
507
507
503
495
507
498
500
509
501
502
490
503
493
507
499
484
497
498
503
505
498
507
478
495
492
491
507
506
495
508
501
497
495
494
503
505
502
486
502
504
495
500
487
491
498
498
502
492
498
497
504
510
512
489
500
492
500
503
501
500
510
505
498
500
506
504
497
487
492
501
487
499
497
507
491
486
497
504
508
494
503
492
495
504
505
493
503
487
499
492
494
491
504
504
495
503
502
499
515
494
500
497
497
501
498
494
602
597
591
616
590
595
593
612
607
595
593
602
602
599
592
599
606
602
590
605
585
609
602
592
605
600
598
599
606
592
603
597
601
585
604
601
600
599
605
584
605
608
606
609
602
598
614
595
598
592
605
606
611
600
594
603
591
605
605
597
602
596
600
601
603
597
600
603
591
606
607
603
597
600
585
606
599
603
603
593
600
599
615
586
608
604
608
605
608
596
606
600
614
616
610
597
601
601
612
601
589
608
583
593
593
604
615
603
594
602
605
598
606
601
596
598
603
597
598
600
607
590
593
611
609
594
610
604
589
613
597
602
598
601
595
608
592
601
595
597
599
604
594
599
612
588
605
603
598
597
596
604
601
609
602
600
607
608
598
591
606
604
601
592
604
593
595
605
595
600
605
610
596
600
611
594
606
601
603
601
589
604
592
600
601
612
604
599
593
596
597
615
591
601
611
598
594
590
596
596
613
596
594
612
603
590
595
603
596
586
607
603
592
605
591
594
599
600
596
610
614
602
606
601
604
592
601
611
602
596
611
604
604
595
603
600
595
609
594
596
608
601
603
612
608
609
609
592
588
593
595
598
599
602
587
600
590
601
607
600
600
604
610
601
598
597
614
603
609
605
606
598
601
600
597
620
609
609
588
595
606
588
603
602
593
597
591
608
591
609
588
609
607
590
603
606
598
593
590
601
592
602
611
613
593
601
593
602
599
607
594
601
606
600
600
601
602
602
597
591
602
606
597
600
604
600
611
590
596
599
596
600
597
596
604
609
595
599
601
607
586
597
601
595
600
606
599
588
597
603
603
593
607
604
602
594
609
584
596
600
603
617
592
598
609
597
600
592
592
603
597
594
593
594
603
604
601
595
581
596
586
604
603
596
594
581
608
602
600
594
608
601
595
584
599
600
597
596
611
599
593
607
599
600
609
601
604
600
611
607
613
599
584
596
600
599
595
590
601
608
603
589
590
600
603
596
596
589
604
600
598
601
590
588
595
604
600
598
605
587
616
604
598
592
605
593
592
603
595
594
603
589
603
597
589
600
604
602
595
611
597
605
601
606
600
601
602
604
592
594
616
596
593
607
585
596
603
578
606
602
592
591
599
591
594
610
599
597
580
605
595
595
597
592
603
610
602
607
605
606
602
605
601
600
593
611
599
593
593
601
599
602
595
600
603
603
597
609
609
602
591
591
589
597
601
605
589
593
600
587
594
586
619
601
601
595
596
601
608
609
611
600
603
590
617
614
604
586
599
585
615
609
609
596
602
592
603
591
594
596
612
600
610
609
603
602
598
602
605
589
607
600
610
609
593
595
601
598
601
603
598
599
593
583
603
594
597
599
605
592
605
605
600
591
598
592
602
611
605
590
598
616
588
602
603
598
605
602
596
594
608
591
599
596
591
601
602
600
605
596
601
600
598
610
587
608
604
609
609
604
600
595
596
598
601
590
605
597
598
587
599
594
580
611
595
605
589
611
597
585
596
614
605
604
595
592
595
598
596
604
607
610
591
584
601
597
608
619
597
599
613
603
611
590
597
606
594
585
595
606
596
600
608
603
595
611
608
592
580
597
606
605
605
587
610
602
603
608
612
592
600
603
608
608
593
610
590
609
602
604
603
599
589
604
605
608
601
599
594
600
602
592
599
608
584
610
604
607
605
610
609
608
603
597
600
603
600
581
605
604
597
595
592
601
591
614
588
596
596
603
609
601
597
598
604
601
607
599
606
602
597
588
594
590
607
600
600
603
602
595
598
613
604
588
605
608
606
595
609
603
604
589
608
594
598
590
605
603
588
612
598
596
602
587
596
600
610
607
608
591
611
604
611
601
614
599
608
608
598
597
594
607
609
598
597
604
585
598
596
610
604
597
592
585
605
612
604
604
585
599
607
607
602
599
593
611
607
607
604
606
603
591
609
601
593
602
595
610
600
597
599
600
604
610
599
598
598
592
602
597
596
606
597
599
592
590
600
595
602
592
597
591
604
603
598
595
583
604
596
609
602
593
592
610
601
594
606
595
609
610
593
602
592
599
606
602
598
608
604
598
598
603
597
597
591
602
598
598
605
595
601
610
599
587
596
589
594
605
606
608
598
605
600
603
603
599
602
603
597
607
603
588
591
610
592
601
604
596
605
607
612
610
598
588
603
596
591
602
602
595
597
614
599
587
583
599
600
615
617
610
602
601
608
602
597
617
607
603
601
589
596
595
598
601
594
608
603
599
596
600
602
600
599
596
599
603
604
596
608
591
608
586
591
609
587
602
596
588
607
605
590
603
598
577
602
606
613
613
591
602
598
588
604
603
605
594
606
605
609
592
595
606
595
604
