477
521
506
468
488
535
449
491
527
482
486
498
532
486
491
491
547
546
521
508
516
532
480
525
473
486
519
470
497
482
495
441
462
485
520
496
500
515
481
506
483
463
492
512
507
500
551
509
521
547
473
478
537
483
501
523
519
537
532
523
484
517
507
472
530
517
501
495
475
504
510
482
525
477
455
522
491
497
482
466
527
485
535
517
493
477
484
474
544
503
524
473
504
525
493
522
477
471
508
492
514
458
515
555
499
501
504
461
509
466
491
526
484
511
521
506
471
493
542
457
494
488
503
516
534
494
517
511
510
488
479
477
484
507
516
507
488
538
532
492
483
503
527
507
512
496
510
533
495
503
505
506
470
460
478
504
512
489
529
497
500
496
503
515
514
481
532
477
502
494
478
498
484
502
509
531
507
487
492
503
502
531
530
492
488
446
488
479
492
508
504
499
504
497
504
431
494
498
493
495
515
487
547
515
500
496
498
481
498
506
512
512
494
470
486
534
519
508
484
500
473
488
495
492
520
470
482
471
474
503
466
516
495
501
507
491
522
496
513
496
506
506
505
479
509
493
513
454
469
508
540
518
486
464
516
498
513
502
501
563
500
497
497
488
521
492
513
506
526
509
474
472
530
487
472
486
527
470
482
486
473
475
468
490
492
486
465
527
472
506
477
514
520
481
459
515
540
509
503
517
516
482
486
513
497
528
485
516
507
497
525
514
479
514
529
497
495
486
500
515
483
471
492
471
511
491
463
493
496
510
497
540
489
499
498
494
503
511
528
467
489
491
520
492
460
502
499
504
478
536
493
496
481
480
474
492
480
544
460
476
491
514
491
514
479
501
537
479
509
504
452
488
524
503
474
515
490
508
508
476
517
479
472
481
493
502
484
516
505
485
519
525
498
495
462
491
494
505
496
505
533
489
490
472
500
521
463
486
501
518
508
507
495
510
522
464
515
498
489
448
471
536
485
477
490
484
503
532
488
503
476
532
504
477
519
525
503
465
538
507
525
488
492
502
524
503
473
506
535
501
503
473
470
486
493
502
504
534
501
523
499
531
460
487
521
496
520
508
520
513
514
532
521
521
500
488
486
516
448
472
480
495
444
527
513
542
523
522
548
488
468
495
482
495
478
512
511
499
507
497
516
501
494
520
527
528
479
489
464
495
509
497
541
491
477
512
503
512
506
505
455
485
487
493
490
509
513
476
515
512
510
470
509
502
520
538
534
502
500
513
476
469
490
526
493
532
441
466
497
519
499
498
497
463
525
486
523
499
523
507
498
505
469
500
536
528
479
511
505
517
502
495
528
505
527
521
493
496
541
504
484
475
521
503
483
514
503
465
512
528
554
501
505
534
504
506
487
470
519
473
524
483
506
492
525
506
542
477
509
501
506
534
512
476
511
491
490
522
487
492
501
520
512
495
494
475
484
486
497
542
486
494
456
513
467
481
522
455
502
517
532
480
487
538
499
484
485
479
491
523
519
475
505
491
517
497
508
497
454
501
473
516
486
487
500
512
496
535
535
536
495
469
526
491
501
513
466
535
519
507
519
512
502
493
484
506
508
523
504
482
467
497
499
498
468
523
523
483
517
520
501
480
534
508
495
516
534
489
515
541
476
488
487
497
496
506
483
487
506
503
519
509
516
476
492
539
508
516
506
509
495
576
492
499
449
523
488
499
489
497
494
499
499
497
496
528
519
519
484
527
524
488
532
486
461
523
497
521
484
473
526
470
467
459
441
478
454
499
453
477
549
507
501
466
495
501
466
503
525
493
496
457
470
522
486
480
485
499
475
503
471
516
478
528
500
482
519
471
488
500
497
457
480
504
472
527
511
489
495
539
520
508
470
535
522
497
488
496
475
490
516
462
493
502
502
475
475
523
474
521
490
523
491
475
518
500
531
519
495
490
500
504
481
518
492
491
489
505
485
503
559
499
491
465
501
476
492
503
463
503
506
472
492
461
533
507
496
497
524
498
507
532
493
477
483
530
502
489
521
521
490
479
467
462
494
481
539
501
459
530
503
515
514
506
511
505
477
508
522
496
512
509
539
495
494
498
498
452
486
506
500
483
486
492
483
489
489
519
522
520
509
485
520
493
500
528
502
505
470
510
479
521
496
453
492
495
510
514
493
521
433
485
476
473
520
518
484
525
502
491
485
483
510
514
505
457
506
512
486
501
460
474
493
493
507
475
493
490
511
530
537
467
499
476
499
509
502
499
531
515
494
501
518
513
491
462
475
503
462
497
490
521
472
459
491
513
523
481
510
476
484
512
515
479
510
460
496
476
483
473
512
512
485
508
506
497
546
482
500
492
492
503
494
482
606
590
572
649
569
584
578
635
620
585
580
605
607
598
576
598
617
605
570
615
555
626
605
577
615
601
594
596
617
577
610
590
604
554
611
604
601
598
616
551
614
624
618
626
606
595
643
586
593
576
614
618
634
600
583
608
574
616
614
590
606
589
601
603
608
591
600
609
573
618
621
608
592
601
556
618
598
610
608
580
601
598
644
558
625
613
624
614
624
589
619
601
641
648
630
591
603
602
635
603
566
624
548
580
580
613
645
609
583
607
615
593
618
603
589
594
610
590
594
601
620
570
580
634
627
581
629
612
567
640
592
606
593
603
584
625
575
603
584
590
596
611
582
597
635
564
616
609
595
591
588
612
602
627
605
599
622
624
594
574
618
613
604
577
611
579
585
614
586
601
614
631
587
599
632
583
618
602
610
603
567
611
575
600
604
636
611
598
580
588
591
644
573
602
634
594
581
570
587
587
638
587
581
635
609
570
585
608
588
559
622
608
577
616
572
582
596
600
587
629
642
606
618
604
612
575
602
633
606
588
632
613
611
586
608
600
586
626
582
588
625
604
609
637
623
626
626
575
563
578
586
595
596
606
560
601
571
603
622
599
599
612
631
603
593
591
643
609
628
614
619
595
602
599
592
661
628
627
564
586
618
565
608
607
579
590
573
624
572
626
563
627
620
570
608
619
595
578
569
602
575
606
632
639
580
604
579
605
597
620
582
603
617
601
600
604
605
605
592
572
607
618
591
600
612
601
633
569
588
597
589
599
590
587
611
628
586
596
602
621
559
591
604
586
600
617
598
565
591
608
610
580
621
612
605
583
627
553
587
601
609
652
576
593
627
592
601
577
576
609
591
582
580
582
608
611
603
586
542
588
558
613
609
588
581
543
624
606
601
581
624
603
584
553
597
599
592
589
634
598
580
621
597
600
628
604
611
599
632
621
639
598
553
588
599
597
584
570
603
623
608
567
569
599
610
589
588
566
613
600
593
602
569
565
585
611
601
593
614
560
648
611
594
575
615
579
577
609
585
583
609
568
608
591
568
601
612
607
586
634
592
614
604
619
600
604
607
612
575
583
648
589
578
620
555
587
610
535
618
607
576
574
598
572
582
629
598
591
541
614
586
586
592
576
610
630
605
620
616
618
607
616
603
599
578
632
596
578
580
602
596
605
585
599
610
609
591
627
626
606
572
573
568
591
604
614
566
579
600
561
583
558
658
602
604
586
587
603
625
626
632
599
608
571
650
642
612
558
597
555
645
628
627
588
605
577
610
572
581
589
635
601
629
626
608
607
594
606
616
567
621
601
631
626
579
585
604
593
603
610
593
596
579
549
610
583
592
597
616
575
616
614
601
574
594
576
607
634
614
571
593
647
565
605
608
593
614
605
588
581
625
573
596
589
573
603
605
600
616
589
602
599
593
630
561
623
612
628
627
611
600
586
589
593
602
569
614
592
593
560
597
583
541
633
586
615
567
632
592
554
588
643
616
613
586
575
584
595
587
612
622
631
574
553
603
591
624
657
590
596
638
608
633
571
592
617
582
556
586
619
587
599
623
610
586
633
623
575
539
590
617
616
616
562
631
605
608
624
636
575
599
608
623
624
579
630
570
627
607
612
608
596
566
611
615
624
603
598
581
601
605
576
597
623
551
630
612
621
615
629
626
624
610
592
600
609
601
544
615
612
590
586
575
603
574
643
564
588
589
608
627
603
592
593
611
604
621
596
617
606
590
565
582
569
620
600
599
608
606
586
593
640
613
564
616
623
618
586
628
608
612
567
624
581
595
570
614
609
565
635
593
587
605
561
589
600
630
622
623
573
632
613
634
603
642
598
624
624
594
591
583
621
626
594
591
611
554
594
588
631
613
592
577
556
615
635
613
612
554
597
620
621
607
597
578
632
621
621
612
619
610
572
627
604
579
607
585
629
601
590
597
599
612
630
598
595
593
576
605
592
589
618
591
598
575
570
599
585
606
576
591
573
613
609
595
584
548
611
588
626
606
579
577
631
603
583
618
586
627
629
579
605
576
598
618
607
594
624
611
593
593
610
591
590
572
605
595
595
616
585
604
631
597
562
588
566
581
614
618
624
594
616
600
610
610
598
607
610
590
621
610
565
572
631
576
602
612
589
614
620
636
630
593
565
610
588
573
607
607
584
591
642
598
561
549
597
601
645
650
629
605
602
623
605
591
652
622
610
603
567
587
584
593
602
582
624
609
597
587
600
605
599
596
589
596
610
613
587
625
572
624
557
574
628
560
607
588
565
620
616
569
608
595
532
606
619
640
638
573
605
593
563
613
609
614
581
619
616
628
576
585
618
585
612
