370 620 534 319 431 698 209 449
652 396 419 489 679 423 447 448
765 762 620 546 588 679 388 641
350 423 609 329 483 397 469 164
287 416 611 479 500 583 394 534
403 293 453 569 541 499 787 550
617 769 345 375 709 404 504 628
607 711 679 628 407 595 538 341
670 597 505 472 356 524 556 400
639 368 245 625 452 485 399 307
651 417 699 597 462 370 412 354
750 520 638 348 522 641 460 624
370 336 546 454 577 263 585 812
497 504 522 277 551 307 449 649
412 560 622 533 335 460 735 257
467 434 514 590 693 468 597 560
557 432 380 368 409 539 591 539
434 717 682 458 401 516 652 540
567 475 555 685 471 517 530 534
331 275 378 520 566 436 665 483
502 477 516 585 580 392 683 369
510 467 374 491 411 509 548 677
537 427 453 517 511 675 667 457
434 193 434 383 457 547 521 496
524 485 524 112 468 487 459 474
584 428 764 583 499 475 490 390
489 533 570 570 467 330 420 693
608 544 409 500 349 434 471 457
615 330 396 335 352 515 308 590
470 508 539 448 624 477 571 476
535 534 530 383 552 462 576 242
324 544 724 600 418 297 589 490
571 514 504 855 499 481 485 430
619 458 576 534 646 550 354 341
669 427 342 420 652 330 396 420
350 358 318 445 457 418 302 650
341 533 371 580 615 395 269 583
725 550 519 598 592 401 421 573
483 658 415 590 541 485 641 582
379 577 665 484 470 420 498 582
402 338 455 334 563 449 289 458
477 554 483 724 438 493 488 466
517 565 661 312 439 446 613 457
273 511 496 522 375 706 461 477
392 388 353 453 385 747 273 365
452 581 450 581 382 507 709 384
550 525 230 429 636 516 355 583
443 543 545 366 595 379 343 394
458 513 407 589 530 417 607 639
488 474 287 451 465 529 480 529
684 436 441 343 499 617 290 420
504 602 546 539 473 558 622 295
587 488 436 207 334 704 417 370
445 411 515 682 430 519 362 682
523 370 609 644 519 303 714 537
640 434 452 513 634 517 349 531
696 508 516 348 332 423 461 512
520 692 507 628 495 674 276 428
618 479 612 546 614 574 581 679
618 619 502 430 421 590 207 343
384 470 184 651 572 738 627 624
770 431 320 472 401 469 374 568
562 497 537 483 590 508 468 612
651 660 381 436 296 471 550 484
732 451 369 568 518 566 536 529
245 413 429 458 446 550 572 364
582 570 556 330 553 510 615 714
691 514 500 576 366 326 443 646
460 680 165 310 485 607 492 489
485 288 639 418 631 492 628 541
487 527 323 501 706 657 382 561
530 598 511 472 660 526 651 617
461 480 732 523 409 356 617 519
405 581 519 301 571 660 807 504
528 693 520 533 424 333 610 347
637 405 532 455 641 536 735 370
550 506 534 692 570 362 564 450
443 626 428 454 504 614 570 472
467 361 409 421 482 738 419 465
254 572 311 391 625 247 512 596
683 390 425 717 497 412 414 383
447 631 607 359 526 452 594 481
545 481 238 506 347 590 418 427
499 569 480 697 698 706 472 322
646 450 505 575 307 695 605 542
607 567 514 463 411 534 543 630
524 398 311 485 497 488 316 629
629 401 597 614 505 386 694 546
470 593 695 440 583 733 366 434
428 481 475 536 402 425 536 519
605 549 593 363 454 722 547 590
533 551 472 929 452 495 209 633
434 493 437 483 466 495 494 481
480 657 606 606 412 651 636 434
683 418 279 632 486 617 409 349
648 331 313 269 165 375 240 496
232 369 780 541 506 306 471 506
307 515 643 458 476 255 332 627
421 388 417 493 361 515 337 593
373 658 499 399 609 335 434 500
485 259 390 520 342 652 559 438
474 723 612 546 330 696 626 482
434 477 356 444 592 283 462 514
512 359 358 631 353 621 442 630
449 360 603 498 674 607 472 446
503 523 394 601 452 449 435 528
417 516 832 494 448 300 506 367
455 518 292 519 537 344 453 280
689 540 478 480 636 489 540 682
458 369 401 671 511 440 617 620
443 383 312 285 468 393 723 507
267 670 519 585 582 536 563 529
367 544 623 475 566 550 718 470
465 486 488 227 423 536 499 404
420 457 404 438 435 607 622 612
551 415 615 462 503 661 510 530
330 558 382 621 478 232 457 473
558 580 461 622 120 414 367 349
615 600 407 641 512 449 417 407
557 578 529 254 536 568 420 505
276 352 461 463 542 358 459 441
563 671 707 312 494 366 492 551
510 494 678 587 467 503 605 573
449 287 358 518 286 482 446 620
342 268 450 576 628 391 556 367
410 568 586 380 557 276 476 364
403 347 566 566 417 545 531 485
759 399 502 454 455 519 465 397
515 642 613 524 412 522 630 643
543 456 476 593 582 289 579 585
394 408 409 418 330 538 406 492
440 531 379 529 547 599 736 249
538 415 269 601 660 453 525 492
552 606 541 541 651 480 611 401
693 589 452 246 500 358 536 674
519 479 541 534 216 529 574 469
617 485 592 773 488 267 460 293
573 657 584 538 423 689 590 534
525 513 554 426 683 518 572 448
545 226 366 496 341 793 300 542
699 558 463 434 581 404 486 583
463 511 464 384 643 667 462 468
479 565 391 489 532 577 166 548
542 621 437 438 644 312 695 807
557 598 321 417 627 543 478 528
561 465 497 496 374 539 716 708
323 568 581 451 384 342 447 542
481 427 350 542 628 389 554 274
421 588 366 427 670 412 398 569
735 471 592 661 539 468 395 329
633 522 660 619 426 358 550 424
545 412 397 483 612 537 641 352
373 489 760 581 372 491 526 432
574 481 464 651 295 385 402 398
413 559 632 610 378 487 554 529
657 419 519 453 530 371 389 412
432 686 641 474 521 309 478 519
637 539 552 536 532 332 450 672
599 559 508 579 387 310 454 565
513 622 542 505 659 636 488 368
391 481 456 699 298 492 372 514
546 451 564 476 478 450 578 517
689 652 566 241 322 618 443 528
424 562 615 355 402 300 528 300
456 562 747 544 650 531 537 475
454 641 545 540 427 459 748 492
659 438 596 535 452 578 315 569
594 533 657 492 482 543 604 568
473 381 580 405 402 421 507 404
364 421 478 555 508 370 527 539
445 404 404 436 766 393 532 414
439 415 596 545 484 560 589 398
566 414 601 589 548 475 437 468
592 418 506 290 531 376 342 562
525 447 464 773 477 476 578 510
618 533 591 553 577 495 527 467
573 338 587 620 589 488 561 407
600 368 571 564 549 446 591 280
593 523 626 524 721 387 573 394
485 589 575 750 458 654 469 416
305 520 437 602 437 443 543 707
369 622 605 473 581 466 785 487
510 461 297 468 528 680 559 477
507 539 455 582 695 456 645 605
564 513 541 474 720 414 636 686
461 640 517 507 491 306 566 673
415 602 490 369 620 702 405 526
327 495 558 710 687 697 437 471
300 414 326 544 416 368 457 358
537 534 462 412 339 567 527 556
463 474 673 428 462 589 536 254
297 421 609 581 562 575 384 572
389 614 439 534 275 338 631 583
354 654 369 502 442 389 640 702
521 683 466 513 516 361 560 585
479 297 544 318 403 516 408 530
473 304 520 570 621 456 493 321
736 681 496 485 148 624 568 598
451 444 352 593 650 635 522 461
374 416 556 466 697 638 428 354
434 628 437 566 432 541 563 618
672 657 436 482 359 472 503 452
440 624 609 548 347 524 454 658
284 433 430 444 615 218 475 602
618 434 418 542 518 508 44 365
396 577 327 374 481 345 577 453
720 424 431 597 421 681 558 464
481 842 559 518 484 624 318 478
160 436 602 666 573 577 294 419
677 437 484 403 388 444 421 615
526 622 334 647 503 721 494 321
654 484 242 517 528 629 70 638
443 731 294 565 549 449 407 455
458 350 619 369 623 285 479 481
498 615 476 445 476 618 355 378
265 743 361 274 403 427 676 444
535 285 525 302 462 409 507 576
340 364 523 582 670 443 321 522
405 389 669 574 413 498 490 520
451 272 383 436 503 370 522 454
409 348 554 551 596 566 575 546
289 467 328 664 498 652 376 489
532 460 523 678 376 183 692 405
635 578 474 546 363 510 571 407
454 538 659 500 448 482 639 423
464 424 475 526 624 245 567 393
571 649 619 519 600 387 492 682
405 524 456 477 549 468 500 439
281 523 553 666 484 333 410 565
490 534 458 724 707 388 609 536
502 397 695 640 325 666 495 428
383 613 548 395 403 453 438 563
545 424 301 340 604 381 513 288
548 730 341 566 533 610 484 533
522 569 399 523 597 640 559 364
314 549 379 601 465 621 755 493
486 622 628 704 524 424 501 425
529 396 608 584 517 503 476 657
642 517 397 359 535 423 557 454
593 525 620 232 473 766 200 601
550 654 479 643 646 524 360 610
383 484 614 631 458 575 315 443
676 661 580 483 602 497 520 511
407 587 372 593 385 413 159 481
523 599 657 321 618 444 491 487
446 393 534 597 349 498 425 632
559 681 314 624 520 413 559 688
693 599 381 537 541 649 480 502
422 580 474 522 444 506 370 519
428 584 722 601 366 457 307 502
287 356 632 603 318 446 556 547
305 531 427 644 476 543 487 580
408 580 645 720 690 436 569 597
571 590 551 435 525 602 555 368
395 451 475 519 383 595 277 563
561 577 132 338 458 520 490 402
654 539 453 381 508 651 504 496
508 514 472 383 683 576 754 560
472 386 460 362 752 498 594 615
630 806 489 478 520 590 521 468
414 407 532 380 282 514 640 579
498 548 302 417 701 642 415 711
414 401 684 657 429 494 459 560
688 564 486 338 593 353 478 615
597 601 584 518 536 511 558 564
516 562 418 463 528 731 563 484
474 589 488 576 561 350 557 556
596 400 631 480 739 710 427 336
584 402 638 564 326 594 516 549
683 484 591 428 431 474 426 568
341 600 409 545 358 557 630 501
686 483 549 389 553 432 414 690
348 486 586 528 278 572 335 447
471 150 487 580 480 522 771 635
507 810 424 562 311 548 487 507
544 534 371 454 501 328 596 726
536 437 224 317 541 651 474 322
395 431 268 463 607 298 433 257
402 482 623 555 358 511 460 498
476 538 522 604 514 703 562 677
586 419 649 642 155 434 673 627
325 603 707 573 323 406 548 474
653 588 736 622 566 462 669 501
377 506 489 381 599 483 547 406
480 593 470 456 762 538 588 590
512 563 383 674 650 523 501 351
624 469 573 327 576 479 501 330
581 426 494 597 490 738 392 529
550 378 510 477 527 554 668 535
566 680 310 469 505 313 509 217
585 323 350 563 300 746 514 488
644 490 529 481 440 545 563 347
394 421 496 541 759 533 479 414
618 499 541 500 566 557 545 500
511 546 269 496 618 442 249 334
509 414 516 498 444 390 523 508
485 605 524 428 457 493 515 660
703 444 378 435 550 600 451 390
546 575 624 423 539 304 487 586
678 536 471 331 527 576 622 529
385 566 703 469 404 460 498 437
585 552 460 498 315 539 333 467
445 556 447 494 679 312 514 604
425 503 337 307 587 461 342 443
573 566 626 440 425 540 620 455
615 460 744 294 684 320 647 510
446 391 389 582 555 477 497 395
484 606 391 563 445 317 627 335
444 628 406 613 446 489 726 636
510 422 503 698 761 426 673 311
571 545 625 400 518 277 424 498
523 835 439 503 362 274 608 609
335 297 424 700 321 582 516 464
427 529 463 452 475 633 526 508
666 468 672 419 564 461 492 423
465 416 548 401 564 782 313 215
381 589 415 569 614 470 606 228
600 596 488 620 673 732 733 507
483 491 179 584 782 568 329 381
387 699 560 577 542 367 387 582
510 277 594 670 501 462 664 477
426 315 441 724 640 514 499 619
512 348 517 521 502 531 417 519
308 390 471 572 464 553 623 790
465 423 505 524 566 598 466 587
510 647 467 517 532 636 500 376
297 624 577 699 511 510 522 436
416 553 642 572 442 551 521 432
353 400 643 530 427 509 573 435
408 287 631 571 580 567 257 513
554 508 218 485 469 625 488 438
438 587 581 474 452 224 255 400
483 405 318 496 497 657 457 472
414 812 577 401 264 345 390 337
486 378 307 577 315 194 612 715
505 582 581 783 381 446 447 507
475 490 517 737 533 600 580 543
468 597 290 685 580 512 498 526
598 556 664 706 631 321 437 617
756 430 572 647 513 354 735 396
411 532 507 390 701 562 609 495
499 659 438 457 556 609 609 387
370 398 606 606 538 536 302 538
311 599 462 529 474 490 366 480
492 525 565 558 532 422 344 380
402 602 629 404 361 305 425 550
369 642 544 628 404 585 367 583
673 671 436 394 480 689 337 318
255 511 296 643 697 484 787 528
439 437 672 595 256 274 324 429
344 408 401 366 754 670 714 701
491 513 389 518 380 308 408 605
512 572 502 390 562 511 658 663
464 515 393 397 431 559 438 685
557 468 622 412 423 662 343 482
454 412 618 604 581 503 577 260
451 504 429 522 786 514 549 524
356 321 306 534 255 577 476 554
341 686 493 273 648 347 353 356
463 570 567 803 420 445 336 368
634 440 554 504 374 401 275 476
509 464 619 341 506 380 546 392
598 576 540 531 534 540 564 457
366 495 562 561 708 440 331 435
449 403 375 484 492 375 363 544
557 402 479 560 516 688 339 313
587 542 434 630 423 561 478 407
449 641 454 681 519 470 379 581
525 491 512 485 356 579 723 704
513 470 510 425 534 545 356 461
605 608 349 632 466 497 480 246
551 307 600 344 627 528 573 414
283 382 539 555 397 659 498 303
532 407 599 527 518 465 635 391
540 505 376 491 386 745 622 304
446 573 641 605 729 516 654 361
604 475 482 666 616 480 806 651
447 209 533 453 425 441 518 658
382 492 476 401 534 713 574 509
447 506 294 493 477 557 614 589
484 438 425 406 426 485 354 553
487 400 423 601 608 787 568 419
413 547 597 669 395 512 361 546
378 675 407 573 518 506 283 489
382 430 559 826 728 562 546 458
380 553 447 711 758 757 424 439
355 578 397 428 393 433 698 204
563 403 781 599 378 427 432 638
703 518 483 625 503 556 527 405
664 429 733 642 523 351 701 538
607 677 366 544 455 538 555 300
473 511 350 412 515 582 482 416
379 457 404 571 530 422 527 780
590 531 586 652 317 449 426 423
754 561 634 536 830 259 442 447
458 610 511 578 625 527 587 447
423 394 510 386 372 578 388 568
461 431 609 619 526 669 298 630
404 472 543 417 495 449 473 753
277 474 547 364 480 536 543 599
632 460 511 330 494 326 501 599
550 511 597 629 401 642 409 447
587 521 497 521 658 508 589 586
751 666 585 586 520 481 499 503
446 450 492 461 477 480 609 595
623 649 414 503 536 553 562 670
434 528 354 550 309 543 649 575
372 407 574 487 239 670 522 328
528 766 482 481 423 578 530 597
413 587 359 560 405 505 313 512
498 317 708 575 369 379 470 432
489 240 703 414 645 480 794 603
627 643 510 518 485 543 509 543
405 450 567 503 558 581 607 559
472 396 639 417 500 694 405 467
514 286 372 650 554 599 531 266
378 233 577 825 312 629 631 522
336 396 258 485 526 599 475 398
417 484 536 667 746 499 371 647
807 410 440 486 503 419 334 573
484 635 565 622 508 584 413 560
621 659 465 572 657 313 457 570
466 422 553 444 510 315 445 535
489 496 539 633 472 499 510 444
407 603 362 573 476 461 540 558
377 497 448 412 250 603 608 361
488 354 458 424 663 336 286 458
466 736 409 677 561 699 534 307
389 566 394 787 281 425 557 503
444 674 509 629 450 625 528 306
355 636 500 637 587 366 357 488
520 417 561 474 409 531 423 326
689 264 301 600 532 432 733 453
487 502 573 583 663 444 494 464
341 460 540 514 671 524 381 438
402 428 489 591 604 390 550 492
458 420 412 436 625 613 600 227
649 536 604 479 522 660 622 389
405 554 524 393 493 418 570 773
391 553 551 476 455 459 324 263
397 428 590 368 437 629 595 557
633 819 488 573 485 478 392 703
523 684 546 396 502 578 526 282
502 453 450 336 727 618 401 473
655 305 689 544 557 481 553 735
513 418 437 625 533 528 434 670
516 403 290 353 549 394 256 399
482 571 196 494 608 396 431 524
381 390 486 521 569 502 500 530
395 248 392 442 402 363 628 400
456 569 553 413 393 492 417 484
397 550 330 474 535 535 790 472
517 489 729 621 732 431 520 506
362 541 381 626 475 318 433 506
710 604 511 605 521 393 550 603
866 536 442 612 583 690 590 295
493 655 705 400 474 579 451 469
609 622 637 561 379 484 382 439
569 520 765 532 549 497 593 700
520 683 488 629 491 488 257 284
485 590 495 399 385 590 377 600
584 680 795 470 486 673 495 313
408 546 354 742 656 388 398 516
449 488 582 477 671 604 623 362
328 498 715 646 589 650 367 327
656 427 404 573 470 485 541 521
305 444 587 418 461 465 194 512
427 570 531 405 556 442 418 325
553 482 438 312 632 466 541 537
335 582 469 476 267 647 512 474
417 493 577 490 557 369 280 406
457 375 491 468 274 589 473 362
318 773 441 244 325 510 411 470
495 496 495 479 694 457 633 525
615 567 637 805 490 553 728 529
183 446 457 516 423 778 762 305
389 627 402 451 405 669 491 651
431 596 468 523 449 469 489 530
594 386 341 651 745 615 657 455
574 552 521 398 306 649 594 421
542 445 612 564 686 516 490 505
836 583 513 609 472 543 622 190
341 351 460 458 555 581 677 462
453 443 393 524 354 639 532 598
695 228 484 428 556 601 552 516
480 611 504 704 439 719 358 533
510 416 338 612 500 615 714 581
616 455 672 684 569 474 507 519
556 499 466 480 501 647 389 268
318 527 534 641 798 481 628 431
633 535 357 540 563 547 467 677
637 583 417 454 599 705 625 479
520 649 345 332 627 517 388 478
459 561 486 553 691 524 488 439
444 488 623 596 323 726 435 435
480 747 577 528 430 522 774 605
447 459 573 616 362 547 587 651
355 777 451 447 440 571 389 708
445 515 366 437 258 497 488 289
478 560 663 391 282 485 715 462
443 630 454 457 418 514 498 520
512 313 578 333 464 650 571 684
442 433 641 518 749 390 588 576
643 575 585 521 618 444 612 726
417 586 553 388 514 609 593 397
534 558 611 507 433 635 371 424
593 540 518 404 610 569 735 584
334 513 489 481 476 520 411 309
549 631 555 535 408 603 264 744
434 586 445 513 459 260 575 372
362 442 466 542 439 822 315 461
558 631 575 602 417 571 656 559
787 493 460 294 447 562 608 668
526 432 342 478 377 476 333 457
424 622 360 298 594 681 593 483
397 475 453 356 502 655 603 542
493 382 631 328 243 492 449 457
587 565 580 631 348 710 398 537
725 695 670 497 325 372 462 418
414 472 423 438 511 381 586 614
445 501 682 596 694 593 624 432
496 408 510 565 528 320 405 359
537 453 532 251 512 378 586 593
567 613 597 438 327 586 539 227
294 345 491 332 579 439 686 551
484 551 388 674 626 530 732 324
597 644 560 481 253 630 449 491
618 619 361 381 415 583 630 560
447 483 666 365 594 487 559 503
624 564 508 772 650 533 593 514
417 293 748 447 571 652 447 467
562 563 504 373 655 592 522 597
111 508 449 265 565 382 670 483
580 431 599 670 311 574 302 486
531 369 460 680 607 624 696 462
620 428 650 365 400 710 573 540
478 454 491 489 582 704 399 522
597 467 599 335 776 541 495 414
468 589 787 344 488 365 355 511
440 540 583 350 436 467 240 469
347 473 494 275 366 547 607 727
542 421 390 347 623 337 407 485
653 573 484 576 731 460 637 574
650 518 417 375 477 379 328 781
388 442 516 716 580 667 521 504
526 647 393 429 612 668 326 442
560 573 643 674 450 633 396 627
479 554 594 606 545 539 349 554
423 441 549 691 619 492 477 414
507 221 485 423 480 319 450 679
523 366 445 516 226 783 531 531
594 567 673 704 402 267 296 764
371 681 372 656 654 528 424 638
434 687 430 666 417 411 585 502
577 835 389 458 516 374 302 390
589 415 416 558 379 610 732 534
554 415 534 558 348 385 403 525
437 523 441 632 478 378 696 748
593 556 497 553 371 362 570 358
718 406 566 351 498 550 449 424
468 657 621 633 625 682 597 226
577 554 473 323 418 460 605 586
361 573 270 449 498 590 469 567
535 559 580 466 606 687 481 229
579 503 558 404 444 507 479 493
441 484 582 565 348 526 413 545
643 599 421 511 546 555 397 564
538 385 543 446 392 452 386 414
678 345 594 556 683 740 483 538
508 368 448 832 551 313 576 626
585 325 532 304 471 166 279 540
632 486 582 726 378 576 650 522
548 559 447 651 347 452 516 613
367 612 485 621 760 614 540 542
577 573 398 530 567 386 487 333
183 476 461 683 329 571 523 628
449 573 381 554 517 441 637 516
584 687 658 629 476 542 567 602
569 434 471 477 455 592 287 427
463 651 382 563 514 421 749 586
440 642 505 358 145 578 550 394
322 411 438 555 533 451 291 352
691 447 649 609 301 593 375 388
595 435 314 361 452 580 321 504
696 341 436 442 385 597 487 489
677 533 491 492 406 645 445 503
254 577 670 650 375 572 506 426
563 580 554 559 489 698 399 548
339 488 531 521 582 404 402 348
400 418 398 335 539 467 518 452
759 263 428 317 584 424 532 351
504 481 434 865 534 275 761 479
364 414 613 629 557 412 583 532
521 510 470 518 437 579 528 733
357 650 392 431 488 687 395 625
619 646 426 600 503 558 450 267
524 595 611 544 457 410 599 609
495 531 523 441 606 676 300 563
550 481 383 710 479 709 606 507
479 522 564 522 451 632 700 497
519 590 459 249 519 629 344 241
572 379 332 358 540 657 336 525
535 525 576 497 328 528 625 469
401 597 436 469 600 569 785 453
636 396 754 675 593 339 565 417
589 521 480 735 401 439 589 431
436 613 611 735 576 631 506 474
523 436 640 406 597 750 492 655
546 512 603 583 563 505 420 703
537 603 758 623 377 369 744 302
415 584 538 326 515 743 396 314
423 515 452 624 641 665 615 472
436 507 625 396 539 625 638 577
371 473 490 274 394 671 447 322
559 642 289 479 395 403 383 529
489 667 374 681 504 513 402 551
666 394 635 417 445 532 495 488
498 743 519 369 354 465 728 809
614 353 389 358 391 213 568 426
724 549 587 283 440 354 303 570
508 314 657 574 423 567 519 427
413 585 539 320 592 349 435 601
481 607 730 413 574 605 650 516
392 316 589 622 619 579 375 614
271 593 373 365 330 277 610 338
538 681 364 577 365 434 384 412
575 512 334 344 663 309 678 405
506 527 442 568 471 395 405 461
691 502 427 353 495 435 236 562
593 564 720 549 464 567 600 490
533 487 666 654 474 407 490 302
594 608 378 603 474 727 784 474
319 654 714 595 505 636 364 633
415 477 656 652 482 423 517 394
646 420 379 605 543 428 435 474
392 521 476 303 450 671 388 429
452 487 334 406 477 574 561 529
530 383 270 330 543 557 383 701
697 396 511 629 679 527 442 570
561 707 592 560 496 565 241 532
578 308 374 274 564 598 329 464
380 566 384 393 550 779 402 419
464 570 522 423 445 434 368 620
456 562 426 513 628 678 616 391
324 497 560 706 490 596 534 354
578 485 604 336 598 486 439 689
599 597 484 361 346 461 333 443
495 458 524 225 595 486 569 456
483 367 529 414 530 603 520 735
551 494 524 521 577 430 542 389
517 579 606 456 645 474 356 514
588 416 336 500 488 406 660 598
621 345 466 442 455 623 432 423
624 716 656 392 256 407 484 539
439 638 569 501 330 639 495 287
647 727 473 378 634 672 585 252
423 391 568 677 501 481 323 340
501 672 441 430 369 347 615 470
599 279 457 680 361 377 485 499
535 486 507 501 390 447 339 522
394 565 563 247 600 582 513 237
275 595 438 535 161 557 412 408
617 456 543 397 734 403 595 437
518 476 469 463 391 547 527 492
658 600 416 515 626 485 502 452
443 604 526 576 519 444 373 459
567 553 308 717 423 489 525 700
399 402 382 527 567 521 722 459
525 286 215 563 563 361 492 572
463 402 491 739 597 447 607 532
509 540 541 342 531 458 494 388
547 524 497 532 543 611 327 701
508 454 607 493 699 525 617 505
460 584 680 646 579 602 623 624
635 264 418 594 588 261 469 309
347 507 424 441 448 529 599 386
479 535 464 588 505 644 372 799
427 668 637 703 596 416 145 411
630 528 377 354 360 443 482 684
534 429 545 404 680 319 571 338
449 577 553 475 512 314 319 565
714 600 530 620 517 609 548 515
311 544 543 592 485 539 439 689
439 432 506 299 395 307 699 549
436 383 749 306 502 659 425 381
342 600 415 385 290 421 595 574
494 431 414 321 543 513 489 536
593 571 262 459 536 492 427 473
713 660 510 453 562 612 542 372
506 519 369 518 574 567 661 339
530 441 604 622 340 457 383 488
494 657 559 626 615 373 506 614
667 590 294 553 492 585 416 511
462 653 574 470 425 449 701 476
743 522 362 636 254 513 780 703
671 615 645 400 597 546 665 700
446 326 505 681 328 473 266 420
545 496 399 679 450 271 734 628
538 384 373 515 518 328 380 558
349 632 454 637 431 581 529 703
422 750 673 420 430 543 592 384
353 292 684 498 288 466 598 548
727 524 464 535 683 579 485 374
482 343 550 549 381 405 600 495
565 429 404 464 359 431 614 424
689 614 607 541 415 369 363 524
788 557 680 482 431 596 441 465
512 371 531 483 344 505 586 403
778 348 396 570 507 384 585 361
591 647 578 523 421 387 591 592
431 524 746 452 552 546 581 710
650 399 527 237 457 270 337 538
764 557 712 235 359 404 412 618
373 387 416 230 446 548 469 502
522 438 448 471 513 436 354 539
305 414 443 384 400 567 708 310
448 510 512 301 511 500 561 359
493 395 534 701 597 443 531 522
342 757 570 618 405 352 438 512
479 376 590 429 670 477 457 479
487 535 361 723 592 660 354 549
613 678 291 393 458 543 364 647
379 265 518 446 507 483 667 580
488 338 445 444 317 594 333 333
410 362 452 328 456 466 545 532
473 541 467 664 412 432 500 408
654 575 583 563 586 415 560 371
387 545 494 530 431 411 457 507
459 599 462 308 552 640 555 602
399 540 570 494 350 513 664 441
756 478 544 378 240 609 573 155
473 451 606 584 384 617 495 512
555 603 289 391 336 566 770 367
400 587 639 563 538 326 460 491
709 486 487 474 371 743 400 388
540 392 550 671 356 457 440 534
594 378 505 433 539 383 484 586
494 585 478 601 368 387 701 508
696 666 534 371 579 421 428 389
468 479 421 323 485 337 562 411
281 349 502 545 534 355 610 628
603 596 516 576 670 519 473 415
343 710 540 706 600 584 706 506
449 368 403 357 473 317 304 267
420 471 265 431 681 659 518 441
378 482 489 607 561 513 494 394
213 578 420 609 462 478 408 652
513 359 438 317 497 333 317 743
753 496 642 436 427 567 587 487
655 675 617 497 705 659 446 529
527 212 446 524 575 633 551 373
482 719 676 461 488 584 387 512
623 379 664 492 436 301 545 540
348 220 449 321 266 497 461 394
375 537 518 644 479 261 415 382
479 336 333 348 461 576 446 453
667 656 483 398 581 500 661 536
419 421 604 450 399 716 364 344
553 442 540 461 517 493 430 591
465 513 557 419 495 622 490 556
478 552 436 503 610 661 480 492
490 591 272 650 353 444 615 499
505 520 534 471 483 639 631 775
680 582 602 570 521 351 539 420
558 612 315 605 476 610 599 389
450 554 329 481 670 612 690 434
413 558 432 357 658 619 477 561
695 409 671 372 364 522 443 489
471 615 449 350 487 788 363 519
347 314 426 601 665 512 481 562
428 486 586 309 430 478 555 306
282 252 403 587 554 606 480 480
484 442 804 546 397 474 609 268
468 633 573 445 604 487 382 476
659 554 497 318 458 594 609 300
373 469 456 576 313 415 599 610
326 573 330 573 583 520 383 262
672 324 420 468 504 564 551 525
475 391 619 546 585 474 587 207
629 476 445 436 423 502 526 693
504 360 771 495 481 436 332 647
357 621 466 570 463 539 499 504
650 502 369 309 432 577 572 596
549 546 410 568 680 485 579 431
626 580 516 387 542 699 515 775
347 411 417 502 612 437 503 569
517 509 492 672 406 686 430 581
569 500 507 555 476 426 636 464
507 476 535 588 416 225 763 359
530 388 494 282 743 476 484 598
416 295 662 254 528 323 547 572
480 432 406 497 449 386 465 448
833 459 438 583 729 400 481 417
647 588 578 401 514 633 691 466
568 624 534 636 268 575 509 598
761 593 308 380 587 593 709 610
388 772 461 535 420 589 686 675
508 500 593 472 624 664 547 437
496 667 860 598 431 418 507 614
347 519 579 597 512 329 682 674
523 452 481 467 526 551 348 317
471 519 338 537 630 443 618 399
556 370 476 353 492 567 662 406
450 287 570 393 395 485 646 390
638 589 505 608 496 364 501 482
362 624 406 309 392 547 634 532
519 773 393 434 467 363 426 714
483 542 378 479 643 434 721 549
674 617 593 561 548 653 420 556
338 696 598 564 436 499 556 231
561 453 664 593 581 642 606 776
566 673 696 497 624 579 475 623
586 824 600 620 665 563 528 515
327 461 708 590 481 661 686 530
796 534 476 540 539 568 509 628
367 525 484 560 262 556 516 310
548 501 670 527 568 637 580 451
601 519 450 536 340 435 341 496
342 541 624 600 344 333 426 489
319 419 420 448 243 325 435 402
478 443 513 314 474 310 566 617
396 486 554 458 513 402 687 488
464 590 570 304 629 473 281 469
381 551 598 500 427 384 551 483
340 589 407 570 436 415 521 746
552 407 598 466 677 320 700 582
391 360 616 442 360 522 564 561
360 425 514 362 474 499 501 265
443 412 417 672 556 438 662 675
480 408 565 326 519 452 291 663
374 219 467 317 698 422 755 272
764 472 447 477 596 388 596 416
417 464 582 385 727 430 761 387
781 625 698 336 393 382 493 585
621 560 574 672 501 448 577 561
334 520 805 507 626 477 698 575
430 619 725 575 512 585 536 607
462 385 632 769 555 506 851 636
624 539 440 456 477 332 474 518
466 538 491 520 425 462 500 411
489 426 630 471 561 432 475 489
350 302 337 582 562 466 294 589
429 530 538 646 503 58 575 397
316 386 227 588 363 595 485 479
573 159 579 522 623 448 544 404
575 593 181 540 383 475 470 525
555 468 428 422 326 275 650 328
691 368 581 642 451 490 525 520
410 311 531 548 418 644 433 592
589 302 598 214 531 406 513 643
567 569 618 442 565 516 443 539
409 571 338 664 456 555 447 408
489 687 504 400 287 508 514 400
569 524 508 538 355 529 496 634
430 578 498 615 798 537 432 521
560 438 470 457 677 507 556 374
347 348 527 404 395 571 617 421
72 336 293 689 463 366 704 339
519 400 322 379 639 476 600 426
412 450 625 427 387 334 433 327
754 532 320 566 420 503 358 474
535 464 608 624 683 334 528 687
436 641 520 393 437 528 433 634
584 454 339 511 724 631 621 594
712 531 731 526 465 685 510 543
536 583 511 363 588 536 462 403
583 389 429 266 464 613 501 374
700 564 412 538 469 278 562 427
705 650 381 325 451 596 579 699
518 327 459 348 624 562 429 488
664 663 476 449 619 423 393 529
485 445 706 485 471 460 516 467
504 300 361 682 627 639 485 354
616 605 402 832 570 599 359 749
518 569 489 555 330 605 554 312
634 499 682 412 291 532 555 734
425 555 628 529 527 338 615 497
777 649 441 428 346 498 624 560
652 429 636 493 653 319 417 417
595 309 486 639 587 504 682 552
533 467 717 693 544 545 525 508
483 563 412 406 399 607 266 710
428 354 495 373 425 444 489 251
550 426 267 512 721 291 476 512
660 371 621 411 597 629 451 351
537 515 358 544 492 493 511 497
433 573 374 734 171 597 604 463
357 508 385 461 393 618 491 639
494 288 520 667 485 352 459 365
613 363 381 492 651 385 473 445
456 238 335 402 535 431 313 458
538 688 539 381 500 465 328 504
669 656 173 479 448 467 511 341
466 468 715 346 509 282 659 452
524 461 333 527 536 386 514 482
689 609 597 528 510 434 385 619
364 487 350 464 442 573 358 189
545 618 429 509 469 455 571 561
583 499 520 504 540 481 337 516
534 524 637 578 602 364 578 481
387 625 328 306 466 826 521 616
516 400 600 361 562 244 364 697
696 389 588 616 567 492 267 699
419 614 629 459 536 520 391 495
547 674 684 363 624 252 468 357
613 558 307 404 520 489 459 466
311 672 632 593 500 540 668 434
483 261 518 505 441 567 540 660
375 433 596 482 495 776 351 489
409 617 429 541 589 589 530 495
406 498 521 562 482 718 481 640
807 717 588 466 659 374 400 547
537 526 616 446 671 583 439 647
628 541 364 327 505 340 687 760
410 710 535 491 660 602 448 566
600 785 570 549 607 425 589 381
786 532 495 728 409 424 478 446
700 375 552 392 328 238 629 380
427 543 590 391 567 697 531 421
348 519 499 608 560 432 326 332
514 494 503 429 577 560 685 528
506 552 455 610 535 546 619 700
524 461 558 430 447 703 482 377
459 421 456 301 477 425 648 623
437 321 419 611 482 348 501 623
458 435 421 462 523 657 528 598
531 389 662 395 427 582 551 376
341 611 622 513 382 501 657 538
423 595 734 755 563 494 321 411
654 594 521 401 591 573 562 409
419 344 236 436 527 444 635 345
658 600 350 810 473 379 384 443
457 430 535 649 420 532 630 439
416 520 116 492 744 447 699 549
473 528 553 424 325 467 416 574
582 447 563 551 231 616 336 472
693 600 341 508 505 533 336 762
553 515 614 478 575 411 421 566
501 495 544 360 187 468 336 543
633 477 330 485 398 637 501 645
402 497 409 559 464 413 330 601
574 433 410 558 651 70 636 538
560 448 380 537 302 657 559 377
571 320 575 594 506 570 383 197
587 621 651 480 377 208 897 582
549 421 525 523 450 541 501 692
301 450 510 508 171 476 564 167
657 583 769 389 394 357 459 457
256 378 594 406 690 321 575 400
532 507 565 254 579 512 496 664
688 687 335 621 452 354 482 341
473 588 444 539 662 543 722 548
347 427 496 530 617 378 469 541
541 721 292 574 536 535 692 427
335 317 435 534 505 699 350 507
392 403 561 616 495 409 365 465
478 597 347 724 840 521 526 528
570 397 519 482 449 619 404 615
549 624 487 450 493 617 676 603
248 634 504 504 210 416 581 369
194 490 374 562 612 516 468 428
510 408 518 626 478 523 558 435
507 415 396 579 363 497 465 402
542 318 366 390 351 428 504 495
516 457 500 655 274 532 470 452
397 258 497 350 582 399 421 450
564 585 576 426 580 327 570 544
563 403 473 652 313 525 448 481
535 369 564 370 470 300 498 339
543 735 451 383 458 528 355 478
730 573 382 517 460 429 387 724
210 607 437 670 347 564 627 512
535 398 423 454 531 333 268 394
561 415 427 542 501 525 551 452
356 315 301 581 302 585 435 549
559 482 546 535 629 334 521 438
427 437 653 332 479 419 602 379
467 612 614 479 500 574 488 405
326 522 365 528 372 525 427 411
745 464 659 286 410 644 434 575
294 490 437 558 378 386 560 495
633 353 559 466 305 501 395 459
273 337 616 571 404 552 356 356
438 462 340 458 597 622 393 444
341 473 241 555 529 505 564 342
615 555 446 633 533 513 488 537
588 245 337 499 491 371 551 275
604 588 421 481 429 456 581 563
499 273 707 545 459 680 381 387
693 538 507 546 566 440 330 651
531 600 390 541 267 403 480 489
657 327 486 531 623 287 563 561
233 626 699 436 704 523 250 463
579 539 641 486 287 649 460 761
512 573 362 208 520 517 477 505
562 508 669 531 654 627 690 530
669 499 456 374 391 277 738 570
712 437 346 510 463 635 474 462
779 282 466 582 438 440 655 759
622 421 712 591 570 307 453 637
461 560 516 548 468 618 709 312
466 589 654 410 521 219 444 744
499 266 608 489 565 547 527 403
305 511 609 402 408 557 728 709
373 576 521 553 490 441 640 389
537 701 499 572 649 398 374 393
746 454 510 428 406 450 640 539
562 449 588 547 339 556 376 614
499 391 561 387 545 315 531 555
382 381 392 359 511 436 394 520
334 531 653 779 395 394 339 702
717 700 423 708 471 288 285 562
324 603 623 718 445 391 406 487
421 480 637 477 394 504 356 497
657 416 398 478 754 496 351 571
572 675 537 354 340 458 652 398
548 430 549 676 529 425 553 765
451 544 616 620 591 545 677 643
446 554 542 453 262 606 442 463
539 392 555 667 527 644 420 565
493 251 638 495 553 475 470 466
447 464 429 423 360 827 421 532
351 489 387 416 416 529 417 690
515 273 545 725 535 560 465 574
635 544 439 878 424 510 478 796
711 514 484 630 637 591 464 588
697 628 432 686 345 749 628 469
686 605 565 576 697 471 659 546
624 341 663 623 606 589 690 324
682 734 702 747 634 570 845 520
562 464 678 701 790 598 505 646
454 691 678 541 637 536 607 614
643 547 600 651 448 702 720 645
554 607 352 703 587 655 645 484
607 587 846 363 742 675 738 680
737 535 709 607 830 869 770 546
616 611 798 620 406 735 303 486
489 676 855 651 503 640 684 560
703 614 539 568 656 545 567 605
712 431 488 795 753 492 762 670
411 824 554 636 561 616 511 740
456 620 508 543 578 664 498 584
797 395 690 652 572 550 533 666
609 753 626 595 725 734 565 454
701 676 621 468 664 481 517 678
523 603 681 773 527 597 783 506
702 610 659 618 413 664 461 600
625 805 664 591 487 531 552 850
447 613 790 564 493 431 524 526
814 525 493 799 651 431 513 646
531 368 726 645 471 692 442 496
579 600 524 764 840 636 704 623
666 458 611 786 636 530 780 675
663 522 645 602 523 749 496 531
740 624 653 807 728 745 747 461
389 478 520 574 579 631 372 608
436 617 723 593 594 671 775 619
559 549 841 649 759 677 710 570
612 594 557 946 758 755 398 519
701 403 647 639 480 545 445 736
443 749 388 754 713 433 647 706
574 473 426 610 458 635 782 820
485 620 483 631 585 713 499 614
695 607 599 622 631 627 555 443
640 702 547 599 669 608 787 427
534 581 540 594 543 529 662 761
522 576 614 721 369 548 622 519
601 696 589 400 550 644 654 485
721 668 627 507 755 331 528 605
649 893 463 559 752 554 608 472
464 649 550 496 488 499 644 661
618 520 269 534 365 671 649 531
493 279 736 636 606 492 736 617
512 331 585 592 555 537 793 588
486 717 582 598 759 621 661 592
780 719 822 589 332 531 594 583
508 429 619 729 646 415 424 595
655 538 532 408 676 599 563 613
422 404 515 664 606 563 678 374
872 663 565 456 685 483 467 653
514 504 649 420 647 551 421 608
670 641 519 791 553 680 625 705
597 620 639 667 457 504 872 538
475 714 344 528 656 234 701 642
466 456 586 439 496 766 587 551
265 677 522 519 554 462 659 769
628 714 691 700 638 689 619 593
473 781 577 474 485 610 576 628
515 597 655 653 550 753 746 632
444 448 420 548 623 676 407 482
600 379 506 363 926 614 622 519
528 616 741 746 782 592 643 438
883 840 668 364 581 348 854 760
755 531 629 470 659 442 491 537
797 607 762 744 644 641 565 632
692 411 716 607 775 747 480 513
623 561 615 656 562 580 484 312
659 502 552 582 693 457 693 680
607 456 568 463 637 792 681 435
561 864 399 626 646 561 682 629
534 495 742 445 579 540 450 617
628 603 688 536 613 594 561 769
377 731 669 757 752 664 602 519
540 558 613 427 677 557 561 374
584 503 265 787 522 687 416 783
557 339 530 844 693 673 522 459
509 571 524 667 727 778 451 334
616 549 734 923 543 578 813 643
785 436 554 694 498 352 524 710
528 594 728 657 519 785 729 459
253 542 697 693 693 383 775 631
644 734 804 459 597 644 728 736
484 768 432 750 642 666 645 577
406 660 683 738 619 589 493 608
630 463 582 730 321 771 667 718
687 765 750 736 659 554 602 649
605 282 686 666 543 519 461 616
455 841 394 531 536 643 754 614
557 558 662 623 717 577 696 634
542 399 499 423 712 600 594 645
632 521 563 825 673 394 693 732
703 520 760 645 667 413 735 492
569 429 677 649 400 801 558 529
631 379 539 598 770 723 731 448
780 674 790 616 839 591 735 736
564 552 504 721 745 568 547 664
341 568 529 774 676 556 473 354
687 799 673 666 343 584 715 718
639 586 476 780 721 721 667 708
654 440 753 624 479 642 515 764
608 544 584 594 665 769 591 570
562 464 631 553 537 700 548 587
460 432 594 515 634 467 547 449
674 649 571 509 307 661 535 745
632 481 473 773 615 505 702 520
754 762 479 628 466 591 701 639
567 738 663 560 562 654 551 543
442 629 570 573 689 515 622 775
584 386 531 410 492 676 699 737
565 689 599 656 658 587 639 654
545 721 657 404 444 775 462 611
670 537 678 714 805 771 563 401
658 530 449 641 638 510 552 836
589 377 314 581 604 856 884 764
631 610 732 628 549 893 724 659
617 414 527 512 562 612 497 738
650 584 527 601 628 592 577 541
575 658 671 528 744 444 734 357
454 761 376 639 532 400 716 692
424 646 570 217 633 706 824 816
450 630 559 392 672 648 680 490
707 688 759 462 513 702 515 666
478 386 712 474 894 699 674 600
518 454 761 545 625 584 611 491
667 759 673 523 555 725 674 739
665 771 535 749 446 692 647 813
926 545 436 684 766 782 453 417
735 663 677 561 767 450 401 589
661 675 530 576 341 708 490 826
702 580 612 492 579 692 643 581
772 644 351 607 632 396 428 548
435 765 665 662 496 583 471 859
586 669 737 318 495 701 666 544
586 512 650 441 711 603 621 549
538 653 446 720 566 639 532 683
618 636 774 539 440 386 651 449
592 535 406 444 700 699 682 585
512 560 429 447 599 812 915 697
467 693 730 808 506 451 640 521
719 665 634 797 666 593 671 716
580 626 754 619 487 593 740 634
653 576 675 740 711 437 748 545
547 627 335 555 677 607 336 700
425 572 409 686 610 484 758 549
525 563 704 529 620 657 578 537
689 649 411 541 487 689 388 613
652 628 738 528 693 630 530 576
613 556 426 440 733 597 619 640
453 767 784 421 470 617 746 474
830 619 672 428 542 545 397 596
569 739 801 573 673 868 705 690
710 717 654 659 653 540 550 659
844 518 689 340 538 803 706 508
396 594 613 649 653 709 709 683
566 547 471 622 673 644 524 446
385 432 789 384 532 735 396 452
588 703 556 648 590 576 656 464
690 857 353 691 577 489 657 487
587 507 384 450 636 767 806 600
497 643 595 780 544 591 685 757
445 419 783 869 694 510 670 858
659 582 681 618 638 674 878 745
547 454 585 606 457 561 579 488
832 578 660 533 578 534 629 613
534 660 582 788 383 528 617 472
725 623 577 536 487 805 642 647
490 656 754 735 791 664 461 672
870 540 657 445 574 609 671 834
587 795 832 682 762 483 660 806
559 430 384 516 674 531 511 675
460 554 495 663 785 600 574 705
790 689 635 712 833 847 488 534
712 518 577 700 505 397 620 584
594 619 664 965 885 586 566 634
665 406 498 431 560 694 636 616
448 473 550 570 640 453 472 542
817 752 649 416 664 765 462 726
696 676 518 588 781 631 469 481
431 463 618 620 795 537 626 601
602 727 661 577 612 712 538 597
794 345 517 834 501 612 870 567
685 445 663 640 800 483 822 488
435 729 693 735 609 565 701 376
871 692 716 432 674 645 666 659
622 695 454 594 679 844 581 516
700 627 624 668 783 693 669 507
509 453 546 570 753 777 598 659
428 548 620 720 463 694 467 400
626 588 369 600 753 456 568 507
591 530 655 640 516 764 604 390
641 723 650 619 669 519 587 857
594 639 579 578 367 648 576 586
540 526 784 730 537 726 770 682
533 790 460 667 466 695 570 760
726 806 516 590 518 586 742 528
788 511 611 534 480 531 403 728
510 559 393 708 536 411 762 592
696 680 652 631 525 523 697 717
729 718 524 645 415 682 435 616
526 630 658 921 450 628 644 645
389 400 574 617 583 657 431 586
657 678 388 589 501 294 490 622
583 417 512 592 440 668 588 803
498 514 626 691 517 737 648 662
556 527 556 671 622 605 611 473
425 548 572 626 655 549 557 804
789 961 653 479 621 705 811 541
463 688 371 663 773 664 728 626
760 406 583 603 674 415 711 496
571 356 513 529 705 544 706 491
549 593 696 598 611 691 448 757
658 629 665 819 601 621 418 590
630 509 811 815 502 578 512 617
659 715 562 519 703 539 469 650
570 635 671 588 489 537 693 456
488 734 774 806 545 575 688 596
544 643 643 621 352 752 384 693
646 490 551 383 551 700 447 389
572 741 664 775 742 322 652 619
530 469 634 670 705 622 555 641
562 476 558 546 522 592 338 575
466 600 545 373 642 451 435 738
773 708 505 550 561 819 597 653
618 456 642 631 512 584 549 757
518 396 620 759 576 671 343 497
608 548 642 932 507 594 505 505
684 803 562 475 455 555 657 561
731 785 607 517 575 529 670 703
864 620 714 595 619 639 728 406
719 435 713 468 699 646 418 499
714 485 614 731 697 705 693 481
548 521 459 507 554 670 542 708
582 587 312 456 694 693 491 767
696 678 713 789 466 732 619 586
620 505 726 500 769 653 775 805
607 730 595 624 551 536 668 528
691 792 652 720 672 688 589 576
684 503 734 585 786 655 446 652
832 538 754 606 567 560 521 638
662 605 475 616 743 746 568 726
447 720 604 667 753 768 714 720
424 717 480 538 660 353 738 478
605 568 782 532 603 447 575 523
555 550 433 520 541 341 722 697
564 509 589 623 735 664 543 627
493 456 656 585 813 638 285 510
667 567 577 447 548 473 560 530
544 818 587 489 708 704 612 742
522 686 785 524 625 506 429 697
255 532 724 417 524 482 530 515
724 819 551 576 509 616 763 398
484 438 693 569 580 533 728 542
578 577 518 709 378 692 479 495
402 662 540 577 696 619 665 457
520 375 791 744 440 639 657 564
542 536 545 559 632 652 395 557
897 583 694 498 574 672 624 739
639 609 838 651 606 485 690 652
469 483 667 608 233 792 728 526
544 687 446 713 645 754 653 622
789 560 695 681 573 688 494 774
458 535 422 658 684 679 525 681
517 696 638 716 601 742 592 610
466 785 459 584 824 280 436 694
757 635 572 767 479 484 709 672
563 471 476 644 506 680 399 694
356 586 445 780 541 483 624 773
773 792 781 587 812 481 658 612
538 682 584 471 606 540 573 455
604 546 623 591 558 770 567 420
679 380 495 787 544 583 372 587
719 605 437 636 858 443 438 534
558 775 518 560 532 827 694 591
685 489 524 721 587 444 508 636
710 603 709 753 514 642 428 653
315 495 595 609 719 615 725 734
579 541 596 896 619 482 785 610
508 636 879 284 543 553 439 558
715 586 618 732 625 534 666 524
684 515 523 483 552 423 662 738
517 763 500 663 779 719 608 524
588 824 570 543 687 638 706 466
442 731 708 578 493 521 430 643
862 462 673 738 715 769 601 668
731 614 519 629 692 709 553 543
597 905 523 714 734 401 774 440
626 441 513 542 689 537 588 855
499 826 689 703 417 419 471 451
825 703 588 615 532 597 647 396
480 596 640 486 802 608 466 668
498 760 745 588 529 691 634 649
720 486 543 647 626 644 592 727
726 610 474 460 610 470 748 621
576 598 562 629 618 564 556 448
708 791 512 748 515 653 434 564
510 652 773 728 690 696 536 619
510 700 418 527 658 728 719 568
427 624 498 536 669 642 839 628
824 615 634 431 804 308 561 470
781 613 483 544 669 565 666 627
499 620 487 547 537 412 732 637
465 558 568 472 682 644 347 440
439 647 775 512 578 660 602 736
507 629 448 515 688 677 809 760
815 607 623 743 509 658 686 433
591 563 646 419 602 603 731 706
650 838 736 733 588 350 572 603
598 664 611 681 621 603 602 537
483 551 877 494 804 452 481 932
680 677 510 439 471 363 725 792
610 776 558 772 793 653 736 638
575 498 676 582 889 680 436 455
360 647 580 521 854 672 561 605
689 719 498 589 508 414 587 666
731 428 364 766 491 688 522 561
444 407 504 571 549 693 537 574
664 559 575 674 712 534 643 627
607 651 767 709 480 571 797 792
514 653 653 443 588 609 414 743
537 491 520 482 463 705 722 482
689 492 584 548 513 728 713 615
650 795 784 494 576 573 590 459
712 600 542 643 645 630 703 428
627 651 600 652 643 513 589 547
469 605 828 656 601 806 727 639
749 571 547 492 664 618 642 821
488 661 591 683 761 673 324 438
526 737 817 463 669 574 617 616
789 541 439 623 623 553 525 938
522 541 673 549 759 620 585 414
491 663 566 808 723 574 970 760
620 705 782 580 767 402 676 548
663 534 699 597 592 634 520 519
806 654 819 787 294 647 637 720
822 432 642 526 719 679 574 465
650 679 558 611 694 488 409 776
450 324 585 431 591 584 754 782
585 660 673 530 457 524 677 826
589 835 633 684 454 667 519 582
468 443 688 658 618 606 459 599
538 705 633 541 608 554 691 525
706 804 536 456 619 641 626 584
412 556 526 592 752 501 641 815
590 703 584 579 577 651 816 627
560 617 302 508 640 634 622 623
547 752 761 510 612 553 611 797
602 496 609 622 674 561 460 535
628 498 656 499 630 729 640 452
764 727 625 491 534 583 537 455
566 624 636 532 699 532 493 634
763 629 736 755 610 542 523 566
740 530 770 515 535 663 413 484
585 600 473 540 544 727 480 581
456 454 777 674 504 668 620 601
718 499 765 479 455 617 495 632
638 581 746 665 639 612 813 669
663 405 755 755 727 709 518 594
499 804 707 666 430 570 541 673
588 744 524 549 629 662 414 617
569 765 683 580 677 623 634 742
677 575 546 609 608 533 644 801
714 576 499 750 551 641 743 480
718 601 324 698 463 380 711 614
569 454 637 575 733 431 501 557
596 650 539 660 705 561 622 416
339 623 583 693 639 795 412 624
641 768 456 543 509 629 621 627
471 395 783 241 718 826 600 732
514 563 786 605 572 610 509 775
665 728 686 612 736 698 398 413
452 498 544 577 609 677 623 712
692 650 618 597 606 549 500 555
385 638 452 561 692 618 638 666
366 543 683 740 456 565 513 738
763 638 530 663 429 770 556 582
631 643 514 655 490 723 466 646
637 446 708 589 612 791 704 522
569 667 545 507 684 654 538 557
592 747 679 456 612 562 483 766
704 500 445 647 687 595 674 536
767 515 611 457 463 746 556 843
582 522 768 465 597 396 560 627
453 660 435 539 654 650 577 555
570 886 476 581 687 461 438 639
547 394 572 627 549 659 413 660
763 841 709 804 513 447 621 508
603 447 644 670 669 740 608 518
382 552 318 468 741 610 739 465
583 825 395 430 624 606 602 665
689 603 580 697 432 802 733 769
659 392 697 458 553 579 555 640
427 443 633 503 313 614 686 532
685 597 560 644 446 574 685 375
526 586 682 691 416 744 877 734
557 701 613 518 646 618 714 629
364 797 570 579 682 379 676 467
646 525 723 691 403 488 497 483
493 416 350 778 672 522 599 577
454 575 466 492 575 625 781 644
546 585 468 637 421 540 307 435
497 670 548 799 746 422 713 706
505 400 596 445 840 549 516 599
652 586 833 491 565 578 480 769
804 512 777 561 437 711 524 559
738 629 616 636 466 608 793 697
765 620 752 493 604 602 698 490
551 520 651 632 584 683 614 625
287 553 426 649 503 740 551 379
783 702 670 538 552 653 561 578
329 790 665 454 356 575 281 716
468 575 688 586 964 528 678 623
603 348 488 762 605 520 671 417
729 501 622 848 627 518 567 673
439 585 477 725 790 622 686 691
588 639 615 504 588 666 558 588
600 847 509 407 721 501 515 521
710 555 445 717 593 720 482 677
483 447 457 639 706 598 896 472
463 601 520 604 595 554 642 438
697 502 595 513 534 514 617 671
543 536 792 766 454 434 544 490
686 689 540 592 575 661 620 513
571 558 844 567 603 609 537 585
573 564 636 555 620 546 425 633
547 496 641 727 439 472 580 649
777 689 585 568 563 706 599 684
544 233 660 411 741 460 723 702
526 612 809 690 445 637 711 583
364 427 540 452 630 467 560 594
614 897 704 469 688 591 356 678
577 688 743 649 593 773 694 699
536 648 846 442 572 551 577 708
566 414 656 575 671 546 584 783
646 733 545 729 515 344 468 731
712 509 646 632 718 425 482 383
755 713 536 705 599 723 655 568
660 695 664 768 727 699 496 679
752 554 577 735 628 778 558 611
463 537 717 547 582 593 624 326
453 586 716 613 650 498 642 493
657 462 462 738 513 560 350 686
665 827 406 724 674 548 437 810
496 549 568 451 613 472 597 558
749 780 684 799 858 407 548 704
469 395 784 564 630 570 460 692
600 688 405 438 811 747 724 495
657 374 624 653 876 477 614 513
279 579 435 405 573 664 485 506
645 569 537 724 652 533 491 560
556 571 651 681 646 743 691 698
488 484 730 735 493 648 561 481
647 683 402 440 737 520 572 490
586 614 505 715 559 643 550 577
427 848 323 689 625 493 689 508
477 428 559 606 468 883 497 275
752 631 648 611 569 602 652 592
603 317 651 639 619 614 773 552
632 588 567 683 518 511 797 431
603 667 569 621 435 392 535 589
488 677 596 506 795 561 461 753
734 676 635 523 524 603 557 664
626 512 693 667 555 654 634 741
642 559 461 790 663 414 775 531
382 469 694 592 477 376 630 492
588 568 554 446 678 526 611 745
726 900 710 706 862 846 471 651
564 623 565 718 553 645 671 567
830 686 734 492 889 615 586 695
482 624 544 510 417 692 564 543
734 574 348 716 602 522 743 589
628 780 632 626 711 604 665 859
662 709 615 660 584 680 706 765
429 830 435 527 459 564 757 614
646 556 586 389 629 586 448 603
446 718 706 519 496 679 662 584
524 650 478 659 441 508 711 623
658 690 382 597 767 664 521 791
610 435 503 656 555 642 538 456
537 719 609 669 616 540 601 868
745 608 700 556 765 671 672 636
685 637 442 709 669 594 607 768
601 665 851 632 668 289 459 535
637 816 529 711 479 404 433 603
438 713 730 824 432 736 476 558
552 384 668 569 677 502 542 608
529 687 724 601 678 535 528 783
638 470 542 469 654 388 508 609
708 735 417 668 534 338 510 826
534 469 431 668 670 477 707 544
686 706 481 532 642 788 892 499
814 771 749 429 671 551 545 594
565 606 420 601 614 472 503 615
581 590 668 636 472 470 428 769
556 516 518 484 690 548 484 625
414 609 734 606 663 743 743 392
727 684 516 451 615 578 441 463
360 764 766 737 657 473 626 640
573 427 540 730 663 608 537 701
587 573 476 562 607 606 760 504
458 459 814 654 697 592 812 769
662 578 564 693 498 505 506 573
778 666 463 838 707 794 624 205
884 621 850 718 791 416 368 562
560 784 657 522 531 723 566 539
426 606 417 581 551 686 783 633
458 532 420 676 641 527 558 569
581 738 706 524 730 339 534 576
480 770 536 650 637 674 682 603
569 425 545 679 740 566 650 699
494 429 373 527 763 691 667 621
619 468 585 776 578 536 473 574
833 585 697 716 634 584 586 493
366 731 505 818 704 613 738 475
650 619 690 541 395 457 865 535
350 622 372 568 565 574 537 550
601 678 682 562 676 732 862 551
775 498 655 506 519 376 564 577
393 433 408 466 367 652 587 498
577 730 613 776 601 769 402 556
567 736 533 683 602 789 984 708
519 583 390 609 513 616 580 508
609 804 634 735 630 610 490 457
492 686 762 746 778 305 456 583
605 699 474 418 515 515 644 679
387 499 513 606 421 398 594 587
557 632 537 530 731 568 523 587
583 655 555 371 604 491 373 550
589 659 538 642 714 714 770 623
468 750 489 660 422 586 719 571
798 642 619 289 561 529 398 533
469 558 536 779 483 792 738 517
629 379 721 556 721 628 754 562
534 622 643 821 736 755 623 683
631 753 558 680 810 473 315 692
544 430 575 465 778 646 343 524
413 656 907 556 742 720 588 599
602 656 530 665 571 727 467 732
558 629 824 438 667 792 739 485
479 547 682 800 702 677 438 763
536 529 523 674 507 438 671 556
611 489 518 566 823 538 775 690
512 755 526 642 440 731 747 863
720 778 668 518 676 694 686 576
717 547 626 450 827 763 617 727
678 602 591 650 738 637 666 748
575 615 610 544 620 595 540 553
516 676 703 474 506 363 679 419
749 709 466 534 562 785 530 513
576 568 619 568 687 516 684 693
588 449 595 704 588 469 544 689
623 830 482 514 705 352 843 543
563 793 457 600 457 610 668 489
678 371 749 472 564 834 533 596
778 563 586 566 489 463 230 579
688 756 500 579 695 631 611 855
683 658 735 658 629 568 600 706
432 617 511 883 531 710 895 713
427 497 566 865 425 489 439 608
634 662 630 789 583 595 524 673
528 492 359 619 557 678 545 683
496 646 622 620 578 629 543 465
668 536 600 490 520 440 785 525
621 540 724 666 690 674 598 475
819 791 688 545 693 733 661 327
310 718 787 536 626 687 528 696
584 567 703 620 918 639 733 625
416 547 530 598 702 702 517 546
577 678 614 380 667 691 530 728
348 714 569 591 639 540 639 604
491 826 528 462 584 530 576 374
685 509 282 576 604 497 620 567
324 427 563 398 537 602 630 622
666 421 693 660 357 669 922 680
513 503 792 441 503 263 561 674
467 553 519 572 619 641 525 699
619 450 513 674 712 576 575 709
407 541 344 585 698 450 660 544
605 503 545 547 665 521 587 617
745 604 493 577 608 507 621 578
632 753 442 568 616 642 462 419
483 717 494 642 526 808 511 599
665 635 613 408 602 698 632 576
683 570 726 483 583 693 619 815
538 790 685 806 695 408 586 745
620 598 517 317 734 627 490 665
528 567 495 448 668 695 477 468
685 576 257 624 485 675 723 696
679 458 444 588 445 732 792 760
690 699 717 707 444 834 640 631
760 583 541 484 553 634 397 770
644 559 829 603 507 594 558 823
492 626 513 633 403 622 649 584
795 755 424 646 542 674 656 516
769 572 477 463 609 732 523 436
612 384 649 376 618 548 607 505
357 480 489 494 720 383 686 604
490 540 553 680 502 683 614 603
614 654 716 832 809 490 687 604
590 594 458 677 558 515 516 623
615 674 417 522 647 704 775 611
667 719 646 536 451 603 617 484
652 615 843 697 479 556 644 703
481 505 420 844 713 546 744 465
509 674 576 614 434 684 665 640
865 564 548 553 455 597 462 742
767 443 648 531 650 735 399 638
479 586 722 394 684 592 652 701
602 455 537 649 738 498 685 708
373 470 767 575 531 518 564 732
609 725 730 556 541 515 505 700
576 476 570 848 612 691 761 663
794 840 557 702 599 523 715 502
607 593 508 652 576 816 602 611
523 399 440 456 621 756 635 522
656 625 672 571 388 633 553 497
581 403 641 560 626 713 610 655
657 671 553 557 591 827 558 482
952 658 525 547 542 641 522 589
439 508 596 738 528 468 533 514
441 503 428 558 530 679 617 347
543 690 633 464 678 459 451 612
461 492 638 490 787 717 598 618
450 258 733 607 746 580 673 537
574 492 683 563 560 681 591 606
493 740 656 571 419 368 671 593
408 518 637 652 556 662 415 884
505 701 638 536 730 725 735 317
605 531 689 449 580 584 627 653
542 697 634 498 761 457 600 490
544 471 744 511 639 673 733 420
589 741 740 590 626 522 782 746
750 707 705 395 406 465 427 801
452 341 552 505 539 518 687 871
541 629 539 815 674 580 636 495
801 683 643 678 719 602 555 584
607 518 691 542 553 538 627 856
576 840 657 789 492 492 668 862
461 640 579 484 603 520 547 694
609 505 598 649 475 611 506 570
581 533 742 712 564 553 643 554
442 828 708 568 739 366 713 578
584 490 632 501 375 674 742 352
552 677 499 564 557 546 518 640
558 670 751 696 623 486 602 666
535 413 575 387 511 520 430 593
805 412 635 632 608 586 613 753
585 568 867 583 889 541 451 440
583 530 617 544 632 770 785 634
568 581 561 787 477 604 837 581
380 701 471 440 607 422 579 476
290 549 611 596 827 621 406 696
664 632 532 605 607 572 645 528
691 642 463 721 556 796 806 610
510 743 403 699 590 743 756 610
668 708 710 678 624 703 537 570
370 615 717 647 569 668 628 689
684 744 881 510 657 611 540 772
455 582 612 578 830 604 528 629
531 666 607 410 706 575 599 651
459 594 515 335 600 609 596 238
580 491 518 431 573 585 537 520
699 551 581 620 477 540 521 659
524 553 406 499 558 567 766 516
458 637 462 750 583 677 721 835
359 603 609 650 499 776 583 686
781 672 737 513 507 488 608 678
734 590 700 306 588 565 668 530
644 758 461 565 546 510 652 638
546 912 661 719 744 541 561 472
621 689 437 745 553 757 663 492
623 455 532 601 595 454 594 635
650 790 460 825 569 567 551 569
377 434 480 587 349 581 536 421
635 581 485 522 541 641 964 729
672 526 432 614 386 582 544 581
795 551 635 702 735 593 703 551
680 635 601 504 566 533 627 588
402 583 629 598 432 793 430 540
561 535 850 792 635 553 672 648
578 471 489 512 613 668 506 580
717 576 558 679 687 665 633 647
439 559 488 620 690 680 475 553
583 433 576 790 571 656 645 538
505 504 490 567 580 864 721 396
493 689 749 735 392 857 312 314
529 706 820 638 438 499 722 571
689 651 441 385 589 538 620 713
375 466 535 491 819 573 470 532
499 673 676 580 819 480 733 809
444 562 591 718 596 746 501 592
347 860 541 723 609 743 390 756
652 546 651 717 685 559 287 553
605 563 594 485 691 870 455 738
581 531 623 408 595 724 676 725
670 493 370 626 574 492 463 844
579 483 838 590 540 621 668 358
662 613 790 660 578 850 772 543
713 605 654 612 611 493 695 597
475 580 476 569 524 682 677 724
630 359 799 736 638 433 640 494
502 533 539 401 743 356 445 532
579 418 492 656 431 649 543 511
631 637 389 423 480 296 530 567
479 487 652 603 580 467 442 652
761 530 413 471 520 413 613 503
678 447 584 484 475 570 775 628
648 714 677 820 736 532 505 803
890 735 584 511 648 586 422 568
535 628 575 552 751 739 808 660
693 612 495 609 389 557 703 418
548 778 758 640 547 589 498 724
629 614 503 560 484 527 837 549
565 687 483 438 398 770 514 533
411 744 741 583 577 491 602 565
683 439 519 681 534 645 745 538
598 477 678 552 680 726 563 786
371 699 376 445 610 668 528 515
547 570 622 470 679 436 668 607
658 678 482 575 756 655 666 585
522 660 617 787 670 752 379 462
824 440 528 627 589 533 602 753
718 456 856 685 557 617 714 453
767 701 619 525 545 501 674 796
624 587 390 282 516 529 568 745
699 491 491 616 500 622 569 805
556 600 577 682 687 588 510 591
501 691 499 848 601 571 558 606
728 480 602 361 640 534 824 475
532 422 506 600 674 505 282 578
567 763 760 706 525 582 652 369
621 613 398 497 700 675 604 599
460 469 618 720 702 680 551 502
363 681 607 397 588 450 502 755
774 395 433 784 804 589 708 725
547 339 703 637 429 665 586 548
558 605 561 743 812 434 706 716
637 615 522 534 738 623 578 629
652 488 519 627 662 654 613 647
720 443 629 629 641 551 641 578
667 784 595 671 647 758 606 480
572 542 605 681 483 386 554 446
555 742 621 652 517 702 482 538
533 319 433 808 658 543 536 576
552 689 630 630 541 645 481 466
775 752 737 536 541 834 723 565
566 603 583 472 865 646 600 713
655 669 604 504 518 676 624 368
539 447 315 678 419 552 624 675
610 664 640 717 590 634 410 494
656 658 725 703 762 260 598 483
677 675 634 542 552 777 782 414
728 694 652 766 696 477 626 572
695 386 604 815 687 674 643 626
642 731 660 558 878 458 727 532
571 653 587 720 484 531 604 365
548 576 556 608 667 618 726 546
728 338 461 529 645 680 520 663
675 598 570 749 688 508 623 704
605 687 599 483 678 452 611 606
736 659 386 664 530 730 642 675
666 368 381 717 590 585 521 792
493 617 635 773 520 416 789 624
726 805 711 259 525 408 530 799
525 540 499 782 590 597 510 726
537 638 658 571 438 767 471 658
490 728 609 450 690 695 616 620
560 798 592 545 476 549 614 621
571 680 502 636 541 695 684 831
483 445 543 741 526 711 586 636
562 646 644 543 568 540 540 675
548 858 691 675 658 512 654 583
664 703 780 571 811 699 743 599
683 645 556 680 530 318 525 575
785 687 574 742 506 622 610 742
581 637 663 575 560 551 510 526
559 491 449 627 660 610 574 493
580 625 677 417 477 405 562 731
717 523 671 746 473 532 387 712
419 377 797 786 506 691 575 628
634 564 491 541 461 393 485 563
632 447 327 483 535 297 653 587
571 558 506 525 505 637 576 510
361 586 494 652 652 614 628 606
446 744 444 369 629 914 666 380
566 495 766 696 556 662 639 811
524 525 543 516 610 667 694 707
463 656 479 565 619 543 736 567
496 599 527 656 615 678 493 710
752 441 435 729 687 771 813 771
723 552 452 578 490 660 340 401
649 604 642 712 566 538 731 675
739 681 580 538 624 682 775 178
715 519 658 569 694 535 552 432
568 774 755 628 391 621 806 629
746 499 578 730 574 527 653 937
410 693 744 674 673 736 474 594
767 508 688 475 511 473 705 498
634 704 613 597 651 729 399 591
530 394 652 622 741 662 627 559
573 616 469 793 382 568 664 560
592 421 536 767 801 537 581 461
537 669 474 518 359 671 588 647
702 537 716 666 566 613 926 537
629 583 574 638 733 426 761 626
312 659 665 601 553 724 617 569
708 717 648 773 543 766 579 464
566 500 588 730 640 384 556 519
656 760 662 804 536 617 794 602
453 846 597 630 549 564 491 657
498 475 564 741 519 448 672 584
567 544 469 687 609 627 560 611
723 772 564 268 717 517 573 572
778 699 649 501 624 678 528 842
719 622 719 563 586 771 670 525
548 560 552 865 593 713 617 548
685 338 635 278 520 534 629 687
555 625 693 573 510 559 531 742
634 551 516 450 866 652 504 503
630 577 584 784 344 636 475 569
673 613 786 807 521 713 570 598
758 497 595 551 659 631 807 419
778 573 569 672 379 396 619 496
608 427 521 494 605 554 610 723
627 351 459 712 477 531 655 682
747 552 632 742 700 481 694 627
581 596 624 635 675 469 542 416
625 479 695 539 529 687 468 729
527 643 641 435 480 610 447 563
469 518 551 725 593 560 324 792
545 616 723 583 630 561 499 475
586 638 829 625 729 572 315 366
511 582 619 689 518 680 609 406
704 755 641 591 529 310 576 399
547 595 577 659 674 745 465 591
590 487 832 757 704 402 574 674
596 581 458 668 787 430 457 633
477 329 558 349 510 681 504 626
630 495 507 522 732 572 499 691
708 531 582 707 654 590 682 672
590 755 546 534 606 529 914 587
550 518 529 544 595 537 630 654
633 463 813 502 381 942 795 365
543 593 463 697 585 506 270 648
607 552 611 798 777 513 700 513
710 477 725 658 673 613 664 704
503 555 539 526 700 488 796 388
729 670 426 674 662 463 532 656
539 460 513 450 436 769 558 535
752 487 518 463 615 689 809 886
658 627 327 547 500 600 490 685
639 467 368 555 490 623 332 592
463 523 288 470 750 629 567 546
501 589 737 511 567 615 634 469
722 674 712 641 492 526 800 561
642 791 583 456 591 453 606 547
772 638 448 498 688 599 652 487
540 555 579 704 342 634 676 433
708 594 714 605 547 465 871 635
486 840 680 701 547 721 632 533
738 511 633 422 493 637 618 367
697 469 494 611 628 673 706 498
763 571 466 881 748 499 683 609
435 467 512 456 729 367 921 513
550 678 391 519 585 407 678 787
715 608 707 583 436 690 797 520
615 515 601 538 612 679 405 763
531 501 746 620 658 584 435 976
394 614 530 814 652 725 484 436
510 795 531 708 605 606 681 423
719 727 630 526 514 458 726 452
164 636 496 620 673 140 677 728
606 366 658 653 554 816 745 696
702 613 726 425 513 477 696 719
563 620 759 641 561 691 799 509
421 734 638 670 633 562 644 705
587 510 599 626 625 576 678 524
545 767 388 546 612 568 510 426
667 590 752 644 579 513 429 698
734 479 423 608 554 677 588 671
666 351 788 775 603 548 655 665
405 582 566 632 677 498 451 576
566 428 631 690 577 694 652 548
728 599 843 727 504 640 561 661
601 550 741 597 437 482 419 653
687 590 765 628 342 457 646 630
604 584 502 869 634 508 557 585
717 436 486 538 626 704 420 628
506 665 564 639 555 755 673 629
670 849 619 580 732 358 655 516
528 1099 690 521 598 585 538 639
786 674 433 475 590 465 551 527
766 647 614 651 330 708 310 293
773 863 855 882 668 455 328 654
768 778 638 695 528 822 585 749
453 699 678 588 769 704 793 846
909 561 584 597 426 573 524 546
484 770 730 449 765 620 445 429
478 742 529 521 677 549 666 496
482 626 711 437 735 568 535 604
391 554 501 740 484 641 562 605
668 456 686 760 519 673 728 423
812 626 557 600 693 522 515 749
695 639 651 527 589 540 540 748
496 588 686 628 600 455 546 779
581 617 638 593 1039 581 764 547
581 592 555 524 576 796 718 636
550 561 626 538 629 478 769 609
364 539 588 603 555 445 753 724
560 587 541 433 596 646 515 492
693 713 599 642 665 699 659 601
578 638 600 570 818 404 616 571
514 292 790 734 254 523 397 540
724 471 383 643 633 354 494 522
714 529 628 671 555 404 649 520
632 588 824 556 826 671 761 589
742 623 461 457 643 708 596 775
566 524 524 614 512 476 664 616
596 646 651 424 431 842 620 803
866 683 420 379 670 269 602 530
428 551 543 811 507 657 706 682
600 659 495 519 556 471 637 427
674 469 775 419 655 728 621 721
734 628 468 381 701 695 656 388
737 389 761 669 534 744 583 543
577 357 686 520 547 771 453 597
779 946 560 585 738 401 851 955
423 413 510 558 537 773 547 900
532 805 472 592 626 655 621 624
495 787 721 752 397 576 628 515
602 595 556 697 719 502 680 714
618 528 642 695 684 413 732 511
395 628 616 539 565 614 613 718
706 507 608 537 576 737 650 528
715 651 396 453 443 618 452 648
732 624 606 777 463 498 628 510
705 518 498 624 463 552 647 812
574 772 476 665 715 732 534 538
621 518 574 540 614 582 791 701
779 488 724 603 790 552 681 658
644 675 619 582 601 582 676 721
572 746 504 554 713 588 482 685
580 613 686 584 617 440 720 556
753 462 645 645 602 606 744 601
752 498 572 707 517 655 775 497
786 647 518 624 747 469 676 481
720 1021 742 608 593 574 608 341
420 601 679 648 741 658 567 575
342 422 685 657 781 660 643 577
314 669 619 748 593 617 551 405
404 593 531 699 430 452 692 651
590 699 594 749 762 652 538 546
500 876 700 778 482 675 431 639
547 501 569 578 692 459 417 192
641 872 588 687 568 460 695 632
663 761 593 650 645 536 486 667
657 595 805 528 677 396 549 458
705 556 695 499 667 611 592 545
625 505 667 623 561 721 616 583
693 536 642 457 725 627 643 541
675 644 595 353 587 513 576 830
591 812 809 589 616 516 565 787
511 680 468 803 579 611 657 735
613 615 523 639 766 735 603 651
946 462 527 620 706 488 468 636
494 711 557 726 604 435 546 831
675 628 603 613 752 529 516 409
340 475 704 598 432 747 492 493
484 781 752 635 572 782 636 686
615 632 575 526 629 652 612 548
693 751 827 528 607 563 663 701
632 571 373 710 566 689 653 575
764 605 656 530 576 702 590 630
741 755 703 602 702 539 708 630
784 685 607 592 550 792 576 300
643 439 812 623 570 592 631 505
452 678 712 562 631 406 572 506
392 610 699 683 463 440 603 602
452 458 773 653 599 727 668 745
693 568 735 529 612 575 781 495
688 614 538 493 504 493 706 612
737 483 230 585 739 751 588 575
545 480 713 380 640 539 657 725
792 724 470 703 559 592 509 471
473 729 609 548 645 695 849 756
585 633 559 789 659 427 517 565
706 780 526 756 660 501 693 583
743 495 480 842 584 454 621 678
554 527 706 610 588 559 561 579
493 671 622 724 444 644 794 646
802 643 522 919 664 480 832 801
634 409 517 706 319 697 799 479
645 608 753 631 296 395 509 570
556 553 688 492 615 685 493 625
649 549 587 534 523 596 550 813
552 801 706 474 588 776 719 501
532 614 578 628 535 618 486 487
737 422 556 733 745 614 686 398
553 713 577 646 498 682 743 647
614 527 461 671 767 614 473 637
704 579 445 588 687 408 559 651
506 1078 655 629 659 716 464 724
448 433 534 619 533 457 683 554
494 599 546 764 518 695 831 666
565 631 535 882 569 741 552 502
599 690 591 709 647 475 746 627
802 722 446 609 603 924 514 515
642 441 577 634 528 391 610 585
646 492 526 567 466 717 749 487
521 881 695 514 690 496 527 576
702 625 499 696 797 429 760 745
658 645 681 687 624 396 510 647
493 613 547 512 757 554 700 544
459 612 550 596 502 710 594 611
637 397 623 560 680 374 287 583
515 713 485 643 622 586 657 471
678 606 621 515 508 524 520 593
687 418 512 581 713 570 599 501
558 571 654 802 819 625 679 551
