431
563
518
404
463
605
346
473
581
445
457
494
595
459
472
472
640
639
564
525
547
595
440
575
420
459
558
409
491
445
484
322
387
455
559
489
500
544
444
518
449
390
475
537
522
499
652
526
562
642
418
434
611
449
502
568
557
612
595
568
451
551
520
416
590
551
503
485
424
513
530
447
574
430
365
566
474
492
447
398
580
456
606
551
480
431
453
423
633
510
573
419
512
575
479
566
431
413
524
476
541
374
545
665
498
502
511
382
527
398
473
579
453
532
564
518
413
479
625
371
482
465
508
548
602
483
552
532
530
464
437
430
452
520
548
521
465
615
597
477
448
508
581
521
535
487
529
598
485
509
516
518
410
381
435
511
535
466
588
491
501
488
509
545
542
443
597
430
505
483
433
495
453
505
526
594
520
461
475
509
506
593
589
477
465
337
465
438
477
525
511
498
513
492
513
294
483
493
478
486
545
462
640
544
500
487
494
442
494
518
537
537
483
410
457
603
557
524
452
500
420
465
484
477
561
410
445
413
421
508
398
548
484
504
521
472
566
488
538
487
519
518
516
438
528
480
540
363
407
523
619
553
457
392
547
495
538
507
502
688
500
490
492
463
563
477
540
518
578
527
423
416
590
461
416
457
580
410
445
458
420
425
403
471
477
457
395
580
415
518
432
543
561
444
378
544
619
526
510
552
549
447
458
539
491
584
455
548
522
492
575
543
436
541
588
492
484
457
499
544
448
414
476
412
533
473
388
478
488
529
491
619
467
496
493
482
509
534
585
400
468
472
560
477
379
506
498
511
434
609
479
488
443
441
422
475
439
631
380
428
474
543
474
543
437
504
611
438
527
513
357
463
572
509
423
544
470
523
524
429
550
436
417
444
478
507
451
547
516
456
557
574
494
486
387
474
481
516
489
516
598
466
469
417
499
562
389
458
502
554
524
521
486
531
565
391
546
494
466
345
412
608
456
431
471
453
508
597
463
510
427
597
512
431
558
576
510
396
614
520
574
465
475
507
571
509
420
517
604
504
508
420
411
459
479
507
511
602
504
568
497
592
381
462
563
489
559
525
560
539
543
595
563
563
501
463
458
548
345
417
439
484
333
580
538
626
568
566
643
464
404
485
447
484
433
536
533
498
520
491
548
504
483
559
580
585
437
466
392
485
526
492
623
474
431
536
510
535
519
516
365
454
462
478
471
526
538
428
544
537
530
410
528
505
561
614
601
507
500
540
429
408
470
578
479
596
323
399
492
557
496
494
492
388
574
457
569
496
568
522
493
514
406
500
609
583
437
532
516
552
506
485
585
514
580
562
479
489
623
512
452
424
562
510
450
543
510
394
537
585
663
502
515
602
511
518
460
411
558
419
573
450
517
476
575
519
625
431
526
503
518
602
537
427
534
474
470
567
462
476
502
560
537
485
483
426
452
458
490
626
457
481
369
538
400
442
566
366
506
551
597
441
460
615
498
453
454
438
472
569
556
425
514
474
550
490
524
490
361
503
419
548
457
461
499
537
489
605
605
609
485
406
578
474
502
540
398
604
556
522
557
535
507
480
453
518
523
569
513
446
400
492
498
494
403
568
568
448
551
561
502
440
603
524
484
549
603
468
544
624
429
465
462
490
487
519
448
460
519
510
556
526
549
427
476
618
525
548
517
527
485
727
475
498
346
570
465
496
466
491
482
497
497
490
489
583
556
556
453
580
572
465
597
457
383
570
492
562
452
420
578
410
401
377
322
434
362
498
358
430
648
522
503
397
484
503
398
508
576
478
487
370
411
567
458
441
456
496
426
508
413
549
433
584
499
446
558
413
465
500
492
372
441
511
416
581
532
467
486
618
560
524
410
604
567
491
465
488
424
470
549
385
480
507
507
425
425
569
422
564
469
569
473
426
555
499
592
557
485
471
501
512
444
554
475
473
466
515
456
509
676
497
472
394
503
429
476
510
390
510
519
417
475
383
600
521
489
490
572
494
521
597
478
430
448
591
506
468
562
564
470
438
400
386
483
443
618
504
376
590
510
545
543
519
533
515
430
523
565
487
535
527
616
484
481
493
493
355
459
519
499
449
458
477
449
467
466
557
565
559
527
455
561
480
501
585
505
516
410
531
438
564
488
358
477
485
531
543
479
564
298
455
429
420
561
553
451
575
506
473
456
450
530
541
515
370
519
536
457
503
381
422
479
480
522
424
478
469
534
590
610
400
497
429
496
527
505
497
594
546
483
502
555
539
473
387
425
509
386
490
471
564
416
377
473
540
568
442
530
429
452
536
546
436
530
381
487
428
449
419
535
535
456
524
517
492
637
446
501
476
476
510
481
445
618
571
515
747
507
552
535
704
659
554
539
616
620
595
528
593
651
615
511
646
465
679
615
531
646
603
581
587
651
531
631
571
613
463
633
612
603
594
648
453
643
671
654
678
618
584
730
558
580
528
641
654
701
599
549
625
523
648
642
569
619
566
604
608
623
572
600
627
519
654
664
624
576
604
468
655
593
629
624
539
604
593
731
474
675
640
673
643
672
566
658
604
722
743
690
572
608
606
705
610
497
672
443
540
541
640
735
627
549
621
644
579
655
608
568
583
630
571
582
602
660
510
540
703
681
543
686
637
500
719
576
619
579
609
553
674
524
610
551
570
588
634
546
591
705
491
648
627
585
574
564
635
605
681
614
597
666
671
582
523
654
640
611
530
634
537
556
641
559
602
643
692
561
598
697
550
654
606
631
609
501
634
526
600
613
709
634
595
540
563
574
733
519
607
701
581
543
510
560
561
713
560
543
706
627
511
554
624
563
477
667
624
532
649
516
545
589
600
560
687
727
619
655
612
635
525
606
698
619
563
696
640
634
559
624
601
559
679
545
564
674
613
628
710
668
677
678
526
488
535
558
586
589
617
479
604
513
609
665
596
597
637
693
610
578
573
728
626
685
641
658
584
606
597
577
784
684
682
493
557
654
496
625
621
537
571
518
672
517
679
488
682
660
511
625
656
586
533
508
606
524
619
696
717
539
611
538
616
592
660
546
608
650
604
600
612
616
614
576
517
621
654
572
600
637
604
699
508
565
590
568
597
570
562
633
685
559
587
607
664
477
572
612
557
600
651
594
494
573
623
629
539
664
636
614
550
682
458
562
603
626
755
527
578
680
576
604
532
528
626
574
545
541
547
623
633
609
558
425
565
475
638
626
563
543
430
672
619
603
543
672
609
553
458
592
596
576
566
702
594
540
662
590
599
684
611
632
596
696
663
718
594
458
564
597
591
551
509
610
668
624
502
507
597
629
567
564
498
640
599
580
607
506
496
555
634
603
580
641
480
744
633
581
524
645
538
530
628
554
549
626
505
625
574
505
604
637
622
557
701
575
643
613
656
599
611
621
636
524
549
744
567
534
661
464
562
629
406
654
622
529
523
593
515
545
688
593
574
422
641
559
557
576
527
631
690
615
661
648
653
620
647
610
596
533
696
588
533
539
605
588
615
555
598
629
628
574
681
677
617
517
520
504
573
612
641
498
537
600
483
550
475
773
607
612
557
562
609
675
677
697
596
623
514
750
727
636
475
590
466
735
685
682
563
615
531
631
516
542
567
705
604
686
677
623
622
581
617
649
500
662
604
693
678
536
554
612
579
608
630
580
589
538
447
631
548
575
591
649
524
649
642
603
523
583
527
620
702
643
512
579
740
494
614
624
579
643
616
565
544
675
518
589
568
520
609
615
601
647
566
607
597
579
690
482
669
637
683
680
634
601
557
568
578
607
508
641
577
579
480
591
549
422
699
559
646
502
697
577
461
563
729
649
638
559
525
552
585
560
636
667
694
521
459
609
573
671
771
570
588
713
623
698
513
576
650
546
468
559
658
562
597
668
630
557
698
668
525
416
569
652
649
649
485
693
616
623
671
708
525
598
623
668
672
538
689
511
680
622
635
624
588
497
632
644
673
610
594
543
604
616
527
590
669
452
690
636
663
646
687
679
672
631
576
601
626
603
431
646
635
570
557
526
609
523
728
491
563
566
623
682
608
577
578
633
612
662
588
651
618
569
494
547
506
659
600
597
624
617
558
580
719
639
491
649
670
654
558
685
624
635
501
672
543
584
509
641
626
494
706
578
562
616
483
568
599
690
665
669
519
695
639
701
609
727
595
672
672
581
574
549
664
677
583
572
634
463
583
563
692
640
577
532
469
646
705
639
635
463
591
661
662
621
592
534
695
664
664
636
657
629
515
681
613
536
622
555
687
604
570
592
597
635
689
595
584
580
528
616
575
567
653
573
593
526
511
597
555
618
529
572
520
639
626
585
552
445
632
565
677
617
537
532
692
608
550
654
558
682
686
536
615
529
595
654
620
582
673
634
579
580
629
574
570
516
616
584
586
647
555
612
693
592
486
563
499
543
641
653
673
582
647
599
630
631
593
621
629
571
664
630
496
517
693
527
606
637
566
641
660
709
690
580
494
631
563
520
622
620
553
574
725
594
482
448
590
602
736
750
687
616
605
670
615
573
756
666
631
609
501
562
553
580
606
545
673
626
592
561
600
615
596
588
568
587
631
638
562
676
517
671
471
523
685
481
620
564
494
661
649
507
625
584
397
618
656
719
715
520
616
578
490
638
626
643
542
657
647
684
527
554
654
555
635
