413 580
523 379
454 632
306 466
601 431
446 492
619 449
464 465
676 675
580 531
559 619
425 594
400 449
573 386
489 431
480 276
358 444
574 486
500 555
430 523
436 362
469 546
527 499
691 533
578 679
396 417
639 436
502 586
571 640
620 586
438 564
525 394
613 565
504 481
404 516
537 434
593 412
330 583
468 490
433 372
600 445
633 565
475 413
441 403
667 513
592 399
514 594
473 582
413 391
530 470
551 342
557 708
498 503
514 351
534 372
466 599
441 540
581 522
390 473
657 338
478 456
510 560
629 478
565 540
538 455
420 412
439 526
561 526
456 644
622 472
434 510
601 527
545 483
537 624
481 511
520 523
387 350
418 513
544 458
610 489
502 484
511 556
553 428
622 412
506 478
416 494
441 506
532 618
525 451
469 511
507 617
612 471
456 295
456 422
472 531
514 498
516 490
516 242
478 491
473 483
556 452
676 555
499 483
493 427
492 522
546 546
478 387
446 629
572 530
439 500
400 456
480 471
577 387
431 390
401 510
372 560
480 506
526 465
583 484
548 484
523 522
520 422
535 474
550 328
383 529
649 567
445 365
559 494
547 509
502 737
500 487
490 453
579 472
551 523
598 534
403 394
613 451
394 446
601 386
431 447
400 405
379 463
472 445
368 600
394 522
414 553
576 430
346 556
650 533
513 566
561 434
447 549
488 605
444 560
527 490
594 554
420 551
610 490
480 446
499 555
435 392
470 390
542 466
360 472
485 536
488 649
459 495
492 477
511 543
607 374
459 464
575 471
348 507
497 514
417 638
474 485
428 426
402 469
423 665
349 410
468 554
467 554
421 505
640 423
534 517
320 453
590 511
403 555
462 529
530 411
563 419
396 429
472 509
438 560
520 444
571 593
492 483
358 467
477 520
487 520
623 458
461 395
499 578
360 447
503 568
531 526
482 539
581 363
558 492
458 305
390 636
445 413
463 440
510 621
453 512
408 622
515 413
572 596
513 369
643 525
594 456
468 509
589 511
399 521
630 505
510 399
388 449
474 508
513 628
505 585
497 616
350 452
579 486
575 531
576 549
554 619
579 580
502 453
447 560
305 395
423 480
289 601
548 659
585 582
680 454
380 481
434 479
416 545
541 498
525 489
560 506
479 574
601 607
421 457
364 481
533 489
654 468
413 545
512 544
524 520
330 442
453 472
464 533
548 409
555 547
537 387
535 507
577 643
627 509
500 551
411 384
462 598
474 620
277 373
490 571
494 492
490 359
593 445
587 494
585 527
491 518
382 500
637 605
421 540
520 565
508 481
606 517
600 578
474 487
654 515
439 404
578 513
437 554
513 367
547 607
705 503
519 629
513 522
450 388
573 398
591 437
521 470
594 524
657 413
533 504
522 628
547 408
543 467
462 584
452 470
503 576
547 481
478 407
439 448
488 659
446 476
336 548
374 427
583 332
508 564
622 426
450 644
498 441
443 422
465 587
571 406
517 468
563 487
530 487
325 504
398 560
446 452
499 546
486 631
632 637
481 381
598 467
503 550
372 630
570 528
571 545
509 475
441 523
529 587
516 432
374 490
498 492
378 586
586 434
564 576
503 424
629 530
480 562
630 460
555 655
411 456
452 487
483 524
434 450
524 512
570 533
562 409
469 648
531 560
522 534
482 786
468 497
306 589
456 495
458 489
477 497
496 488
487 605
571 571
441 601
591 456
622 445
353 588
490 578
440 399
599 387
375 346
276 417
326 497
321 412
687 528
504 370
480 504
372 510
595 472
484 337
388 585
447 426
445 495
407 510
391 562
415 606
499 432
573 390
456 500
490 339
426 513
394 601
540 459
482 649
575 530
387 630
584 488
456 485
404 462
561 355
475 509
508 406
405 587
402 581
461 586
466 407
569 499
616 571
482 464
502 515
429 567
468 466
457 518
445 511
721 496
465 367
504 411
470 512
362 513
524 396
469 354
626 526
486 487
591 492
526 621
472 413
434 614
507 460
578 580
462 422
374 356
479 429
649 505
345 613
513 556
555 524
542 519
411 529
582 483
544 534
645 480
477 491
492 318
449 524
499 436
447 472
436 459
457 572
581 575
534 443
577 475
502 607
507 520
387 539
422 581
485 321
471 482
539 554
474 581
247 443
411 400
577 566
438 594
508 466
445 438
538 552
519 336
524 545
446 503
351 402
474 475
528 405
473 461
542 614
638 375
496 411
495 534
507 496
619 558
478 502
570 549
466 358
405 512
357 488
464 580
395 345
466 551
586 427
538 411
440 545
557 420
538 351
484 409
435 398
544 544
445 530
521 490
673 433
501 469
470 513
476 431
510 595
575 516
441 515
587 595
529 471
484 562
555 359
553 557
429 439
439 446
387 525
437 494
460 520
419 520
531 566
657 333
526 443
346 567
607 469
517 495
535 570
528 528
601 487
574 434
629 559
468 331
500 405
524 616
513 486
527 523
311 519
550 479
578 490
561 682
492 345
473 362
549 605
556 526
448 626
560 523
516 509
536 451
622 512
548 465
530 317
411 497
394 695
367 528
632 539
475 456
554 436
490 555
475 507
476 422
595 611
475 479
486 543
428 493
521 551
278 532
528 581
458 459
596 375
630 704
538 565
381 444
585 529
485 519
541 477
498 497
416 526
644 639
382 546
554 467
423 394
464 528
487 451
400 528
585 426
536 350
447 558
411 452
613 441
432 546
656 481
561 608
526 478
430 386
589 514
607 579
451 405
533 449
530 442
431 489
575 525
594 401
415 493
673 554
415 494
518 455
549 487
476 601
363 423
435 432
442 539
588 573
418 491
536 519
604 446
513 469
520 414
426 442
455 624
594 483
514 372
486 513
592 526
535 524
522 388
467 615
566 540
505 553
424 374
469 543
509 581
528 504
606 591
492 412
427 487
471 633
366 495
415 509
531 468
542 484
486 467
552 511
626 602
544 327
381 579
462 519
450 541
577 403
435 367
519 367
471 542
665 529
600 521
525 483
469 594
530 527
451 472
665 495
606 458
564 523
468 552
377 546
563 522
605 495
488 528
569 546
482 420
553 437
435 448
505 436
409 447
485 536
505 414
518 526
464 436
436 457
677 429
521 443
460 444
564 530
490 540
559 432
544 443
567 559
532 483
458 479
562 445
504 360
521 417
395 541
517 465
476 682
484 484
552 507
579 522
561 535
552 497
518 478
548 392
558 580
559 492
540 438
567 412
547 543
533 464
561 353
562 515
584 516
647 425
549 429
490 559
550 666
472 603
480 444
370 513
458 568
458 462
528 638
413 581
570 482
554 477
690 491
506 474
365 479
519 620
539 485
505 526
470 555
630 471
597 570
543 509
527 483
647 443
591 624
474 593
512 505
494 371
544 615
444 568
493 413
580 635
436 517
385 497
539 640
625 631
458 480
367 443
384 529
444 412
472 405
525 523
475 442
393 544
518 537
475 483
615 452
475 560
524 336
365 447
573 554
542 550
422 548
426 576
459 523
350 392
587 555
403 603
413 502
462 426
593 635
514 622
478 509
511 407
540 557
486 365
529 379
435 511
438 520
482 370
513 547
581 471
495 380
657 620
497 490
266 583
545 565
468 462
401 562
600 590
515 474
416 444
537 477
631 592
452 403
456 585
458 544
455 527
542 579
615 605
458 488
406 481
502 468
460 583
573 532
398 516
469 605
356 455
453 463
577 312
483 568
578 456
446 528
512 506
196 410
431 551
385 416
488 397
551 469
647 450
454 564
448 621
539 476
487 728
539 512
489 583
379 486
273 457
568 611
548 551
363 446
618 458
489 436
425 462
447 577
517 582
389 598
502 647
496 381
603 489
328 512
518 586
213 592
462 654
363 544
533 466
438 470
472 400
579 413
582 357
486 487
499 577
484 463
484 578
404 418
343 662
407 349
435 451
617 463
523 357
517 368
475 439
505 551
393 409
515 555
613 462
381 515
436 426
613 549
442 499
493 513
468 348
422 457
502 413
515 469
439 398
536 534
564 544
550 531
359 478
385 610
499 602
418 493
521 474
515 619
417 289
628 437
590 552
483 530
409 507
548 438
470 525
606 500
466 488
593 449
476 449
484 517
583 330
544 429
547 599
580 513
567 425
495 622
437 516
470 484
532 478
500 460
354 515
535 611
489 388
440 543
493 522
472 650
638 425
573 524
501 431
630 593
383 611
497 452
422 576
532 430
435 469
459 542
530 449
367 393
570 420
509 359
532 654
394 544
522 573
490 522
515 546
433 515
565 593
540 409
376 533
419 568
477 581
670 495
491 581
585 636
516 449
501 450
519 431
572 556
511 502
484 605
595 512
431 406
523 449
538 469
562 517
580 321
482 677
300 567
533 603
486 595
597 516
407 573
422 489
576 587
472 550
377 462
618 607
554 489
568 498
513 507
438 558
414 562
423 442
273 488
515 566
605 381
579 463
494 492
464 429
522 565
399 498
450 588
539 621
376 583
513 442
539 625
628 566
421 525
527 599
487 501
448 553
483 515
462 504
414 513
452 556
648 568
410 471
371 501
358 404
588 569
378 464
537 531
370 521
451 596
484 529
491 553
439 553
597 647
627 457
546 565
547 560
534 456
517 568
537 412
430 467
484 513
422 564
351 542
541 552
255 392
472 513
493 435
623 563
493 785
483 540
519 731
674 542
523 620
625 594
509 592
665 619
488 657
430 699
619 513
657 603
576 584
665 514
639 564
616 427
642 616
604 592
660 416
655 689
668 698
623 580
764 547
575 509
652 668
727 599
536 631
503 660
652 561
624 557
605 610
629 565
600 634
499 668
680 630
569 604
434 669
591 637
630 523
605 591
764 442
695 650
692 654
691 557
673 605
753 780
713 564
611 607
732 613
471 690
402 524
526 651
770 634
535 627
656 574
669 609
559 578
637 563
578 603
675 487
525 730
702 528
708 647
474 750
569 624
574 611
541 693
504 613
539 562
585 643
532 589
732 463
660 634
581 567
555 644
606 702
618 596
683 690
577 503
667 651
614 512
643 520
545 652
549 602
654 716
551 598
722 537
668 607
639 612
476 643
507 600
617 737
642 594
525 554
568 767
498 609
727 576
529 487
549 551
742 550
529 733
634 488
542 630
554 446
684 630
514 661
495 530
586 600
550 710
760 624
670 616
644 505
607 724
624 553
720 650
642 548
630 602
548 699
530 554
693 616
636 738
686 696
698 508
459 519
547 583
586 621
448 605
491 611
682 595
596 647
717 613
573 566
761 633
706 651
673 580
608 596
571 831
705 703
465 546
667 469
631 626
520 563
497 691
496 699
459 703
675 489
631 671
583 515
484 607
505 623
721 747
523 614
522 620
590 675
532 609
663 605
599 615
621 618
570 495
627 668
564 599
646 605
725 484
556 587
560 596
562 552
642 707
548 584
609 681
446 565
615 546
600 664
593 467
567 629
636 523
680 646
618 538
703 421
552 603
632 795
509 573
701 569
605 514
509 632
567 530
525 533
629 641
612 547
380 556
443 647
632 554
528 386
691 624
604 528
691 611
541 421
590 595
570 558
729 592
524 678
588 599
706 614
641 595
720 679
748 593
421 554
596 588
539 486
613 686
631 476
483 597
637 558
555 472
651 599
575 609
482 469
544 643
604 575
652 449
781 642
576 504
657 522
512 636
543 536
633 480
631 567
481 605
646 627
546 728
569 653
617 670
598 613
626 645
505 536
781 558
517 676
429 552
637 356
667 628
511 504
591 493
530 710
592 567
376 651
548 546
570 508
639 713
619 676
661 667
625 659
612 595
516 721
585 516
523 607
584 618
543 598
636 636
567 702
697 622
496 499
480 566
615 651
471 521
600 453
537 442
818 609
615 546
552 611
694 697
721 595
629 492
789 760
645 443
587 432
769 706
703 554
619 513
639 495
528 558
732 604
708 696
629 627
577 621
661 474
677 605
717 698
520 542
616 574
610 637
574 587
523 408
639 534
568 588
662 504
662 653
604 504
579 509
625 728
654 490
574 776
466 617
631 574
655 620
556 530
694 497
586 560
500 611
619 602
659 557
609 596
574 713
451 687
646 704
701 643
601 546
560 572
608 484
651 571
574 450
589 536
377 724
548 658
477 722
571 426
553 762
662 648
548 506
540 581
549 645
684 719
501 423
611 566
690 815
562 585
742 628
723 491
569 662
532 435
549 673
552 596
685 638
546 724
686 506
369 561
665 662
662 456
717 620
629 689
736 506
598 629
685 691
522 712
488 700
628 644
630 585
471 640
655 692
612 593
529 605
620 509
588 687
414 714
645 679
658 710
700 691
639 569
601 633
603 388
657 644
562 546
508 611
503 761
463 554
557 628
703 610
571 572
641 615
678 585
664 623
561 466
533 482
675 600
596 630
622 548
575 750
649 463
662 688
668 547
707 630
644 476
690 528
580 486
651 633
467 734
572 553
621 452
560 599
713 682
687 499
720 650
727 611
759 594
690 690
576 568
536 681
696 579
565 643
427 579
553 716
650 571
515 436
658 732
648 644
428 589
676 678
626 590
518 720
681 681
645 672
636 494
702 616
519 628
544 709
605 563
589 596
643 712
594 580
575 509
621 569
558 666
566 591
507 488
596 543
623 511
565 499
649 633
581 539
405 641
556 697
622 521
515 715
610 537
668 547
703 708
519 619
510 594
668 626
578 692
642 573
575 636
567 562
495 620
580 582
660 543
615 716
589 457
554 473
528 651
666 692
577 659
599 637
639 591
626 636
563 681
638 470
496 717
508 608
647 558
652 676
737 714
575 467
638 553
499 628
625 540
568 757
593 451
409 587
603 771
789 709
621 607
688 619
566 796
683 639
611 476
552 541
575 608
531 692
633 589
551 600
618 595
585 560
583 639
647 552
696 496
689 438
503 707
451 626
555 467
677 661
483 631
580 345
622 670
749 744
500 620
572 461
648 632
654 527
672 659
706 508
542 668
544 644
519 457
675 516
796 666
649 600
545 503
708 563
617 589
607 528
645 706
649 549
570 683
649 693
643 714
556 700
497 661
631 742
817 563
491 656
711 721
502 478
690 642
652 574
711 500
467 593
641 650
553 584
427 672
527 751
668 587
608 528
586 662
628 587
715 629
434 605
622 464
485 565
490 710
643 641
531 589
514 773
590 646
691 412
530 667
644 563
591 542
633 494
674 602
614 566
558 636
497 680
578 626
555 655
612 624
716 559
493 458
634 499
595 557
471 496
667 666
654 590
541 573
486 498
600 741
810 665
512 662
687 739
537 501
627 547
680 643
623 732
644 595
647 677
586 617
703 613
525 595
693 623
635 584
650 693
674 491
698 563
564 618
423 570
652 605
424 667
483 582
473 658
607 523
705 566
550 575
669 553
613 638
585 558
660 633
474 561
525 660
458 608
635 619
692 552
662 620
554 584
609 571
484 493
688 598
613 627
502 711
723 481
513 611
698 516
753 613
648 486
561 564
465 597
579 693
734 582
648 778
670 660
673 678
636 639
636 560
567 639
763 545
659 426
559 736
670 539
464 596
609 633
635 672
673 655
578 565
514 615
649 629
549 497
457 488
726 456
554 690
464 501
592 669
571 632
594 584
637 509
660 771
436 660
585 526
638 525
592 538
456 500
624 711
737 600
531 629
597 720
563 594
656 705
497 479
722 779
663 540
647 772
639 588
654 612
626 649
786 696
565 503
590 604
505 574
586 525
755 586
640 556
585 556
619 609
556 640
588 725
456 552
612 515
684 615
585 557
525 737
628 631
527 637
703 690
727 643
507 648
780 560
638 497
583 606
648 756
591 730
755 654
708 522
640 737
572 487
456 544
649 554
541 650
506 570
530 642
724 600
583 670
727 659
624 675
755 765
525 556
674 545
585 667
537 464
614 590
596 613
643 843
790 590
577 623
643 471
532 487
573 663
624 610
499 515
566 580
626 502
515 562
745 701
633 477
642 710
508 684
664 651
545 592
721 621
512 521
487 509
612 613
730 558
617 601
602 685
640 585
608 675
559 598
729 430
544 756
534 608
780 578
657 497
642 626
733 522
748 526
490 686
662 690
606 577
667 451
780 661
678 488
649 630
644 639
615 663
503 596
653 763
587 544
667 618
616 646
722 662
646 538
539 502
564 580
702 718
599 640
486 565
613 680
508 663
512 467
617 592
446 600
702 504
579 538
594 554
636 627
544 709
603 460
627 682
633 613
646 546
591 772
596 626
586 585
445 632
584 590
560 551
723 687
558 684
713 655
555 726
507 644
511 663
580 707
684 737
544 593
546 591
695 552
725 541
607 556
520 554
469 685
540 572
462 672
557 474
708 595
664 653
635 620
550 549
664 678
686 679
549 630
477 655
490 610
551 620
639 814
500 619
629 630
459 467
582 612
589 638
487 591
638 652
459 593
534 396
526 615
589 478
541 594
494 646
592 735
532 543
617 661
545 691
632 641
571 552
571 647
614 603
608 516
484 565
581 617
636 566
571 736
726 840
635 519
614 670
741 561
509 659
447 642
715 642
686 617
707 471
588 602
649 477
674 531
581 438
542 553
670 563
670 527
566 595
664 598
608 661
499 705
638 619
643 746
600 614
479 594
620 539
741 743
534 586
541 611
640 677
575 546
669 560
513 633
580 623
647 592
526 558
662 504
525 689
716 737
563 583
659 597
563 629
629 614
435 701
456 662
631 527
567 455
568 667
498 459
581 694
642 717
695 415
635 613
554 513
622 647
670 615
570 628
574 517
572 564
548 595
425 584
511 600
563 449
628 501
490 692
715 672
537 567
574 746
598 635
612 504
628 621
542 590
566 705
545 464
613 706
584 647
429 531
605 565
628 821
538 596
537 537
656 735
574 517
503 570
638 574
688 723
604 544
584 553
647 669
776 613
676 597
613 626
685 471
679 490
675 512
666 631
479 533
676 523
609 688
665 670
662 521
565 547
506 538
570 647
561 672
588 591
408 504
663 662
527 711
664 652
676 726
510 688
613 590
613 537
684 533
713 635
717 737
605 687
596 616
567 557
645 552
661 728
635 680
648 658
593 584
656 535
689 590
724 636
497 635
755 559
703 604
578 573
548 625
641 603
517 610
695 697
578 684
498 680
603 645
702 712
676 680
482 678
520 559
640 435
692 519
603 578
722 555
602 498
583 549
570 567
489 547
561 427
681 665
576 539
593 615
690 643
562 618
528 504
638 590
742 625
390 540
645 578
585 498
565 515
573 553
563 745
592 526
672 670
608 695
548 658
723 549
617 537
486 665
370 555
683 478
550 521
553 543
