467 530
508 455
483 550
427 487
538 474
480 497
545 481
487 487
566 566
530 512
522 545
472 535
462 481
527 457
496 474
492 416
447 479
528 495
500 521
474 509
476 448
488 517
510 500
572 512
529 567
461 469
552 476
501 532
527 553
545 532
477 524
509 460
543 524
501 493
464 506
514 475
535 467
436 531
488 496
475 452
538 479
550 524
491 467
478 464
563 505
535 462
505 535
490 531
467 459
511 489
519 441
521 578
499 501
505 444
513 452
487 537
478 515
530 508
459 490
559 439
492 483
504 522
548 492
524 515
514 483
470 467
477 510
523 510
484 554
546 489
475 504
538 510
517 494
514 546
493 504
508 509
458 444
469 505
517 484
541 496
501 494
504 521
520 473
546 467
502 492
469 498
478 502
512 544
509 482
488 504
503 544
542 489
484 423
484 471
489 512
505 499
506 496
506 403
492 497
490 493
521 482
566 521
500 494
497 473
497 508
517 517
492 458
480 548
527 511
477 500
462 483
493 489
529 457
474 459
463 504
452 523
493 502
510 487
531 494
518 494
509 508
507 471
513 490
519 435
456 511
556 525
480 449
522 498
518 503
501 589
500 495
496 482
530 489
519 509
537 513
464 460
542 482
460 480
538 457
474 480
462 464
454 486
489 480
450 538
460 508
468 520
529 474
442 521
556 512
505 525
523 475
480 518
496 539
479 523
510 496
535 520
470 519
541 496
493 480
500 521
475 460
489 459
516 487
447 490
494 513
496 556
484 498
497 492
504 516
540 453
485 487
528 489
443 503
499 505
469 552
490 494
473 472
463 488
471 562
443 466
488 520
488 520
470 502
552 471
513 506
432 482
534 504
464 521
486 511
511 466
524 470
461 474
490 503
477 522
508 479
527 535
497 494
447 488
491 507
495 507
546 484
485 461
500 529
447 480
501 526
511 510
493 514
530 449
522 497
484 427
459 551
479 467
486 478
504 546
482 505
466 546
506 468
527 536
505 451
554 509
535 483
488 503
533 504
462 508
549 502
504 462
458 481
490 503
505 548
502 532
499 543
444 482
529 495
528 512
528 518
520 545
530 530
501 483
480 523
427 461
471 493
421 538
518 560
532 531
568 483
455 493
475 492
468 517
515 499
509 496
523 502
492 528
538 540
470 484
449 493
512 496
558 488
467 517
504 516
509 507
436 478
482 490
487 512
518 466
521 518
514 457
513 502
529 554
548 503
500 519
467 456
486 537
490 545
416 452
496 527
498 497
496 447
535 480
533 498
532 510
497 507
456 500
551 539
470 515
507 525
503 493
540 506
538 529
490 495
558 506
477 464
529 505
476 520
505 450
518 540
577 501
507 548
505 508
481 458
527 462
534 476
508 489
535 509
559 467
512 501
508 548
518 466
516 488
486 531
482 489
501 528
517 493
492 465
477 480
496 560
480 491
438 518
453 473
531 437
503 524
546 472
481 554
499 478
478 471
487 533
527 465
506 488
523 495
511 495
434 501
462 522
480 482
500 517
495 549
549 551
493 456
537 488
501 519
452 549
526 511
527 517
504 491
478 509
511 532
506 474
453 496
499 497
454 532
532 475
524 529
501 472
548 511
492 523
549 485
521 558
467 484
482 495
494 509
475 481
509 505
526 512
523 466
488 555
512 522
508 513
493 607
488 499
427 533
483 498
484 496
491 499
498 495
495 539
526 527
478 538
534 483
546 480
445 533
496 529
477 462
537 458
453 442
416 469
435 499
433 467
570 510
502 451
493 501
452 504
536 490
494 439
458 532
480 472
479 498
465 504
459 523
468 540
500 475
527 459
484 500
496 440
472 505
460 538
515 485
493 556
528 511
458 549
532 496
484 494
464 486
523 446
491 503
503 465
465 533
463 530
486 532
487 465
526 499
543 527
493 487
501 506
474 525
488 487
484 507
479 504
583 498
487 450
502 467
489 505
448 505
509 461
488 445
547 510
495 495
534 497
510 546
490 467
475 543
503 485
529 530
486 471
453 446
492 473
556 502
442 543
505 521
520 509
516 507
467 511
531 494
517 513
554 492
491 496
497 432
481 509
500 476
480 489
476 485
484 527
530 528
513 479
529 491
501 540
503 507
458 515
471 530
494 433
489 493
515 520
490 530
405 479
467 462
529 525
477 535
503 487
479 477
514 520
507 438
509 517
480 501
444 463
490 491
511 464
490 485
516 543
552 453
499 467
498 513
502 499
544 522
492 501
526 518
487 447
464 504
446 495
486 530
460 442
487 519
532 473
514 467
478 517
522 470
514 444
494 466
476 462
517 517
479 511
508 496
565 475
500 489
489 505
491 474
504 535
528 506
478 506
533 536
511 489
494 523
521 447
520 521
473 477
477 480
457 509
476 498
485 508
470 507
512 525
559 437
510 479
442 525
540 488
506 498
513 526
510 510
538 495
528 475
548 522
488 437
500 465
509 544
505 495
510 509
429 507
519 492
529 496
523 568
497 442
490 448
518 539
521 510
481 547
523 509
506 503
514 482
546 505
518 487
511 432
466 499
460 573
450 510
550 514
491 483
520 476
496 521
491 503
491 471
536 542
490 492
495 516
473 497
508 519
417 512
510 530
484 484
536 453
549 577
514 524
455 479
532 511
495 507
515 491
499 499
468 510
554 552
456 517
520 488
471 460
487 511
495 482
463 511
532 472
513 444
480 522
466 482
543 478
474 517
559 493
523 540
510 492
474 457
533 505
540 530
481 464
512 481
511 478
474 496
528 509
535 463
468 497
565 520
468 498
507 483
518 495
491 538
449 471
475 475
478 515
533 527
469 497
514 507
539 480
505 488
508 468
472 478
483 546
535 494
505 452
495 505
534 510
513 509
508 458
487 543
525 515
502 520
472 453
489 516
503 530
511 501
540 534
497 467
473 495
489 550
450 498
468 504
511 488
516 494
495 487
520 504
547 538
517 435
455 530
486 507
481 516
529 464
476 450
507 450
489 516
562 511
538 508
509 494
489 535
511 510
482 490
562 498
540 484
524 509
488 519
454 517
524 508
539 498
496 511
526 517
493 470
520 476
475 480
502 476
466 480
495 514
502 468
507 510
486 476
476 484
566 473
508 479
485 479
524 511
496 515
522 474
516 478
525 522
512 494
484 492
523 480
501 448
508 469
460 516
506 487
491 568
494 494
520 503
530 508
523 513
519 499
507 492
518 460
522 530
522 497
515 477
525 467
518 516
512 487
523 445
523 506
532 506
555 472
518 473
496 522
519 562
489 539
492 479
451 505
484 525
484 486
511 552
467 531
526 493
520 491
571 497
502 490
449 492
507 545
515 494
502 510
489 520
549 489
536 526
516 503
510 493
555 478
534 546
490 535
504 502
498 452
516 543
479 525
497 467
530 551
476 506
457 499
515 553
547 549
484 493
450 479
456 511
479 467
489 464
509 509
491 478
460 517
507 514
491 493
543 482
491 522
509 439
449 480
527 520
516 519
471 518
472 528
485 508
444 460
533 521
463 539
467 501
486 472
535 551
505 546
492 503
504 465
515 521
495 449
511 455
476 504
477 508
493 451
505 518
530 489
498 455
559 545
499 496
412 531
517 524
488 486
463 523
538 534
506 490
468 479
514 491
549 535
482 464
484 532
484 516
483 510
516 530
543 539
484 496
465 493
501 488
485 531
527 512
462 506
488 539
446 483
482 486
529 429
494 526
529 484
480 510
505 502
386 466
474 519
457 469
495 461
519 488
555 481
483 524
480 545
514 491
495 586
515 505
496 531
454 495
415 484
525 541
518 519
449 480
544 484
496 476
472 486
480 529
506 531
458 537
501 555
498 455
539 496
435 504
507 532
392 534
486 558
448 516
512 487
477 489
490 462
530 467
531 446
495 495
500 529
494 486
494 529
464 469
441 561
465 443
476 482
544 486
509 446
506 451
491 477
502 519
460 466
506 521
543 486
455 506
476 472
542 519
478 499
497 505
488 443
471 484
501 468
506 489
477 462
513 513
524 516
519 511
447 492
457 541
500 538
469 497
508 490
506 544
469 421
548 476
534 520
493 511
466 503
518 477
489 509
540 500
487 496
535 481
491 481
494 506
531 436
517 473
518 537
530 505
525 472
498 546
476 506
489 494
512 492
500 485
445 506
513 541
496 458
477 516
497 508
489 556
552 472
527 509
500 474
549 535
456 542
499 482
471 528
512 474
476 488
485 516
511 481
450 460
526 470
503 447
512 558
460 516
508 528
496 508
505 517
475 506
524 535
515 466
453 512
470 525
491 530
564 498
497 530
532 551
506 481
500 481
507 474
527 521
504 501
494 539
536 504
474 465
509 481
514 488
523 506
530 433
493 567
425 525
513 539
495 536
537 506
465 527
471 496
528 533
490 519
454 486
544 540
520 496
525 499
505 503
477 522
468 523
471 478
415 495
506 525
539 455
530 486
498 497
487 473
508 524
462 499
481 533
515 545
454 531
505 478
515 547
548 525
470 509
510 537
495 500
480 520
494 506
486 501
468 505
482 521
555 525
466 489
452 500
447 464
533 526
454 487
514 512
451 508
482 536
494 511
497 520
477 520
536 555
548 484
517 524
518 523
513 484
506 525
514 467
474 488
494 505
471 524
444 516
515 519
408 460
489 505
498 476
609 586
560 670
556 578
569 649
628 578
571 608
609 598
566 597
624 607
558 621
536 637
607 567
622 601
591 594
624 568
615 586
606 535
616 606
602 597
623 531
621 633
626 637
608 593
661 580
591 566
619 625
648 600
576 612
564 623
620 585
609 584
602 604
611 587
600 613
562 626
630 611
588 602
538 626
597 614
611 571
602 597
662 541
636 619
635 620
634 584
627 602
657 667
642 587
604 603
650 605
552 634
526 572
572 619
664 613
576 610
621 590
626 604
585 592
614 586
592 601
628 558
572 649
638 573
641 618
553 656
589 609
590 604
578 635
564 605
577 586
595 616
575 596
649 549
622 613
593 588
583 617
602 638
607 599
631 634
591 564
625 619
605 567
616 570
579 619
581 601
620 643
582 599
646 576
626 603
615 604
553 616
565 600
606 651
616 598
572 583
588 662
562 603
647 591
573 558
581 581
653 581
573 650
613 558
578 611
583 542
632 611
568 623
561 574
595 600
581 641
660 609
626 606
617 565
603 646
609 582
645 619
616 581
611 601
581 637
574 583
635 606
613 652
632 636
637 565
547 570
580 593
595 608
543 602
559 604
631 598
599 618
644 605
590 587
660 612
640 619
627 592
603 598
589 687
639 639
549 580
625 551
612 610
570 586
561 634
561 637
547 638
628 558
612 627
593 568
556 603
564 609
645 655
571 605
571 608
596 628
575 604
624 602
600 605
608 607
589 561
610 625
587 600
617 602
647 557
583 595
585 599
586 582
616 640
580 594
604 630
542 587
606 580
600 624
597 550
587 611
614 571
630 617
607 577
639 533
582 601
612 673
566 590
638 588
602 568
566 612
588 574
572 575
611 615
604 580
517 583
541 618
612 583
573 520
634 609
601 573
634 604
578 533
596 598
589 584
648 597
571 629
595 599
640 605
615 598
645 630
656 597
533 583
598 596
577 557
605 632
612 554
556 599
614 584
583 552
619 600
591 603
556 551
579 616
602 591
619 543
668 616
591 564
621 571
567 613
579 576
612 555
612 588
555 602
617 610
580 648
588 620
606 626
599 605
610 617
564 576
668 584
569 629
536 582
614 509
625 610
567 564
597 560
574 641
597 588
516 619
581 580
589 565
615 642
607 629
623 625
610 622
605 598
568 645
594 569
571 603
594 607
579 599
614 613
588 638
636 608
561 562
555 587
606 619
552 570
600 545
576 541
682 603
606 580
582 604
635 636
646 598
611 560
671 660
617 541
595 537
663 640
639 583
607 567
615 561
573 584
649 602
640 636
611 610
591 608
623 553
629 602
644 637
570 578
606 590
604 614
590 595
571 528
615 575
588 596
623 564
623 620
602 564
592 566
609 648
620 559
590 666
550 606
611 590
620 607
584 574
635 561
595 585
563 604
607 601
622 584
603 598
590 642
544 633
617 639
638 616
600 580
585 590
603 557
619 589
590 544
596 576
516 647
580 622
554 646
589 535
582 661
623 618
580 565
577 593
581 617
632 644
563 534
604 587
634 681
586 594
653 611
646 559
588 623
575 538
581 628
582 599
632 614
580 646
632 565
513 585
624 623
623 546
644 608
611 633
651 565
599 611
632 634
571 642
558 638
610 616
611 594
551 615
621 635
605 597
573 602
608 566
595 632
530 643
617 629
622 641
637 634
615 589
601 612
601 520
622 616
586 580
565 604
564 660
549 583
584 611
638 604
589 590
615 606
629 594
624 609
586 550
575 556
628 600
599 611
608 580
591 656
618 549
623 633
626 580
640 611
617 553
634 573
592 557
619 612
550 650
589 582
608 545
585 600
643 631
633 562
645 619
647 604
660 598
634 634
591 588
576 630
636 592
587 616
535 592
582 644
619 589
568 538
622 650
618 616
536 596
629 629
610 596
569 645
630 630
617 627
614 560
638 606
570 611
579 641
602 586
596 598
616 642
598 593
591 566
608 588
584 625
587 597
565 558
598 579
608 567
587 562
618 612
593 577
527 615
584 636
608 570
568 643
604 576
625 580
639 641
570 607
566 598
625 610
592 634
616 590
591 614
588 586
561 607
593 593
622 579
606 644
596 546
583 552
573 619
625 634
591 622
600 614
615 597
610 614
586 630
614 551
561 644
566 603
618 584
619 628
651 643
591 550
614 583
562 610
610 578
588 659
597 544
528 595
601 664
671 641
608 603
633 607
587 673
631 615
604 553
582 578
590 603
574 634
612 596
582 600
607 598
594 585
594 615
618 582
636 561
633 539
564 640
544 610
583 550
629 623
556 612
592 504
608 626
656 654
562 607
590 548
618 612
620 572
627 622
640 565
578 626
579 617
570 546
628 568
673 625
618 600
579 564
640 586
606 596
603 573
617 640
618 581
589 631
618 635
616 643
584 637
562 623
612 653
682 586
559 621
642 646
563 554
634 616
619 590
642 563
550 597
615 619
582 594
535 627
573 656
625 595
603 573
595 623
611 595
643 611
538 602
608 549
557 587
559 641
616 615
574 596
568 665
596 617
634 530
574 625
616 586
596 578
612 560
628 601
605 587
584 613
561 630
592 610
583 621
604 609
643 585
560 547
613 562
598 584
551 561
625 625
620 596
578 590
557 562
600 653
679 624
567 623
632 652
577 563
610 580
630 616
609 649
616 598
618 629
595 607
638 605
572 598
635 609
613 594
619 635
628 559
637 586
587 607
534 589
619 602
534 625
556 593
552 622
603 571
639 587
581 591
626 582
605 614
595 584
622 612
553 585
572 622
547 603
613 607
635 582
623 607
583 594
603 589
557 560
633 599
605 610
563 642
646 555
567 604
637 568
657 605
618 557
585 586
549 599
592 635
650 593
618 667
626 622
627 629
614 615
613 585
587 615
661 580
622 535
585 651
626 577
549 599
603 612
613 627
627 621
592 587
568 605
618 611
581 562
546 558
647 546
583 634
549 563
597 626
589 612
598 594
614 566
623 664
538 623
594 572
614 572
597 577
546 562
609 642
651 600
574 611
599 645
586 598
621 639
561 555
646 667
624 577
618 664
615 595
620 605
610 618
670 636
587 564
596 601
564 590
595 572
658 595
615 583
594 584
607 603
583 615
595 647
546 582
604 568
631 606
594 584
572 651
611 612
572 614
639 634
648 616
565 618
668 585
614 561
593 602
618 658
597 649
658 620
641 571
615 652
590 558
546 579
618 583
578 619
565 589
574 616
646 600
594 626
647 622
609 628
658 662
572 583
628 579
594 625
576 549
605 596
599 605
616 691
671 596
591 609
616 552
575 558
590 624
609 604
562 568
587 592
610 563
568 586
654 638
612 554
616 641
565 632
624 619
579 597
645 608
567 570
558 566
604 605
649 584
607 600
601 632
615 594
603 628
585 599
648 536
579 659
575 603
668 592
621 561
616 610
650 571
655 572
559 632
623 634
602 591
625 544
668 623
629 558
619 611
616 615
606 624
563 598
620 661
595 579
625 607
606 617
646 623
617 577
577 563
586 593
638 644
599 615
557 587
605 630
566 623
567 550
606 597
542 600
638 564
592 577
598 583
614 610
579 641
601 547
610 631
612 605
617 580
597 664
599 610
595 595
542 612
594 596
585 582
646 633
584 631
642 620
583 647
565 617
566 624
593 640
631 651
579 597
580 597
636 582
647 578
603 584
570 583
551 632
578 590
548 627
584 553
640 598
624 620
613 608
581 581
624 629
632 630
581 611
554 621
559 604
582 607
615 680
562 607
611 611
547 550
593 604
596 614
558 597
614 620
547 597
575 523
572 606
596 554
578 598
560 617
597 651
575 579
606 623
579 634
612 616
589 582
589 618
605 601
603 568
556 587
593 607
614 587
589 651
647 690
613 570
605 626
653 585
566 622
543 616
643 616
632 607
640 551
596 601
619 554
628 574
593 539
578 582
626 586
626 573
587 598
624 599
603 623
562 639
614 607
616 655
600 605
555 598
608 577
653 654
575 595
578 604
615 629
591 580
626 585
567 612
593 609
618 597
572 584
623 564
572 634
643 652
586 594
622 599
586 611
611 605
538 638
546 623
612 572
588 546
588 625
562 547
593 635
616 644
636 531
613 605
583 567
608 618
626 606
589 610
590 569
589 587
580 598
535 594
566 600
586 543
611 563
559 634
643 627
576 588
590 655
599 613
605 564
610 608
578 596
587 639
579 549
605 640
594 618
536 574
602 587
611 683
577 599
576 576
621 651
590 569
564 589
614 590
633 646
602 579
594 582
618 626
666 605
629 599
605 610
632 551
630 559
628 567
625 611
555 575
628 571
603 633
624 626
623 570
587 580
565 577
589 618
585 627
596 597
528 564
624 623
573 642
624 619
628 647
566 633
605 596
605 576
632 575
642 613
644 651
602 633
599 606
588 584
617 582
623 648
613 630
618 622
597 594
621 576
633 596
646 614
561 613
658 585
639 601
592 590
580 609
615 601
569 604
636 637
592 632
562 630
601 617
638 642
629 630
556 629
570 584
615 538
634 569
601 592
646 583
601 562
594 581
589 588
558 580
585 535
630 624
591 577
597 606
634 616
586 607
573 564
614 596
653 610
521 578
617 592
594 562
587 568
590 582
586 654
597 572
627 626
603 636
580 622
646 581
606 576
557 624
514 583
631 554
581 570
583 579
